2479 - 2154 2276 - 6639 9054 9241 9838 - 7926 - 2343 4737 - 
1992 - 
440 6036 - 9748 - 1247 - 
5854 8827 - 606 5993 - 1798 5892 7993 8964 - 
7203 - 2787 - 2451 - 
1260 - 7309 - 6376 - 1091 - 
1542 - 3113 3403 - 606 - 5242 - 
765 - 4049 4956 7713 - 4023 - 765 1285 8259 - 
8778 9033 - 1705 1845 - 6289 6908 7865 - 4865 - 
149 3533 - 1317 4167 6325 - 6487 - 1255 1491 - 2870 9125 - 3812 7950 - 
7637 7771 - 9708 - 3875 - 7963 - 
5210 - 
2500 - 
3404 - 5098 - 
1274 4652 6048 7832 8051 9373 - 765 6075 7213 7771 - 124 367 1956 5826 6556 7851 8595 - 2053 5510 5735 7774 - 1184 1500 3113 3541 7093 8769 9928 - 298 611 1891 2017 2715 6771 - 
5577 5612 8526 - 8210 - 
3297 - 8497 - 1861 6052 - 
6055 7612 - 2055 8283 - 4565 5060 - 
3096 3235 4632 5869 8708 - 3023 5783 6318 6421 - 6116 8099 8722 9393 - 494 4581 6752 6901 - 5852 7642 8148 8900 - 140 1905 4144 4464 4664 - 
7616 8445 - 327 - 959 1852 - 
5029 5550 - 5553 9124 - 7832 8034 - 3315 4565 - 
753 1274 7615 8518 - 2051 8444 - 2250 4804 7879 8665 - 
6558 - 3278 - 1788 - 8902 - 
312 4650 5869 5872 6711 - 4474 5193 5783 - 1917 3629 6116 7960 9542 - 
148 4392 - 
689 4035 8663 - 1859 9387 - 3708 5886 6654 9845 - 1974 4957 6714 - 1186 2177 7924 - 3811 6718 9731 9780 - 1710 4177 6190 7960 - 767 876 9180 - 
2217 6150 6201 - 492 1483 7545 7988 - 7211 7835 8185 8789 - 764 893 3400 5471 6061 - 
647 2063 - 3342 8566 - 7187 - 767 - 
617 1146 9118 9517 - 3945 5510 8204 9387 - 1258 3825 7396 7991 9928 - 8 1504 1714 2410 6771 - 381 7960 - 
6365 - 4688 - 
6943 8822 - 4548 - 3691 5432 6633 - 3592 6481 - 
8796 - 7067 - 1051 - 3973 - 3812 9296 - 5945 - 
764 3331 5899 - 2375 8785 9293 - 715 1779 2756 3143 - 
4049 5329 6186 - 765 3386 5937 9983 - 3342 5577 5945 6034 8055 9075 - 1279 3927 5759 - 3022 9674 - 765 2155 6376 7759 - 
3473 5357 6944 - 33 2341 9023 - 2547 - 1367 8724 - 
6529 - 7927 - 
9827 - 
54 666 3428 3592 9841 - 449 5535 6674 8911 - 647 1040 9195 9752 - 173 1767 3923 5591 6712 8682 - 4669 4838 5710 6305 7379 8303 - 864 1092 1731 2573 5805 9257 - 
5089 8258 9238 - 5598 7227 - 1464 - 3125 4274 5689 - 8269 - 2634 5728 - 8685 - 1638 - 
5885 - 
281 1190 6775 - 6337 - 4252 - 
5649 - 1386 - 7786 - 6919 - 4905 - 3023 6318 - 
1829 7721 - 3927 - 
1060 - 5724 9114 - 7455 - 240 3994 - 827 - 
2439 2991 5193 6256 6698 8279 9936 - 2712 3122 5280 - 1018 1759 4085 5171 6534 - 45 381 3342 5066 6640 8774 - 
1011 - 
8259 - 1779 - 2155 7987 - 5563 - 4488 7804 - 8763 - 
3872 6045 - 2447 7708 8457 8682 - 5052 8314 - 2683 4642 - 
514 3789 6495 - 6293 9128 - 3292 3790 4800 5216 6244 - 4098 4213 7379 8492 - 
4419 - 7101 - 7524 - 7516 - 
145 5199 6063 6962 - 91 4049 8440 8698 - 1991 8096 9556 - 188 738 3551 3927 4282 6503 - 9018 - 3195 6317 7093 7962 - 276 3559 5249 - 
78 302 - 8148 - 5464 - 8 1898 - 3567 4671 5199 - 3076 - 
2535 7146 - 5500 7594 9589 - 5031 - 674 4929 7980 - 3077 3338 5261 5284 - 647 3781 - 
1767 2991 9841 - 1199 - 2123 2573 8068 8567 - 7832 - 1334 - 986 - 1759 5329 - 4438 8278 - 5748 6086 7879 - 
253 3889 4751 9575 - 1006 2938 4777 6784 - 1355 4066 5907 9257 - 1725 8507 9845 - 
5427 - 5 2979 8074 9562 - 1038 4905 - 
318 502 1709 2254 6990 - 2396 3691 5813 7802 7984 8372 - 1630 1813 2190 8278 8825 9556 - 2429 2704 3188 6754 7827 9300 - 
2406 5967 - 
7389 9657 - 1387 - 2991 6225 - 2636 7938 - 1097 4537 - 
44 9863 - 2233 8512 9184 - 2769 5502 7309 7867 - 767 - 1339 1746 8990 - 2051 3718 4333 - 
1367 3064 7804 - 5278 9822 - 1274 6657 8249 - 8694 9928 - 
1692 3433 4135 8540 - 244 5877 7124 7145 - 2769 4464 - 899 2019 3099 3922 6286 - 430 1500 5402 7715 - 1223 1428 2997 5964 8578 - 624 1629 5889 7826 8314 - 751 872 6179 - 1733 6034 6355 7909 8107 9867 - 1338 2481 4654 6018 - 
9363 - 3045 - 447 710 - 
551 7615 - 8329 - 1317 4552 6325 7920 - 
1724 7031 7537 7594 - 2928 5693 6195 - 962 1620 2980 4555 - 1537 4588 5697 6032 8785 - 510 7510 9488 - 469 3879 5322 9532 - 1404 6106 6640 - 
827 1255 2967 5650 6147 6711 - 3010 3467 4115 4246 8760 - 341 6734 7613 7635 - 4135 4459 6643 - 2132 2485 3629 4876 6353 7396 7411 9542 - 
5612 5835 8723 - 1067 2963 3026 5800 - 1820 8887 - 467 4432 - 
7080 - 3300 - 5461 - 3771 9463 - 
198 2988 3134 9119 - 4533 - 3577 9614 - 1669 - 
3331 3608 - 2731 5261 5619 6879 - 2292 4922 - 1312 7090 - 414 6084 7698 - 
2963 8285 8618 - 5308 5479 9122 - 1065 4897 7227 - 127 2272 2712 7572 9300 - 619 1274 2218 6914 - 2065 4085 4594 5803 - 45 138 735 2393 4197 - 
1304 - 3093 - 7194 - 
6826 - 5903 - 6668 - 
5162 - 3627 - 2654 - 
6962 - 
3045 9448 - 1981 3726 - 229 6945 - 3398 5321 - 
4784 7515 - 7876 8764 - 
75 7705 - 744 3572 - 70 1339 5096 - 5270 7992 - 6861 8544 9705 9978 - 
6228 8341 - 1334 6131 - 3351 5893 - 
3212 7101 - 6495 7455 - 2998 7227 7708 - 4922 5110 7375 - 8905 9229 - 4372 - 3279 4654 7101 7455 - 272 1537 2375 8274 - 7958 8578 8852 - 
9693 - 4098 - 9463 - 8837 - 298 - 3390 4136 - 
6771 8273 - 1312 2031 - 414 7622 - 
684 1279 1397 3986 - 593 2264 6119 - 
1535 1792 3186 4953 9728 - 1831 1917 3851 4497 5641 - 2774 4386 7548 7823 8375 8665 - 5928 6150 7671 - 
6758 - 7194 8436 - 1338 3279 5605 - 1345 6725 - 
1880 - 3661 - 
473 - 2998 9234 - 2880 4922 7375 7930 - 1973 4626 8905 - 1844 - 
4328 7192 9287 9623 9838 - 6761 7926 9193 9627 - 27 2395 3204 4534 6840 - 
378 7845 9630 - 1998 3868 - 4908 6725 8169 - 7440 - 583 9448 9527 - 1816 - 625 6919 - 
845 1979 7598 - 212 - 155 4961 - 966 7528 - 1276 9630 - 3022 3341 6924 - 116 8314 - 8196 8982 - 
2421 - 7031 - 6802 - 
294 3934 9913 - 
554 1888 3298 - 3226 3826 - 962 - 7189 9532 - 549 6640 - 
207 6315 - 606 4737 8447 8595 9461 - 2164 3691 6960 - 1491 2052 3613 4895 - 265 2424 5787 - 
6011 - 4905 - 
1337 - 8982 - 3441 - 
874 4588 5364 9008 9662 - 3134 9119 9364 9934 - 3984 4533 8404 9752 - 3220 3577 6499 8285 9548 9889 - 1767 2154 4001 5271 - 3279 4901 8025 - 1877 9695 - 70 1504 4630 6919 7220 - 
2766 5826 - 6886 9153 - 
9511 - 
2967 6147 - 
3134 7136 9119 - 4533 5311 5888 - 2181 3577 6225 - 
9000 - 5422 - 3788 - 
4734 - 3066 - 4463 - 1828 - 
6743 - 1859 2071 - 3708 6654 - 1294 6718 - 
8788 - 872 - 6679 - 
7203 7696 - 139 4423 - 1563 6195 9448 - 2980 4181 4786 - 229 4469 7510 8254 - 2 2451 2674 3665 - 2424 6106 - 3355 5688 6216 6241 7392 7827 - 
1146 3338 9517 - 304 6376 8440 - 1609 1991 - 738 3551 - 
6782 8279 - 1018 5171 - 
8486 - 5724 - 
9431 - 1806 6795 - 1504 8393 9852 - 6474 - 
8274 8289 8467 - 3592 3835 7986 - 2370 6674 8292 - 4669 6524 7183 7214 - 8755 - 1092 1731 1880 7192 8902 - 
1194 3311 3606 4626 5877 6111 - 957 2766 3188 4296 5373 5441 7721 8071 8108 8351 - 950 4801 7146 7170 7560 9836 - 827 4876 5253 6899 7002 7098 7683 9613 9668 - 91 1234 1918 1930 5380 7379 7823 - 
606 7145 - 5366 - 7472 - 
4024 6178 6516 6531 - 5511 - 269 1274 5350 - 1023 3522 5825 - 397 3889 4751 - 6742 6883 7406 8534 - 
3143 6961 7721 8685 - 612 1145 2762 - 1868 5088 - 7379 - 1630 8944 - 
4900 9195 - 
198 2988 6540 6776 6991 - 1801 5559 6356 7455 7534 8015 9044 - 7774 9229 9614 - 1920 4372 5562 - 1669 2361 5437 5478 - 
645 6626 9338 - 1146 4366 - 476 727 8982 - 
3212 4734 8498 - 1146 1574 3039 3278 4366 - 163 5343 - 2847 3066 9614 - 2890 4463 - 1828 2634 5728 6512 - 
8384 - 
173 1453 3667 - 3491 8911 - 1970 5098 - 
6365 - 4688 - 5309 - 5993 - 7993 - 
2077 2132 3364 6796 - 651 1743 7189 - 3916 6261 6858 7210 - 
7597 - 2800 6344 - 269 - 3835 4865 5420 6847 - 
5483 - 1861 - 6195 - 1526 - 4781 5436 - 
881 2117 - 5 8074 - 
397 3990 7618 - 5622 - 4235 - 
3337 8379 9921 - 5241 7982 8351 9559 9572 - 3045 5311 - 3386 5354 - 6516 - 5079 7121 7457 - 1452 2137 2985 4160 4177 - 173 5479 7099 9522 - 7167 - 9363 9916 - 966 4971 8444 9034 - 1481 8397 8816 - 5883 6742 - 
9128 - 2868 6144 - 5271 - 4861 - 1333 - 
4636 8723 9023 9889 - 5800 6399 9637 - 5177 8887 - 8479 - 3772 4035 4432 - 
4669 - 1092 1731 - 3706 - 
5098 - 
681 1127 - 2487 - 6186 6564 8773 - 9407 - 8790 - 6001 7170 - 
1954 8381 - 2594 - 
1692 2462 3433 6646 - 3695 7295 9006 - 1504 7124 8356 - 
1898 - 9548 - 
8727 - 1792 6512 9250 - 7774 8669 - 228 8489 - 1566 8822 - 
466 4256 - 4093 9287 - 234 1663 - 1187 4375 9843 - 2232 9987 - 
2683 8069 - 2871 7805 8947 - 3613 5319 - 2726 8356 - 1665 3023 6318 7868 8485 - 4096 4734 - 7099 8929 - 
244 3466 5851 - 3345 3586 5158 5998 6261 6933 7616 - 2494 3266 3763 3794 5661 6495 6695 8293 - 
1964 2267 9008 - 2580 5093 - 127 3139 4081 - 1687 2481 6018 6376 7759 - 1092 4652 7009 - 4517 4650 5193 - 
440 - 161 - 
267 1523 6662 - 1724 1767 8696 - 3022 9790 - 3812 9841 - 1334 2109 6822 7379 - 1879 2735 7926 8731 - 3639 4145 5380 - 
448 2123 4167 8567 - 3293 7879 - 8285 - 313 906 1268 6225 - 3130 7435 9195 - 3066 - 3039 6488 - 
1822 2429 - 4549 4999 7980 - 6040 - 1257 7077 7472 - 
7101 - 2998 - 4922 6662 7375 - 3845 4177 8905 - 8274 - 
1798 4066 5907 8964 - 4920 - 7905 - 237 1587 4579 9084 9739 - 1269 3878 7406 7894 - 
1993 7891 9409 - 1860 4036 4506 - 5094 7524 8356 - 
2921 - 
7876 8764 - 
5729 7448 - 
885 - 1490 4525 - 2991 3697 3707 9627 - 121 3457 - 968 - 7646 - 
3889 4751 9532 - 2276 4688 8518 9118 - 7612 - 510 1725 - 
2217 5085 6779 9841 - 5563 7966 7988 - 1798 3889 7211 8964 - 3257 4751 5724 7361 - 5817 8373 9651 9739 - 
492 1772 5100 6943 9693 - 3304 6225 - 6763 6818 - 5661 8148 9623 - 
2660 2921 6980 9815 - 538 2580 3279 4146 9943 - 2271 5034 7991 - 540 2880 7560 9073 - 
4956 5013 5311 - 1185 5550 5568 - 1452 2137 4160 9124 - 426 3606 7832 - 1685 4565 5623 7167 - 646 681 1983 2475 - 2729 8937 - 
3873 5182 8722 9727 - 893 1529 3406 4848 - 2999 3592 4394 5387 6099 6412 - 5241 5876 8379 9572 - 1153 2985 3951 5241 5544 9572 - 
8486 - 646 3555 - 5724 - 
2873 - 5382 - 8042 - 8389 - 950 6650 - 
8969 - 9044 - 6512 - 7905 - 
1824 - 4902 - 3430 7302 - 4660 - 381 - 617 - 5174 - 
1367 2479 2648 - 327 5380 8176 - 3720 4494 - 
7845 - 5995 - 4033 - 117 1350 3736 - 5735 - 
4920 8457 - 4202 4991 7134 9082 9852 - 237 5694 7832 - 2859 3921 - 170 2975 3134 - 
3407 - 5375 5850 9761 - 7953 - 4728 - 
7713 - 2485 6353 - 
9160 - 
2301 2635 8073 8727 - 886 6512 9313 - 440 6036 8669 - 8489 9748 - 1247 - 
6352 - 70 - 2686 2873 8003 - 
2287 4024 6531 - 4429 7342 - 1452 2137 4160 - 
3039 3956 - 686 7298 - 5375 5811 5850 9761 - 3694 7953 8678 - 4728 - 2236 9177 - 
7858 - 2339 7109 - 4068 - 3335 - 6822 9840 - 
267 3004 - 4112 7736 - 3022 8285 - 
4377 - 645 - 3450 - 
645 1829 2155 9338 - 1542 4349 8375 - 476 3113 3403 3927 - 
1868 7892 - 4549 9799 9841 - 2175 2573 6665 - 
3928 5905 - 1015 - 5261 5619 - 7392 - 265 7890 8328 - 3309 - 4169 9799 - 3928 6225 7742 - 
1993 - 8102 - 2324 - 
2676 - 135 5212 - 5807 - 
5354 7124 7768 8035 - 3935 7199 - 1274 1710 8649 9916 9966 - 874 4340 5050 - 1563 4971 8444 - 1481 2125 3329 5959 - 
6342 - 414 - 6272 - 
5252 6879 8372 9082 - 617 4693 - 2155 6549 9532 - 3027 3466 3652 - 866 5946 - 625 4920 9641 - 1526 2864 5889 - 3718 7995 9921 - 
5780 7031 - 
1622 - 8595 - 746 - 7726 - 6516 - 
5779 6270 9654 - 7179 - 
4294 5402 - 1703 - 8595 - 3257 6032 - 1092 1731 9799 - 1922 3483 - 4319 5693 - 
492 4843 4956 9185 - 5041 8185 8796 - 1185 5568 7012 9740 9757 9912 - 3046 3288 6673 - 5471 5680 8696 9288 9775 - 1092 1451 4652 5903 - 
8685 - 
397 2249 6677 - 
37 5236 - 265 - 
7832 8475 8760 - 1184 1490 4963 8884 - 1130 - 2564 6531 7167 - 4594 6758 7820 - 
5252 5650 6879 9082 - 4246 8760 - 341 4013 - 440 6491 - 3278 4976 9532 - 2485 6353 - 161 3718 4047 8829 9030 - 411 8269 8515 - 
2210 - 299 1624 - 
2868 3278 3572 6144 - 617 2017 5096 - 7886 7992 8638 - 2004 2502 - 6861 8544 8911 9886 - 
6512 - 814 - 
2559 2618 - 6421 7796 - 4749 - 5552 - 
6822 7890 8328 9330 - 4953 9658 - 4858 - 2470 4278 - 
613 1943 2956 3612 4669 - 235 5285 6992 7637 7652 - 1313 1491 2880 3013 3356 6278 7930 - 3270 5505 5744 8061 9402 - 679 2020 2315 3063 3154 4144 5550 8120 - 
170 212 684 1397 7306 - 2264 - 2117 7804 - 
655 4001 5587 - 835 1249 4156 5280 - 510 7653 9214 - 5407 6559 - 2890 5695 7265 8984 - 
9033 - 1529 - 3706 - 
467 - 2660 - 4090 - 
5375 9364 - 9548 9975 - 6660 9624 - 6816 - 1032 1824 - 3162 9393 - 8471 - 34 4630 - 
37 2125 5089 5236 6059 7713 9195 - 194 3201 3923 4068 4426 6556 6901 9023 9452 - 763 1223 1428 2908 4838 5261 - 265 743 3973 7861 8445 - 1323 1859 3497 3697 3778 4023 5743 7194 7915 9845 - 
1402 2766 9954 - 950 6201 7146 - 5562 - 
771 861 4135 7849 8687 - 1805 8130 - 2042 2276 5638 6075 7331 - 2841 4140 - 176 890 2696 4323 4975 8988 - 666 2675 8694 9873 - 299 6582 8491 - 
4450 5410 - 3828 5319 - 3012 5638 7093 7872 - 
5577 5612 8526 - 8210 - 3279 - 7708 - 1258 - 
912 3818 4335 8120 - 250 878 2053 9112 - 1246 4370 6068 - 1112 5030 6147 7271 - 
673 - 1088 - 
7101 8278 - 2998 8540 - 4922 5631 6714 7375 8258 - 1351 7930 - 3571 4335 5894 5932 8084 8905 - 1542 8274 - 
8030 8530 - 388 679 - 3222 9928 - 
5783 7850 - 4993 7754 - 134 8332 - 
3338 3878 9912 - 4999 7860 - 3111 3587 7159 8691 - 3216 9615 - 2268 6326 9091 - 
4865 5420 6847 - 2890 7669 7755 - 4983 5998 6780 9024 - 814 7912 - 8475 9351 - 3586 8302 9799 - 
2779 4169 7755 - 764 3099 4162 - 7715 - 1739 2937 8169 - 5783 7199 9461 9927 - 
3064 3587 8473 - 385 447 2559 8219 9314 - 688 2276 9257 9929 - 6640 8099 8303 9393 - 2658 2937 3222 7234 - 574 4030 7161 7242 - 
3948 - 9360 - 645 9338 - 
3828 4713 8548 9191 - 3467 - 1199 - 2341 2443 7635 - 
7459 8389 8518 9551 - 1800 2307 4252 7805 8947 - 70 861 1035 2105 3297 7849 - 522 1171 1523 1861 5436 9311 - 1490 2051 3695 5365 - 4790 7057 7443 7460 - 210 428 434 1329 8696 - 2227 6980 9236 9250 - 
1508 2815 9122 - 1065 3063 4897 7227 8884 - 2267 2272 4331 - 
8068 8694 - 705 5094 9549 - 3556 5869 9605 - 2540 5329 6037 - 4438 9753 - 3772 5748 6086 - 
2184 3196 3809 6123 - 3069 3222 5729 7448 - 7900 7960 - 1824 3621 4395 6045 - 
467 1406 2683 4035 - 1974 4204 4957 6714 8052 - 327 1312 3868 7933 - 3 959 4090 4177 - 157 2702 3553 8723 - 
2657 7877 9852 - 849 1832 - 7993 - 
3971 - 6082 - 9304 - 1011 - 7859 - 
620 8962 9044 - 460 6823 8137 - 3266 6040 8293 - 3266 - 2159 7980 - 2105 2124 8605 - 
187 294 1123 3934 7080 9548 - 748 3300 4954 7596 - 720 4862 5461 6138 8102 - 
2236 5470 6932 7604 8210 - 414 6714 7886 9407 - 397 4725 8362 - 3767 4262 5948 - 188 2988 4974 5261 - 4800 9122 9913 - 61 5153 7275 - 105 1351 1821 9137 - 1866 4298 5907 - 
1491 - 2770 5313 - 
2210 7993 8037 - 1709 - 522 1130 4727 - 1241 3665 3848 - 5483 8825 - 1338 3043 7637 7827 - 
7113 - 4839 - 5951 9975 - 7423 - 8148 - 3359 - 8279 - 
5013 - 
6749 9654 - 8107 8960 - 6284 8682 - 
2559 8219 9264 - 1574 8254 8303 - 3222 5199 7234 8759 9614 - 
1278 7792 - 3110 - 177 - 
764 - 1352 5801 9293 - 1257 - 
5787 8273 - 
7845 - 4033 - 117 - 
647 4366 7915 - 9119 - 299 2434 9618 - 3700 - 
2071 3277 5324 - 1453 1879 - 2908 8911 - 281 4646 - 4804 - 
5365 - 3023 4773 - 9532 - 
726 1765 2797 8254 9728 - 261 3988 4999 9751 - 5862 9071 - 3038 3587 4371 5305 8691 - 1529 2410 6326 8310 - 3309 4497 4922 6147 6629 - 
432 1052 2963 3923 - 467 2748 9119 - 811 3204 7572 9279 - 411 2872 3541 6914 - 835 4162 5679 - 
318 3729 6990 - 3045 4247 - 4618 - 
689 3406 6803 - 821 9387 - 874 1526 5631 - 288 7924 - 2007 7960 8372 - 8634 - 
1566 4713 4929 6011 - 562 4256 6822 6859 7101 9042 9840 - 616 4093 4905 8852 - 2451 4501 4793 4922 5242 7375 8731 - 1173 3954 4204 5311 - 1452 2137 2232 4160 4323 4665 8274 9954 - 
9268 - 5223 - 463 8995 - 
3351 - 5704 - 4581 6901 - 6704 - 
4040 6925 - 4916 7615 - 
9764 - 4361 6649 - 
5355 6201 - 5134 7545 - 4642 8789 - 
1868 5295 7892 - 4549 9799 - 6531 8199 - 4249 - 
4736 - 
44 235 1490 6902 7212 - 4492 - 1537 6284 - 61 5431 - 
258 2463 7329 - 8643 - 705 3806 4900 5094 8052 9549 - 4222 4310 - 9431 - 
1504 6053 9852 - 210 548 2575 8544 - 4433 7194 - 
4114 6195 9018 - 91 612 765 - 276 1209 1653 4885 - 1367 7031 - 1146 2155 6646 - 486 4828 - 1491 6674 7379 - 
5315 - 4186 6041 6767 9441 - 
2177 - 8583 - 
3665 - 
3828 - 1800 - 2341 2443 5436 - 4857 - 
1362 3673 7430 7489 9268 9695 - 1507 1644 6119 7435 - 463 8540 8995 - 705 4098 5094 9549 - 5177 5843 7919 8578 - 1317 2772 6325 - 
4535 7200 - 1805 7420 - 8398 - 6072 - 
821 1173 - 1710 4711 - 600 - 8840 - 
8210 - 3279 - 7708 - 
5257 - 6508 - 810 - 9419 - 
5614 6975 - 2119 - 
117 3827 4938 7959 9794 - 8 90 1925 4846 - 1467 - 
4565 5089 5907 - 2217 7227 - 5783 5945 6496 7376 8439 - 
9112 - 5576 - 5937 - 
6782 - 430 1798 - 9170 - 6771 - 1954 - 183 - 
5577 5612 6822 8526 9330 - 8210 - 3279 5371 - 4852 7708 - 
1574 4446 5629 9657 - 1338 1387 6821 8273 - 210 304 2395 7045 7191 - 1630 5571 8355 9614 - 1446 2580 2636 8229 9720 - 897 1097 2017 3204 3509 4537 - 
6003 - 2522 - 4710 - 
7195 - 4809 5148 9551 - 601 6491 - 3405 3586 4065 9276 - 4786 5777 - 
235 - 6284 - 
7993 - 1 1239 5007 6336 - 4473 4479 - 79 5435 - 2396 7802 - 1797 6225 - 
758 1285 7765 8118 - 2772 3788 5889 - 
6315 - 
2956 7518 - 419 5787 8760 - 
829 1277 - 6166 7375 9766 - 462 - 8326 - 3602 7719 8732 - 8595 - 
7993 - 1 - 4473 - 
4929 - 6859 - 616 - 
8269 - 3249 - 4361 5076 - 7926 9606 - 
753 1210 1274 5490 - 222 5161 6910 7354 8210 - 2598 6693 7794 - 
6576 - 1249 1622 4156 5622 - 
6782 9289 - 430 1276 1507 4871 9119 9153 - 779 8302 9170 - 876 7998 - 98 6771 - 1954 - 183 - 
4736 6495 - 7721 - 
1724 9605 - 1620 - 1176 4588 6342 8785 - 510 - 2635 - 3879 9667 - 3892 9068 - 
1973 5598 - 1464 2883 9062 - 
2055 4839 5638 6244 8325 - 299 666 1053 3429 7405 - 2642 5089 5429 9585 - 7670 8306 - 3828 7080 7237 7528 - 
99 765 2973 7705 - 619 1329 4956 5874 7516 - 2874 3151 4023 4626 7698 - 1490 7744 8259 8303 9191 - 649 5993 8194 - 
3338 - 8440 - 
2154 5271 6292 - 1826 2217 - 2234 5171 8164 - 1663 7211 - 4383 5724 - 8373 - 2132 9935 - 8774 - 
3224 3497 9735 - 5216 5486 - 7661 8157 8332 - 810 1047 - 5797 9915 - 
2967 4450 6147 7929 - 1011 3828 5319 9532 - 365 1441 2276 8427 - 7123 8792 - 673 7972 8911 8962 - 899 1046 5378 7612 - 
2159 - 9780 - 6779 8199 - 
1338 2712 6421 7170 9158 - 1145 1327 1352 4085 7713 - 1337 5843 6003 6752 7269 - 45 792 8148 - 
3509 - 9662 - 
2049 6850 8595 - 562 1355 4578 - 2028 9845 9947 - 271 - 
1905 2648 - 6517 - 1905 - 1804 - 6771 - 173 - 
2395 5500 6336 6495 7191 - 674 4929 5252 9128 - 810 1446 3790 - 2143 3077 3338 4213 5261 6847 8492 - 2874 - 
8595 - 562 4578 - 4336 5356 9947 - 
1544 2210 3803 - 1624 5959 - 2164 6804 9612 - 5552 9590 9596 - 1194 5290 6467 - 
2553 - 6201 - 
8590 - 2871 4734 - 
195 872 2031 3022 3406 6718 - 849 1258 1832 3819 7192 - 1080 2267 2376 2967 5261 6147 - 2547 2979 9562 - 2431 5311 8933 - 2487 3575 6440 8169 8634 - 61 8016 - 2263 2837 3587 3827 - 
6100 9838 - 7926 7960 - 
4242 8071 - 9740 - 4983 - 
6244 8325 - 5089 - 8306 - 
514 5758 - 3134 - 1422 2406 3696 3763 6914 - 
2105 3324 6076 6883 7406 9693 9777 - 2937 3788 4098 4916 - 5500 8673 8788 9463 - 414 1622 8837 9268 9313 9812 - 298 674 2505 4929 7109 - 3390 5854 8210 9000 9502 - 
540 1060 4280 - 3142 5724 7203 9114 - 3726 4787 - 3587 8691 8783 - 827 2756 - 269 5470 8625 - 2434 2569 - 
8467 8796 - 244 - 7067 9268 - 2370 5223 9049 - 3812 9296 - 463 7293 7985 8995 - 
4678 5573 9527 - 4861 4999 - 1599 5850 8599 - 498 3618 8557 - 
8328 - 397 3990 7618 - 2380 5622 - 4638 8451 - 2887 7833 - 
2658 3022 5295 9630 - 1835 8017 - 8314 9840 - 1645 - 2250 - 8618 - 
467 - 3068 6674 7138 9985 - 4669 - 1092 1731 3916 7210 - 
991 2081 3729 8283 - 3541 4565 7705 - 4167 9596 - 5984 9175 - 1274 1387 - 2715 4870 6253 - 814 2870 4325 7125 8819 9125 - 
5937 7774 7940 8181 - 210 2766 6392 - 765 1513 2701 4053 6075 7138 7450 8043 - 629 947 2104 7491 9979 - 2117 2375 3314 5477 7741 - 2795 5076 5672 6044 6392 9827 - 
478 1813 3356 5404 9185 9693 - 127 810 6649 - 2082 3491 8445 - 611 2410 3916 6373 - 1867 7264 - 3182 4678 6507 7012 - 
2065 - 9995 - 6529 - 5004 - 
1490 - 2406 3884 - 
1574 3212 7851 - 2053 3356 5783 8138 - 550 1548 1554 9614 - 681 5334 9496 - 163 1500 3182 - 272 1844 3204 9291 - 
666 1274 7379 9095 9548 - 549 3077 3771 9114 - 1121 - 1040 2547 2963 4519 8138 - 304 2105 6712 - 2460 4193 5710 - 1338 5777 6991 7778 - 550 814 1548 2999 - 
253 9575 - 90 8052 - 1355 9019 - 1085 - 2236 9845 - 
3621 5280 - 1046 6984 7545 - 4144 4642 7803 8438 8925 - 2580 8520 - 1178 4168 7960 - 4280 6075 - 
512 2675 8694 - 1891 2201 4276 5886 8794 9794 - 271 2516 3471 5502 - 1905 3697 3707 3767 6922 - 
5729 5783 7448 - 235 3606 6261 - 3794 6284 - 440 8332 - 1171 3861 4704 - 1904 - 
1254 - 423 - 3616 4578 - 
7213 7771 - 
1112 - 3022 - 
1578 6487 9880 - 
7080 - 9421 - 2678 - 
3298 3587 5938 6042 8595 9122 - 385 5932 7660 9912 - 1146 1734 4366 7726 8099 9393 - 2608 3740 4030 6437 6516 7161 - 
1835 4549 7195 8017 - 1537 3574 3872 - 4997 7195 8457 8671 - 
8273 - 6508 - 810 - 9419 - 4030 7161 - 1312 6467 - 
6052 - 8340 - 6915 7025 - 
8138 - 6883 7406 - 550 1548 7867 8015 - 
9448 - 3726 - 229 - 5321 - 2424 - 6241 - 
5501 - 1021 - 
1367 2553 5544 8724 - 1391 - 7239 - 737 - 8037 - 
3872 - 8457 - 
7379 9095 - 549 4764 9114 - 8105 - 3278 - 1121 - 1405 4193 5501 8473 - 
6273 7655 - 1835 8017 - 5808 9840 - 1645 2654 - 
7464 - 2210 3572 - 2958 3772 5096 6708 - 7992 8400 - 1552 - 6861 8544 - 154 1710 6093 6657 9363 - 
75 235 1954 - 5270 6284 6816 - 
7772 - 3811 8120 - 355 707 6582 6657 - 1392 4817 - 
1703 3874 9727 - 2956 3264 4728 8595 9827 - 1092 1153 1731 3951 - 4049 5632 7637 7646 9068 - 5464 7502 8440 - 169 5907 - 3013 3795 6537 - 
1507 4871 5724 7317 - 98 4565 9458 9601 - 764 5513 - 
3673 - 432 8540 - 
765 7705 9185 9995 - 9654 - 1329 3984 4956 9757 - 3134 5924 8259 9954 - 2731 6116 6513 7379 - 
4242 8071 - 9740 - 
276 1258 4074 - 52 5563 7227 - 4135 5945 7246 - 161 1759 4688 - 1829 5693 8685 - 498 5193 6032 - 
9615 - 8461 - 72 8279 - 4727 - 
1529 - 1417 - 1798 - 9144 - 
1583 8774 - 3094 - 8279 8694 - 1018 5171 5852 - 
3265 8485 - 4345 - 3927 5671 - 
4903 5327 7722 - 1622 5454 7309 - 2606 8990 - 3718 4333 - 7980 8774 9471 - 
2683 - 3553 - 1811 - 
4101 - 8 - 
1285 - 4957 - 612 6202 9863 - 1720 2737 3708 - 
6781 - 2990 - 8278 - 6263 7187 - 
3802 - 4447 - 9313 - 7919 - 
1060 3790 4453 - 4371 5724 9114 9863 - 1187 7455 7742 9843 - 240 3994 9436 - 
1983 2475 - 5288 - 8736 - 2808 7227 7708 - 
1146 9517 9718 - 6376 9043 - 6376 6869 7396 - 1714 2410 - 2658 3022 9916 - 
4648 - 9639 - 8544 - 8161 - 
447 710 - 1709 6914 - 4565 8812 - 
1792 - 1350 3736 7548 8375 - 3023 6150 6318 - 6228 8181 - 
8806 - 8105 - 
1574 1846 3024 - 763 4112 - 1552 4673 9614 - 3204 6476 7406 - 
9720 - 
3045 - 6643 7034 - 
253 3324 9575 9777 - 1724 3788 3809 - 9268 9812 9845 - 
2702 - 3709 - 1274 - 765 2380 6075 - 468 - 1438 - 
4015 5577 5612 8526 - 2006 6147 7694 8210 8595 - 116 2883 3279 3606 9177 9326 - 1616 2633 6093 - 4176 5911 8068 8106 - 1258 1734 7448 8736 - 1552 5910 7345 7369 - 5678 9818 - 
2795 - 6901 - 3553 - 6085 - 
1779 - 3026 4488 - 1523 1759 - 
7012 - 1269 9959 - 426 - 6991 - 4630 4953 - 
3006 8473 - 1150 1456 - 8552 9880 - 
3551 4669 6822 9330 - 1092 1731 5371 - 
411 - 9082 - 
4494 7459 - 861 2001 7849 - 8728 - 522 624 1822 - 647 2512 7443 - 434 946 8696 - 3219 4204 6040 7760 - 
7615 8285 - 
5174 7816 - 1130 7101 - 1962 2155 4426 - 5729 7810 - 4085 6282 - 80 411 7851 - 
1403 1517 6915 - 423 548 6559 - 1783 3045 3223 - 4961 7164 8031 - 1142 2880 7618 9740 - 5375 6244 - 
1074 3004 6421 - 1327 4112 7736 - 4905 8285 - 4459 6752 9195 - 
423 3802 7089 - 1859 3845 4177 4447 - 125 6714 8002 - 3223 6487 9313 9470 - 5005 5641 7919 9436 - 673 1733 2842 7905 - 
1954 3143 6931 8381 - 2594 3629 - 7536 9269 - 
1904 8941 - 7111 7199 8761 8792 9927 - 3066 3278 - 4287 8010 9073 9916 - 2505 3026 4488 5329 - 579 4266 5651 6353 - 3587 4537 8728 9131 9954 - 419 1553 9641 - 2463 5556 8694 - 4030 7964 - 
9827 - 2839 - 5632 9068 - 
467 6145 - 2748 3068 9119 - 
1746 8216 - 6373 - 3667 - 7604 - 4169 - 
3004 - 4112 7736 - 8285 - 9195 - 6488 - 
467 8372 - 3068 7489 - 947 - 
6962 - 8096 9556 - 3927 - 
3292 3971 - 3516 5126 6503 - 551 610 - 9304 9771 - 1011 8902 - 
54 1052 1617 1767 3045 6093 7845 8638 - 148 1334 2772 3204 4033 4641 5150 5308 5553 6040 6195 - 986 1829 5013 6643 7034 7282 7424 9863 - 117 2155 3286 4722 5863 6412 7265 8285 - 1369 1953 3927 4921 6692 8145 8162 8515 8873 - 805 1891 2201 3541 5779 7696 9877 - 
2463 - 242 - 9163 9180 - 
2579 2958 6708 - 1552 2900 6960 - 1249 4156 9345 9475 - 
3692 - 7761 - 2504 8576 - 1097 7653 - 381 5662 - 
294 881 1849 2117 3934 - 4954 5013 8148 - 3292 - 4207 8102 8640 - 8967 - 5067 - 
835 6972 - 3767 9238 - 2531 7660 - 4146 - 6629 8836 8944 - 1552 4673 - 
5559 6356 7534 - 1146 - 1772 - 5693 - 
4588 7879 - 5111 - 606 4681 - 
781 1453 3039 3956 5996 - 1970 6261 - 17 4135 4159 9177 - 139 1094 4423 - 
811 7721 9448 - 534 836 2842 2906 3726 4876 - 229 5278 6605 9566 - 2085 4731 5321 - 1525 2424 - 1234 6241 8556 - 
6100 9100 9475 - 7826 - 6355 - 1338 3045 - 
2772 7845 9000 - 1658 4040 - 4916 7101 - 1554 7189 - 2155 2998 5502 - 2035 5025 6599 - 4922 6692 7375 - 
1798 4565 7890 8328 - 1036 2815 5321 - 4162 4953 - 2387 4169 4858 - 3017 4090 4718 8677 - 
2360 3032 - 5576 - 
2053 7536 - 1548 7726 8092 - 9551 - 
2210 3212 7560 8101 8356 - 1624 3618 5783 7532 8816 - 
3555 - 1005 4152 6037 - 1074 6153 8817 - 646 2923 3337 3692 8585 - 2683 3812 6605 - 4145 4660 - 17 1970 4159 6305 - 
3873 - 468 - 9887 - 
4906 - 
2680 3230 3386 - 5079 5792 7457 8889 - 6342 7443 - 1145 1917 7762 - 
3334 - 1779 2561 3143 5713 - 9393 - 
1566 7993 8289 8468 - 2011 3795 8447 - 562 4650 6629 - 4613 5586 9901 - 5110 7003 9547 9898 - 
3763 6695 - 44 763 3304 - 466 2617 6980 - 2155 2981 - 
1405 3928 5501 - 5837 - 
3311 3812 6018 9296 - 4168 7495 8071 - 2701 4231 8671 9613 - 1918 1930 5096 7646 9954 - 1058 - 
5577 5612 7900 8526 - 4081 6507 8210 - 1511 3279 - 7708 - 1258 3064 - 
6099 - 9818 - 1112 3342 8497 - 1894 - 3279 - 9913 - 
3351 - 5704 - 4581 6901 - 
3692 - 8466 - 2683 - 3288 7050 - 
8052 - 3257 - 6494 - 
4392 7199 9927 - 
340 - 6816 - 1032 7845 - 367 - 117 - 6692 - 
9841 - 
4249 8356 9722 - 519 8727 - 765 1161 6075 6576 7117 - 6476 8760 - 2900 6512 - 1438 9092 - 2937 3029 5410 8669 - 
4335 6100 8475 - 9469 - 1714 6268 8038 - 
6556 - 2908 - 3497 7915 - 
2880 3430 9204 - 2484 - 
6662 - 
6083 - 
1146 6771 9517 - 6376 9043 9300 - 4001 7396 - 6654 9581 - 
8595 - 6960 - 1491 - 
6780 7101 - 2998 9715 - 624 4922 7375 - 4067 8905 - 8274 9161 - 
2535 7237 7528 - 135 2326 5212 - 9119 - 1508 3560 6046 - 6260 - 8335 - 
1678 2522 5600 9291 - 8747 - 3360 6931 7367 9716 - 483 794 - 865 2114 2634 5501 7761 7769 - 
447 710 8210 - 17 61 8461 - 72 549 6125 6991 8279 - 4727 4897 7239 9946 - 
5598 9943 - 1464 1484 - 4274 9668 - 
9654 - 7179 - 
6861 8544 - 298 - 
3606 4549 9124 - 2308 2836 4041 - 2254 - 2179 4565 - 646 - 2729 9522 9824 - 
6298 7060 7213 7771 - 5510 5680 7855 - 329 3516 5126 5470 5801 9928 - 6 6099 6771 9265 - 
612 726 876 3519 5280 5883 7998 - 4737 5735 5862 6507 9191 9461 - 1367 2164 3541 6991 - 2052 7379 8310 - 4922 5787 - 
2132 5199 6484 - 6218 6512 7067 8010 - 4971 6365 8444 - 1813 3812 9296 9693 - 5296 6818 - 
2549 5060 5816 6775 - 188 1187 5431 - 1513 3033 5541 7325 7450 - 5713 7774 - 
8181 - 765 6075 - 1223 1428 - 
244 4157 8116 9000 - 1658 2085 - 
9708 - 2555 8693 8906 - 2227 3226 - 3515 - 6616 8853 - 4502 - 3 - 
554 1888 6211 6512 - 890 3226 3826 - 8990 - 
54 1435 3872 5354 - 460 3608 4316 7472 8404 8444 8457 - 194 647 5052 6160 6529 7421 7745 - 
163 1797 1798 3608 9532 - 6622 7612 - 6322 7164 - 5187 7666 - 1067 - 1142 2880 9740 - 6244 - 
2566 4905 - 7805 8281 8947 - 397 3613 4974 - 148 2305 - 9740 - 5535 7444 - 2470 4570 6990 8485 8816 - 
4010 4015 - 3480 7747 - 2883 - 
4809 5148 9551 - 5502 - 340 4328 - 6491 6531 - 2207 3405 3586 7557 7858 - 4786 6220 - 
1279 - 5004 - 
705 5094 9549 - 2678 3629 4349 6693 - 
8475 - 1805 - 6072 - 4594 - 
1222 9654 - 432 5253 5924 9954 - 2731 3626 6513 - 675 1734 3697 5732 - 
72 751 1273 2797 8234 8279 - 432 2236 3006 - 1467 2189 3229 - 6755 8250 8640 8921 - 2071 4463 5343 7845 - 5854 8766 9756 9915 - 4149 5305 6143 6217 - 
7876 8764 - 7192 - 7389 - 
2792 3080 7489 9409 - 1826 7635 - 271 1993 - 1491 3466 4036 - 119 3554 6512 8356 - 3333 5725 9032 - 45 3463 4825 - 
1568 2375 3572 7174 8467 8785 9082 - 54 1617 4252 5540 8732 - 2370 8137 9848 - 4784 6524 7214 7992 - 721 2164 6861 7696 8032 8544 - 8755 - 3600 7192 7274 8444 8902 9845 - 4804 - 
8538 - 9364 - 9393 - 7988 - 5777 - 
9431 - 
4678 8773 - 4861 9982 - 662 6942 - 2065 3618 - 2264 9889 - 5905 9954 - 
9014 - 5375 - 3063 7148 9522 - 5073 - 
6462 - 7259 - 4143 9392 - 
1772 6943 9913 - 1337 1536 - 2766 4736 6763 - 
5019 - 6042 - 3680 8509 - 5955 - 827 - 
492 1406 3781 7101 - 2998 4204 6011 8185 - 327 5471 9990 - 959 8905 9605 - 157 8274 8723 - 
4049 - 765 4249 - 
3608 - 4565 6822 9330 - 3741 - 5207 9658 - 
3289 - 3080 4172 5991 - 4454 - 6906 - 
7635 - 5382 9972 - 2650 8389 - 
2460 - 2176 6942 - 4749 - 7912 - 4650 - 6130 - 140 - 
1052 4276 7042 - 3928 6336 6458 - 3204 4249 6225 - 
2054 4049 7966 - 185 606 1199 7145 8262 - 
4202 5854 7528 9852 - 1845 3797 - 1923 3920 4463 5094 - 
6003 7158 9708 - 33 849 2341 2522 7721 8303 - 2074 4133 4710 7138 - 625 2386 5297 5429 8505 - 2257 3868 8534 - 
6549 8052 - 3 9848 - 
4565 - 6496 7376 8439 - 
3559 9119 - 329 1983 4876 - 5278 9566 - 2085 8250 - 3191 5343 8889 9461 - 5284 6952 - 
1350 3736 7138 - 2177 3059 4227 6643 - 194 4876 - 2117 4664 - 5672 - 
681 7774 - 
3195 7093 - 4409 - 674 771 7490 - 5505 - 
378 424 1484 9630 - 6284 6749 - 
4954 - 7175 - 8102 - 
3337 3692 6781 - 2990 8497 - 8278 - 6263 7187 - 2445 2776 6052 - 2460 7062 - 
467 5461 - 3195 4304 5431 7093 - 2795 7713 8267 - 24 - 
1831 3851 9039 - 681 8492 - 5850 - 
5807 7804 8084 - 5278 6052 7062 8438 - 99 5360 6494 8643 - 2873 7351 - 1274 5147 9314 - 2594 4044 - 1417 4474 5060 7742 - 
9916 - 6353 - 2873 4537 - 
350 - 1731 - 6315 - 
3364 3873 - 468 8261 9954 - 
538 1852 3134 8379 8722 9119 - 299 3022 3529 9128 - 3577 5257 5860 8304 - 2 2967 4001 4728 6147 - 5329 8933 - 3775 4669 6508 7220 - 810 2930 6485 - 
3497 - 5234 - 
492 2463 9693 - 2085 3901 8643 - 6225 6385 7872 - 2101 4222 6225 6549 - 4377 6818 9431 - 3641 7684 8148 8368 - 
2007 - 550 - 
6662 - 7971 9532 - 2276 - 7612 9841 - 
4786 4865 - 
606 1278 7263 7792 - 8447 9582 - 177 2451 5899 9421 - 
2389 5500 6662 - 674 1609 1630 4929 - 1258 3077 3338 5261 - 52 1099 9928 - 1759 9940 - 498 1399 5838 - 
5199 - 6780 - 
510 2184 6714 - 3066 4905 8722 - 1529 1973 4895 - 3069 7124 - 3335 7298 7900 8573 - 835 9238 - 1959 3621 4395 8314 - 8792 - 2540 2871 3592 4394 5864 6037 6099 - 
4072 4843 7774 8665 - 1279 2569 5502 5759 - 1811 3667 5213 5546 - 148 8796 - 
3076 3828 - 3079 6751 9794 - 765 6646 - 3920 5148 7655 - 6046 8445 - 2030 8062 - 
9124 - 1246 8512 - 1574 2769 - 2766 9614 - 872 3204 - 
54 1617 6692 - 6258 8137 - 1591 3309 - 7299 7696 - 
5550 9363 - 8069 9124 - 7099 7832 9982 - 1938 2598 4565 - 
5355 - 
5402 - 5808 5920 - 6743 - 
7376 - 70 - 
1011 3608 4477 4971 5162 6640 7845 9124 - 3871 4202 5193 5261 5619 9852 - 2292 4922 6734 - 117 1312 7396 9925 - 237 1801 3711 7832 - 
4157 4549 6804 7993 8544 - 1464 2842 5162 5907 9122 9293 - 3139 3627 7473 7772 9689 - 299 1931 3360 4997 6508 6513 6931 9717 - 210 3257 3771 8120 8258 - 1351 4650 5245 7708 8682 - 3697 4335 6261 - 1150 2654 3880 4950 5284 - 6 1542 4230 8278 9478 - 3781 6708 9015 9764 - 
2431 7891 8694 9355 9567 - 8447 - 3691 - 4357 7636 - 
9091 - 2990 6244 8325 - 5998 - 5031 - 4638 - 
3350 4230 - 5137 5807 5863 8285 - 5886 7290 7351 - 6806 7960 9581 - 3405 9463 - 2217 5848 8995 - 
7858 - 
612 3572 9409 - 1367 4036 - 382 3911 5096 - 3296 7992 8356 - 2058 6861 8544 - 
6943 - 
983 1112 3088 4247 - 3022 3916 7210 8566 - 810 2683 8812 - 1323 6214 7199 - 
2463 - 8785 - 
3994 5366 6770 - 309 4562 5907 - 754 2053 7101 - 137 2575 6039 7944 9689 - 573 1552 4605 - 1467 1811 5213 - 1150 5600 5885 - 
5187 7001 - 6488 - 554 - 9215 - 4678 9959 - 2167 - 
2077 - 
2741 - 148 8302 - 9863 - 5261 9863 - 
3292 - 8640 - 
3350 5803 9360 - 5137 - 5886 6490 - 1212 6806 - 276 9463 - 
3298 5938 8244 8544 - 549 1811 - 150 5763 6749 - 7587 8902 - 5483 6914 9478 - 
9916 - 909 - 1553 7774 - 7964 - 
2421 5354 - 5649 7765 - 6802 - 3282 - 5889 9916 - 271 1813 3395 4971 8444 - 265 1481 2990 4858 - 
2792 7489 - 7635 - 7820 - 7354 8445 - 180 7062 9313 - 422 2218 3187 8760 - 8816 - 
2059 2242 3873 - 468 666 - 
210 2654 - 8278 - 1304 5777 - 
1146 8068 9517 - 705 5094 6376 8983 9043 9549 - 5632 7396 7896 - 1714 2410 5329 9921 - 554 1888 4438 9916 - 3684 4149 5748 6086 6704 - 
6092 - 
4465 5461 7742 - 2440 6626 - 3096 8982 - 1891 2201 7518 8983 - 
7459 - 861 7849 - 522 - 
9975 - 9624 - 1824 - 9393 - 8440 - 4149 - 34 - 
288 - 3218 - 
1290 - 2292 5169 - 5915 - 
318 1405 5501 6990 7705 9461 - 4247 5875 5959 8557 8573 - 4618 8314 8698 9082 9612 9985 - 1194 5864 6467 7880 9791 - 382 2966 3210 3334 6317 - 
1036 - 3337 3692 - 4169 8497 - 6052 8677 - 
5877 - 957 - 
125 2546 - 378 9630 - 1973 2997 - 5378 - 
3788 8163 8652 - 7532 8671 - 5309 9954 - 9313 - 
1067 - 6355 - 
3763 6695 - 1491 - 9928 - 7507 - 3826 - 5649 - 5443 - 
1345 8617 9975 - 6943 9624 - 1824 5432 6633 - 299 5872 9393 - 34 5193 6481 - 70 3204 5471 6241 8983 - 
6292 - 2234 - 1779 3143 3985 4905 - 3395 9935 - 727 4858 5998 - 
3211 4549 7694 8285 - 2535 2995 5308 6258 - 6040 7299 9300 - 135 161 1405 5212 5501 7093 - 836 3279 4594 4997 6392 - 5427 6708 9119 9532 9694 - 
2797 - 7618 - 2549 5816 - 
8625 - 2413 6818 - 710 2172 - 1683 3442 - 1684 - 414 3080 9269 - 9471 9495 - 
3696 9752 - 1767 8281 8372 - 1813 2190 4901 8120 - 2429 - 70 7313 7804 - 
4669 - 2053 6918 - 3018 - 2308 4553 5645 8148 - 2375 - 864 4314 7034 9662 - 423 4419 - 2722 3580 4392 - 
4963 8884 - 7820 - 4030 - 
8306 8544 8592 - 687 5385 5471 8488 - 6782 8834 - 7263 8071 9232 - 
705 3279 5094 7708 7822 9518 9549 - 6322 6693 6878 7329 - 397 726 9648 - 1725 5862 8887 - 
5295 - 8199 - 
1022 4024 6531 7160 - 1274 - 719 3522 - 3889 4751 - 3334 - 
125 2375 6273 7655 8785 - 378 6289 7865 9630 - 473 4784 5808 7515 - 2654 8043 9186 - 1622 3338 6685 - 
492 9693 - 6225 - 4492 6818 - 
125 3110 - 6512 - 1844 3314 - 7700 - 5787 7459 - 1350 4336 5356 9947 - 
1868 1880 3351 4298 5907 7892 - 5704 - 4549 4581 5366 6901 9799 - 4954 8698 - 494 - 3079 6704 - 
647 - 9364 - 8534 - 
5295 - 8199 - 
881 2117 3564 7660 - 428 3927 8544 - 2276 4202 4520 8148 - 1243 2977 4207 4620 7180 9645 - 2815 3952 6214 9478 - 
3732 4991 7317 7810 8169 - 5934 8488 9458 - 6662 9360 - 6490 7980 - 299 1644 3845 4177 - 
386 8302 - 1734 3901 5893 - 2086 - 5959 6725 - 2608 4249 9722 - 
7534 9463 - 2072 - 6236 - 991 - 
5632 9068 - 7329 - 5426 - 1988 - 
9667 - 6512 - 6059 6746 - 663 6093 7845 - 4660 7277 - 
4954 - 
4222 6674 8473 - 4385 - 1456 7583 - 3915 - 3517 - 5100 - 
397 1566 3990 7618 - 562 5622 - 
148 - 37 2301 5236 - 
432 1269 4056 - 6991 - 135 5212 - 3626 - 675 4162 5252 5732 - 
6337 9906 - 3790 - 
1507 8035 - 5843 8649 - 5050 - 1563 - 1317 6325 - 
522 - 2704 - 8210 - 
1490 - 6045 - 7012 - 968 - 
1813 9693 - 6484 - 1402 9245 - 6507 - 
1800 3974 6111 - 8351 - 
4858 - 2406 3763 5171 6914 8164 - 1663 - 5571 - 4383 9068 9606 - 8774 - 
3315 3971 5089 9409 - 2182 4036 5278 9304 - 1051 4751 7765 8118 - 2058 3973 9651 - 394 1323 3697 - 
7604 - 2988 5261 - 2945 3587 - 8099 9393 - 5292 8120 - 8211 - 
1792 4366 7963 9815 - 228 2580 4135 5187 - 1566 8389 - 161 2271 6718 9644 - 1146 1287 4366 6032 6476 - 1829 9024 9898 - 
276 1150 7213 7771 - 5510 5888 6147 - 8845 9928 - 4688 6771 6818 - 
540 686 1046 3212 3356 7298 - 2231 2406 3763 5811 6914 9289 - 1629 3694 7980 9119 9153 - 681 1483 - 583 1178 3600 6545 6611 9033 - 359 779 5571 6997 8302 - 117 876 2569 7998 8884 - 
1276 1507 4871 - 98 8544 - 
7993 - 9122 - 483 - 7003 9547 - 9015 - 
647 1221 1959 7613 - 244 7295 9044 - 2120 3338 7960 - 612 2434 4660 - 3459 3700 - 
118 8779 - 1121 3697 6782 - 4950 4955 - 7379 - 1800 - 1432 8303 8383 - 1724 8913 - 6932 - 
3077 5085 - 2463 5563 - 3889 - 1772 6943 - 288 1937 7372 - 
2406 3763 6914 - 9769 - 5571 9797 - 5833 9153 - 7587 - 
4450 9740 9912 - 930 3288 - 3386 8696 - 1441 8427 - 
9463 - 3006 5269 - 6260 - 
2094 - 3790 - 
228 1734 - 4565 - 2815 8817 - 2677 - 5680 - 2995 4162 - 1136 7093 - 
2451 4734 7604 8466 - 2671 2988 3045 5261 - 2945 6147 6883 7406 7603 - 2268 2942 5153 5953 - 3732 5863 6973 8120 8285 9511 - 
4759 7089 8380 - 7134 - 5060 - 
2146 5282 - 7077 - 303 3618 - 
681 - 2431 9355 9567 - 1609 - 3602 - 
1805 1985 - 170 8507 - 2660 - 
9461 - 1252 3201 4991 - 
3345 3491 6810 7705 - 744 4570 9402 - 70 1339 - 1801 9705 9978 - 
1112 2683 - 1074 3300 3695 7295 9006 - 8196 - 1504 3722 5652 6612 7930 9752 - 3553 9177 9326 - 821 1350 3022 - 
8554 9660 - 
5212 6944 - 1692 2054 3433 8255 - 7124 9023 9685 - 3188 7760 8573 9219 - 
267 - 8696 - 
7594 - 3793 7849 - 235 3577 - 1506 4560 6284 - 3270 3600 - 3442 4551 8037 - 
1327 4989 9150 9376 - 426 8030 - 8148 - 
6315 7797 8281 - 4737 7597 8372 9461 - 4865 5138 5420 6847 9841 - 2164 - 2052 4163 8030 8901 - 5787 8637 - 
68 5111 - 5427 5483 - 1523 2566 7096 - 811 7447 8090 - 
8473 - 447 - 
4366 - 1367 5623 - 3868 6293 8962 - 4352 8691 9084 - 
532 8842 - 365 - 7774 - 4146 - 244 2451 - 9073 - 3278 - 2505 5449 9295 - 
1798 8964 - 9739 - 
7993 - 1 7879 - 4473 5111 - 79 5435 7721 - 606 4876 - 1797 - 
376 5573 - 90 1146 - 1772 9019 - 1085 2561 5693 5910 - 2236 3519 5883 - 
534 - 4731 - 
7615 - 
2702 9250 - 1025 - 4207 - 2380 5554 - 
3559 4652 9373 - 7774 9685 - 4800 6952 - 
2081 2341 - 4636 5984 - 2935 9979 - 1645 9291 - 4870 - 
849 1832 - 8176 - 2376 6693 - 612 2487 - 
2484 5797 9238 - 2227 9630 - 2634 5728 - 1220 8684 - 1638 3335 - 
2196 - 37 1622 5236 6042 - 265 447 710 - 1709 6437 6914 - 
583 7265 8984 - 1337 8764 - 2580 3143 6961 9409 - 6701 7287 - 647 1826 8973 - 6690 - 
6822 9330 - 5671 9658 - 8681 - 9195 9916 - 4971 6594 7879 8444 - 1481 6117 7446 - 
3425 6052 7112 7924 8457 - 4459 5360 - 5694 6190 7420 - 1053 2859 3275 - 
8796 - 4186 5479 6041 6767 7067 9441 - 7588 - 9049 - 3812 9296 - 6476 - 1296 6075 - 
7705 - 7774 - 4167 - 
3151 4802 - 6255 9195 - 1663 8138 - 1859 - 1343 1452 1864 2995 3021 - 550 1548 1910 5189 - 2429 5315 9042 9496 - 
1528 2880 8026 9033 - 1845 2389 - 4552 7890 7920 - 6734 6908 6962 - 4786 4865 7396 - 
2573 3004 4040 6803 - 4336 4916 5356 6145 9947 - 748 1554 3058 7596 - 1534 4112 7736 7986 - 5502 6559 8285 9015 - 6119 6949 9195 - 2030 6488 6599 - 
7375 - 9552 - 3602 8732 - 
4096 7516 - 3886 7698 7735 - 3341 5623 5993 - 
2155 6305 7299 - 950 1025 8375 9863 - 2881 9372 - 3350 4809 7742 - 3421 3711 9160 - 
244 299 1739 - 2997 3204 6195 8797 - 
8259 - 7987 - 5563 - 
2323 - 764 6086 - 1100 - 6040 9293 - 2678 2756 - 27 4549 9799 - 
258 5424 7171 9546 - 1655 3438 6649 9195 - 705 1098 5094 5561 9549 - 188 4247 8356 - 
2430 5431 - 1665 9772 - 4163 4549 - 4997 - 
1148 4222 6674 7469 - 9845 9940 - 4533 8488 - 3024 4372 4385 - 
161 9841 - 5252 6879 9082 - 1537 5013 7282 8962 - 2573 3718 6646 8137 - 5431 6040 9281 - 
673 - 
6186 - 
2197 3386 7765 8118 - 382 460 3608 3911 8962 - 3480 3943 5079 7457 8969 9068 - 
6186 - 5937 - 6034 - 1098 5561 - 
3268 8068 - 705 3342 5094 9075 9549 - 8548 9191 - 1577 5329 - 1323 4438 - 1586 1667 5748 6086 - 
1279 5612 - 593 3026 - 
2368 3279 5748 8533 8682 - 2661 9704 - 2077 3781 - 651 1743 2059 2871 - 1739 7771 - 9238 - 
2871 3298 3988 5938 6955 7134 - 3919 5213 6167 - 2388 8682 - 829 2695 - 1378 3341 3641 5623 - 149 3984 - 549 810 - 5993 7158 8768 - 835 1025 8944 - 6771 7820 9600 - 
7389 - 2991 6225 7195 - 3908 7938 - 2985 5241 5955 8579 - 540 4866 - 
881 2117 2460 - 5 6942 8074 - 
4943 9068 - 408 625 4673 - 
3080 - 1826 - 1491 1507 - 6512 9548 - 720 5725 5843 6138 - 1317 4825 6325 - 8212 - 
681 - 4222 6674 - 2877 6373 - 1609 4385 - 3602 - 2395 7191 9193 9627 - 
1169 1831 3851 - 684 1397 8889 9421 - 4135 7169 - 1194 2361 6467 - 294 614 1337 2548 3258 3934 8764 - 1133 3810 - 1054 - 
1622 3767 6106 - 2217 7246 8595 8643 - 510 568 7988 8723 - 3591 4213 5429 5541 7211 - 2731 5713 6105 6513 - 746 3954 5724 6723 8723 - 359 1904 7726 - 3009 6516 - 2980 5694 7978 8373 8389 9185 - 
2701 4588 - 6499 9979 - 
7597 - 4865 5420 6847 - 
9064 - 3012 - 
118 5880 - 4310 6284 6781 9461 - 
1423 4865 - 2958 - 3457 6778 7921 9982 - 5407 9522 - 
5608 - 6775 - 9363 - 
4920 7111 - 5031 9082 - 2874 3921 - 170 3793 - 26 1500 6649 - 
2085 3673 9662 - 2101 8485 9696 - 2684 4377 7242 - 5889 6214 8368 - 
6880 7189 - 4429 - 8052 - 6484 - 
1386 5536 6622 8269 8983 - 4426 4905 7226 8778 - 198 2684 2732 3760 5234 5261 5598 - 4053 8445 - 1221 2139 - 3767 7374 - 1183 4429 5420 6494 - 
1036 - 6660 8438 9863 - 4169 9030 - 3162 8677 - 1330 8471 - 
1844 2671 7138 8213 - 1249 3546 3696 4156 9023 - 187 1397 5213 8088 - 
2963 8359 8638 - 624 6040 6195 - 467 7424 9165 - 4618 7572 8823 - 1953 6914 8162 - 805 5678 5679 - 
270 519 3096 3235 6207 8210 8694 8708 - 1161 3873 7117 8052 - 1233 2661 3143 6931 9704 - 468 3629 6476 9627 - 226 3457 7536 - 394 2937 3029 9889 - 1274 1739 - 
5315 5479 - 3284 7406 - 138 2712 - 4085 5407 - 
2184 - 3069 - 7900 - 3621 4395 - 8792 - 3586 - 3554 - 
138 4068 9695 - 6119 - 4098 7858 - 
7459 9552 - 5076 - 3024 - 522 1981 - 6043 - 1892 4112 - 434 3154 8696 - 
1523 1822 - 2512 4649 5938 6804 8901 - 7379 - 6040 8731 - 
1272 4751 6775 - 188 1339 4336 5356 9947 - 1513 5123 7450 - 2532 4694 - 600 5761 8346 - 1855 2854 5754 6033 6376 - 617 7762 - 
7823 8102 - 2324 6221 - 
1000 1074 2584 5193 7329 - 2678 3629 4349 7927 - 244 1290 5471 - 1590 1792 4551 5652 6612 8037 - 2292 5158 5169 8950 - 5915 8751 - 821 1226 2997 - 
473 - 
210 5771 - 4053 - 7491 9739 - 
378 1112 5553 8697 9630 - 3022 6749 7138 - 3286 8812 - 8902 8937 9877 - 
2500 - 5684 - 5860 8567 9614 - 625 8518 - 7880 9488 - 6373 8694 - 6723 - 
3574 - 6195 - 6718 - 
8258 - 
4282 - 7189 - 7971 - 1146 9517 - 
2210 - 1624 - 2164 - 5552 9590 - 2804 - 
9060 - 
1355 6392 8974 - 937 2341 9191 - 1991 2072 4885 - 9400 9625 - 1403 3390 - 
7816 - 8681 - 9195 - 6594 7879 - 
3002 4846 5975 9289 - 1491 2361 6804 9119 9153 - 616 779 8302 - 876 3668 7998 - 198 2988 3952 5803 - 
4669 - 
8778 - 1705 6549 - 866 7443 - 1739 4920 - 1526 9693 - 
4671 8341 - 148 1954 6879 - 3351 7560 - 3609 6092 7982 9863 - 
462 1247 4098 5297 - 473 1262 8347 8900 9112 - 1544 2963 2992 5222 9446 - 432 4266 7316 7966 - 784 3063 3257 5846 8279 - 
72 2077 3559 5573 8279 - 1274 4999 9685 - 3229 3629 8599 - 498 6704 7845 - 4648 6952 8766 - 183 754 7117 9675 - 651 1743 6004 6511 - 
5162 - 3627 - 6508 - 2654 - 
726 827 - 5862 6179 7721 - 
1665 9249 - 2792 7489 - 139 4423 - 1563 - 4876 5638 8052 - 1451 2130 5427 7361 9687 - 
148 340 1574 4331 5050 - 5098 5535 6531 - 2231 4581 6901 8581 8982 9614 - 2059 2146 2242 3572 - 7858 - 
2757 3334 7536 - 1779 3143 6355 9667 - 1338 5477 7726 - 3266 5837 6059 - 1187 5226 7845 9471 - 743 3524 9901 - 2411 2809 5770 7560 - 
810 - 3039 3956 7774 9662 - 5999 - 2210 4294 4733 - 522 811 8052 - 1241 6315 7242 8678 - 1218 1859 9177 - 1025 2931 3650 7146 - 
743 2724 4843 6201 9654 - 893 3077 8796 - 1529 3649 8884 - 61 3044 3804 6673 - 
1257 8068 - 2552 - 5329 9292 - 2991 4438 - 
2732 4764 5565 - 5893 - 9621 - 
4693 5162 - 1085 8827 - 3871 9921 - 
510 6714 - 3066 - 3335 - 
5502 8069 - 2207 3037 7557 - 2109 6272 - 
3748 5622 7011 8467 - 1187 2370 4837 5598 - 423 1464 1483 1542 5541 - 606 3971 4274 5713 6037 9075 - 
7719 - 7031 8595 - 2066 5024 6605 6646 9630 - 
1274 4549 4565 - 2815 - 1438 4162 - 2387 4997 - 
1269 7703 - 1813 5883 - 
260 9359 - 4465 5461 8234 - 
8964 9654 - 2546 3732 7179 7810 - 467 3811 5934 6190 8488 - 281 586 3927 6662 8259 - 448 2660 6201 7089 7987 9488 - 1186 1312 3845 4177 7545 - 1954 4423 5552 5563 8381 8789 - 
5116 9601 - 3094 5819 - 68 4727 8694 - 611 5852 - 
6355 6657 - 2271 3431 4465 5461 - 673 1338 6279 7972 9615 9913 - 2370 2900 3096 5226 6723 - 3524 4688 4953 7574 9384 - 1372 6083 7487 7560 8796 - 
1367 5612 8438 - 3026 5907 - 99 5177 8249 8643 - 1820 8694 - 
9915 - 
3151 4802 9943 - 6255 9195 - 8617 - 4177 5189 - 
1405 5501 8429 - 3022 4040 7287 8557 - 2724 8812 9082 - 1323 9791 - 
61 3077 7285 - 1650 2963 3889 4519 5426 - 5471 6085 6241 - 811 3927 9279 - 492 2105 4530 - 411 3300 - 3134 - 
767 3277 3760 - 996 3696 - 7134 - 2054 - 6288 - 3441 9551 9583 - 
44 3386 - 5079 7457 7669 - 
207 9384 - 251 6649 9675 - 235 4909 6558 6949 9614 - 625 1452 2841 4140 5693 7927 9854 - 3398 5041 6373 8694 - 
594 1427 - 265 2484 - 5661 8491 - 
1274 - 3301 - 300 5573 6150 - 4231 - 8250 - 
3345 5041 - 2179 - 
3574 4230 6355 - 1338 3405 6718 - 2217 3957 5848 7554 - 
3948 4929 6529 9124 9693 - 4098 8512 9740 - 2707 2766 4983 - 2769 9463 - 61 2712 8837 9995 - 298 2031 4085 4854 6859 - 45 3390 6125 9925 - 
6099 - 5576 9754 - 9818 - 1112 3342 8497 - 
3337 - 
170 212 1835 7306 7822 8017 9518 - 681 3364 3868 5502 7329 - 61 2182 6263 6374 9840 - 397 583 1313 2360 3032 3948 8261 9954 - 1859 4296 5505 8491 - 1725 6261 7974 8120 8887 - 4678 8341 - 1670 2797 3543 4323 4629 - 
467 2176 - 1779 6130 - 
1829 7136 - 1190 3279 5311 - 2181 3154 6225 - 194 394 5935 6160 9287 - 1739 1798 2553 2872 - 4162 4375 - 3928 6045 6337 - 2500 3366 - 
3272 - 9195 - 
1484 2463 6921 9195 9293 - 3531 4636 - 619 8643 - 1491 7872 9668 - 5744 8061 - 679 1953 4144 8162 9431 9717 - 4950 7684 - 
3732 7189 7810 - 3017 4718 5934 8488 - 6662 7386 - 4551 - 964 3845 4177 - 
8351 - 6646 - 2500 - 
8544 - 9478 - 611 - 
568 3608 - 359 467 8052 - 5694 7572 - 6914 8473 - 6622 9359 - 1456 - 
5577 5612 8526 - 6662 - 3279 7971 - 9790 - 9841 - 2109 6150 - 
1822 2154 5271 - 99 2512 2973 - 1663 2874 6040 - 
2368 3023 4242 8071 - 3606 3994 6770 8794 - 428 1080 1279 1982 4983 6214 - 1683 4685 7764 8151 9947 - 5783 7938 - 
2323 3880 6346 - 6086 8120 - 1100 - 6040 - 2678 8486 - 27 - 
2868 6144 - 
8638 - 2702 2713 7982 9559 9927 - 2571 3709 - 236 - 173 2880 4552 8026 - 
1792 7890 8328 - 4843 - 188 4953 7548 8375 8796 - 5158 - 6673 - 4810 4858 - 
7574 - 
8998 - 1709 8302 - 3790 5959 - 
54 7080 - 3300 4316 7472 8404 - 647 5461 - 
827 9033 - 1845 - 1194 6342 7459 7890 - 6179 6908 7721 8108 - 861 4786 4865 7849 8512 - 522 827 3627 - 1437 2769 7090 7443 8135 - 434 872 5324 7163 8696 - 
5905 - 6680 - 
1321 4304 - 8212 - 5535 7627 - 7637 8515 8644 8901 - 
4096 6918 - 3886 5641 7735 - 3341 5623 8665 - 
312 872 1247 4650 - 3680 7774 - 473 3037 3575 7264 - 61 4474 - 1513 2975 7450 - 
3629 - 2740 8107 9463 - 573 - 
6918 - 719 5641 - 8665 - 
764 8181 - 765 6075 9293 - 1528 5477 - 2795 4549 9799 - 
4900 9289 - 2815 9119 9153 - 6275 - 779 1579 7920 8302 - 4770 9605 - 
779 2525 2975 5888 7598 - 1494 6918 8463 8822 - 3428 5641 9527 - 2797 3393 6217 7720 8665 - 3328 5499 7528 - 1337 3341 7733 - 
5650 - 4246 8760 - 341 - 4976 - 
