79.3
78.98
78.98
77.5
76.99
78.36
78.95
81.34
82.55
82.47
82.01
80.7
81.48
80.25
78.02
75.74
75.39
75.24
75.77
75.42
74.43
73.46
73.1
71.63
72.52
73.36
75.17
74.7
71.92
73.91
75.02
74.6
74.09
74.67
74.25
76.45
77.19
76.8
76.02
74.57
73.66
74.86
73.52
74.71
75.18
76.49
76.52
76.18
77.86
79.97
81.58
81.47
82.82
83.23
81.67
82.66
82.21
81.67
83.01
82.69
81.25
83.08
79.49
81.77
80.56
81.69
82.52
82.55
81.94
82.18
81.43
82.95
83.9
84.69
86.49
86.85
87.06
86.72
87.81
87.81
84.88
84.86
82.34
80.44
81.85
81.51
81.74
81.25
83.86
83.76
85.73
84.11
86.75
88
89.19
89.38
88.69
88.28
88.37
87.79
88.61
88.28
88.62
87.7
88.02
88.81
89.82
90.48
91.51
91
91.49
91.12
89.84
91.38
91.55
89.38
90.3
88.38
88.03
89.25
91.11
91.86
91.4
91.54
91.38
90.86
88.86
89.11
87.87
86.19
87.33
85.64
89.34
92.19
90.77
90.86
90.54
89.03
87.48
86.94
86.71
86.73
85.58
84.81
84.32
84.99
86.36
86.2
93.57
98.1
97.28
97.88
96.97
99.63
102.23
101.91
104.42
105.44
105.02
104.38
102.7
101.16
101.19
97.18
97.98
101.42
101.07
102.33
104
105.75
105.6
105.4
103.98
104.79
104.27
106.72
107.94
108.47
108.34
108.83
110.3
112.79
109.92
106.25
107.11
108.11
109.66
107.12
108.15
111.45
112.29
112.28
112.21
112.76
112.86
113.93
113.52
111.05
109.24
99.8
97.18
102.55
103.88
98.21
98.97
99.65
97.37
96.91
100.1
98.44
99.49
97.7
99.59
101.32
100.23
100.59
102.7
100.29
100.4
100.22
99.01
99.09
100.74
101.93
99.29
97.3
99.37
94.81
94.95
93.01
93.26
93.4
95.41
91.02
91.16
90.61
92.89
94.77
95.42
94.94
96.89
96.65
98.67
96.2
95.15
97.43
98.05
95.69
97.24
95.93
97.5
98.14
99.13
99.87
99.2
99.59
97.4
97.44
95.7
94.89
93.79
91.93
86.63
86.88
81.31
79.3
82.89
85.72
85.38
87.88
86.65
87.58
82.38
82.26
84.12
85.44
85.16
85.3
85.37
87.27
88.9
88.81
88.93
86.45
86.02
89.34
89.05
87.24
88.19
90.21
88.91
89.4
87.96
85.7
86.89
85.92
80.51
79.85
80.24
84.45
81.21
82.14
79.2
77.61
75.67
79.68
82.59
82.98
85.41
85.81
85.57
84.23
86.8
86.38
88.34
86.11
85.3
87.4
91.27
93.17
90.2
93.96
93.32
93.19
92.19
92.51
94.07
94.26
95.52
96.8
95.74
97.78
98.99
98.14
99.37
102.59
98.82
97.41
96.92
98.01
96.17
96.77
98.21
99.79
100.36
100.2
100.96
100.99
101.28
100.49
98.34
99.41
97.77
100.14
94.95
93.87
93.53
93.88
97.22
98.67
99.53
99.68
101.34
99.36
99.65
98.83
102.96
103.22
101.81
101.56
101.31
102.24
100.87
99.1
98.7
100.71
100.59
100.39
98.46
99.58
98.95
99.4
99.7
99.56
98.78
98.48
97.61
96.36
97.84
96.91
98.41
98.71
99.84
98.67
100.91
100.74
101.8
102.31
103.24
105.84
106.28
107.83
109.77
108.56
106.55
107.07
108.84
106.7
106.72
104.7
106.16
106.58
107.4
106.34
106.71
105.43
105.11
107.06
108.09
105.61
107.27
105.35
106.87
107.03
107.33
105.41
102.78
103.02
105.23
104.01
101.47
103.31
102.46
101.02
102.7
103.64
102.83
102.93
104.2
102.67
102.27
103.05
103.11
103.55
104.12
104.55
104.93
104.87
106.16
105.22
102.54
98.49
97.94
97.01
96.81
97.08
96.13
94.78
93.98
92.81
92.56
91.48
92.57
91.66
89.9
90.66
90.86
90.76
87.82
86.53
83.23
83.98
84.29
85.02
84.82
84.1
82.7
83.32
82.62
83.91
84.03
83.27
84.03
81.8
78.2
79.76
79.21
79.36
80.21
77.69
84.96
83.75
87.66
87.22
84.45
85.99
83.91
85.81
86.08
87.1
88.43
89.22
89.87
92.66
91.44
88.14
88.5
88.97
89.39
90.13
89.78
88.06
88.91
87.13
91.4
92.2
93.67
93.35
93.36
92.87
92.73
93.43
94.33
95.6
96.01
95.97
96.68
97.26
96.27
96.15
95.47
96.33
95.49
94.62
96.47
95.3
95.36
95.53
96.42
96.54
97.17
97.01
98.31
99
96.62
95.29
91.98
91.87
92.89
91.93
91.37
89.98
91.85
92.19
92.48
91.89
88.14
91.71
89.88
89.33
92.39
91.25
92.07
91.86
91.85
92.09
92.12
92.1
90.05
88.73
86.67
85.73
86.05
86.28
85.54
85.68
86.24
87.09
84.86
85.65
88.71
84.44
85.09
86.07
85.57
85.38
86.32
85.45
86.67
89.28
86.75
87.38
88.28
87.74
87.18
86.49
88.07
88.91
89.09
88.5
87.88
86.26
85.93
85.56
85.79
86.77
85.89
86.73
87.2
87.93
89.51
90.13
88.66
88.61
90.98
90.87
90.8
91.82
93.12
92.92
93.09
93.19
93.15
93.1
93.82
93.56
94.14
93.28
94.24
95.49
95.56
96.24
95.23
95.95
95.88
96.44
97.57
97.94
97.49
97.77
96.17
96.64
96.62
95.83
95.72
97.03
97.51
97.01
97.31
95.86
96.66
94.46
92.84
93.13
93.11
92.63
92.76
92.05
90.68
90.12
90.82
90.43
91.56
91.95
92.06
92.54
92.52
93.03
93.45
93.74
92.16
92.96
92.45
93.71
94.81
96.34
96.58
97.23
97.07
97.19
94.45
93.26
92.7
93.36
94.2
94.64
93.51
91.29
88.71
88.72
86.68
87.73
88.01
88.76
89.18
91.43
93.64
93
94.5
93.46
91.03
93.99
95.61
96.16
95.62
96.62
96.39
96.04
95.17
94.21
94.3
95.16
96.02
96.71
96.16
94.28
94.25
94.15
93.83
95.01
93.13
93.61
91.97
93.45
93.31
93.74
94.76
96.03
95.77
95.38
95.88
96.69
97.85
97.77
98.44
98.24
95.4
93.69
95.18
95.32
95.5
97.05
96.56
97.99
99.6
101.24
101.4
103.22
103.14
103.53
106.52
104.91
105.95
106.32
106
106.48
108.04
108.05
106.91
107.23
105.39
105.49
104.7
104.55
103.08
105.03
107.89
106.94
106.56
105.3
104.37
103.4
105.97
106.11
106.83
106.85
107.33
107.46
107.1
104.96
103.85
105.03
106.42
105.92
109.01
110.1
108.8
107.65
106.75
108.54
107.23
108.37
110.53
109.52
107.39
107.56
108.6
108.21
106.59
105.42
108.07
106.39
104.68
103.59
103.13
102.66
103.03
102.87
102.33
102.04
104.1
103.31
103.84
103.03
103.49
101.61
103.01
102.02
102.41
101.21
102.29
100.67
100.81
99.22
97.8
96.86
97.11
97.85
98.68
98.2
96.77
96.38
94.61
94.62
93.37
94.8
94.2
94.6
95.14
93.04
93.88
93.76
93.84
93.03
93.34
93.33
95.44
94.84
94.09
93.68
92.3
92.28
92.72
93.82
96.04
97.2
97.38
97.65
97.34
98.51
97.44
97.5
96.6
97.48
97.22
97.8
98.77
99.32
98.91
99.22
99.55
100.32
99.29
98.42
98.7
95.44
93.96
93.43
93.67
92.33
91.66
92.72
91.8
92.59
94.17
93.96
94.37
93.93
94.99
96.73
97.32
96.64
95.72
97.41
97.36
98.23
97.49
96.43
97.19
97.38
97.84
99.88
100.06
99.94
100.37
100.35
100.3
100.58
102.43
103.31
102.92
102.2
102.82
101.83
102.59
102.4
102.59
104.92
103.33
101.45
101.56
102.58
101.12
100.03
97.99
98.2
98.89
98.08
99.7
100.37
99.43
99.46
99.6
99.19
100.26
101.28
101.67
101.58
99.74
99.62
100.29
101.14
100.44
102.56
103.6
103.4
103.74
104.05
103.75
103.76
104.3
104.37
102.13
101.44
101.94
100.6
100.84
101.28
99.74
99.42
99.76
99.48
99.5
100.77
100.26
99.99
100.59
101.7
102.37
101.5
102.02
102.61
102.44
104.07
103.74
104.35
104.28
104.11
102.72
103.58
102.71
102.47
102.66
102.64
102.48
102.66
104.41
104.35
104.4
106.53
106.91
106.9
106.36
105.97
106.43
107.26
106.17
106.03
106.5
105.84
105.74
105.37
105.34
104.48
104.06
103.76
103.53
103.4
102.29
102.93
100.83
100.91
99.96
101.2
103.19
103.13
104.59
104.42
103.12
102.07
102.09
101.67
100.97
100.27
98.17
97.88
98.29
97.38
96.92
97.34
97.65
98.08
97.37
97.59
95.58
97.35
96.41
94.48
96.07
93.96
93.65
93.35
93.86
93.88
94.55
95.96
95.83
92.88
95.54
94.45
93.29
92.66
92.75
91.67
92.83
92.27
92.92
94.88
94.42
93.07
92.41
91.52
91.56
92.8
92.53
93.54
94.57
91.16
90.73
91.01
89.74
90.34
88.85
87.31
85.77
85.82
85.74
81.84
81.78
82.7
82.75
82.71
82.81
80.52
82.09
81.01
81
81.42
82.2
81.12
80.54
78.78
77.19
78.68
77.91
78.65
77.4
77.94
77.18
74.21
75.82
75.64
74.61
74.58
75.58
76.51
75.78
74.09
73.69
68.55
66.15
69
66.88
67.38
66.81
65.84
63.05
63.82
60.94
59.95
57.81
55.91
55.93
56.47
54.11
56.52
55.26
57.12
55.84
55.92
54.73
53.61
54.12
53.27
54.56
52.69
50.04
47.93
48.65
48.79
48.36
46.07
45.89
48.48
46.25
48.69
48.85
47.78
46.39
47.78
46.31
45.59
45.15
46.23
44.45
44.53
48.24
49.57
53.05
48.45
50.48
51.69
52.86
50.02
48.84
51.21
52.78
54.06
53.61
53.53
52.14
51.16
50.34
49.45
49.28
50.99
48.17
49.76
49.59
50.52
51.53
50.76
49.61
50
48.29
48.17
47.05
44.84
43.88
43.46
44.66
43.96
45.72
47.45
47.51
49.21
51.43
48.87
48.68
47.6
50.09
49.14
49.14
52.14
53.98
50.42
50.79
51.64
51.91
53.29
56.39
56.71
55.74
56.38
55.26
56.16
57.74
57.15
56.99
57.06
58.58
59.63
59.15
58.93
60.4
60.93
58.94
59.39
59.25
60.75
60.5
59.88
59.69
59.43
57.26
58.98
60.72
59.72
59.92
59.85
58.03
57.51
57.68
60.3
60.2
61.26
59.64
58
59.13
58.14
60.14
61.43
60.77
59.96
59.52
59.97
59.92
60.45
59.61
59.68
61.01
60.27
59.7
59.63
58.33
59.47
56.96
56.93
55.52
52.53
52.33
51.65
52.78
52.74
52.2
53.04
51.41
50.91
50.89
50.15
50.36
49.19
48.45
48.14
47.39
47.98
48.79
48.52
47.12
45.17
45.74
45.15
44.66
43.87
44.96
43.08
43.3
42.23
42.5
41.87
42.62
40.8
41.14
40.45
38.24
39.31
38.6
42.56
45.22
49.2
45.41
46.25
46.75
46.05
45.72
44.7
45.94
44.15
45.92
44.63
44
44.59
47.15
46.9
44.68
46.68
45.83
44.48
44.91
45.7
44.43
45.23
45.09
44.74
45.54
46.26
48.53
47.81
49.43
49.63
47.1
46.66
46.64
46.38
47.26
45.89
45.55
45.2
45.38
44.6
43.98
43.2
45.94
46.06
46.59
46.14
47.9
46.32
45.2
44.29
43.87
44.21
42.93
41.75
40.74
41.74
40.67
40.75
40.54
40.39
41.75
42.87
43.04
42.59
41.71
41.65
41.85
39.94
41.08
39.97
37.65
37.51
37.16
36.76
35.62
36.31
37.35
35.52
34.95
34.73
34.74
36.14
37.5
38.1
36.81
37.87
36.6
37.04
36.76
35.97
33.97
33.27
33.16
31.41
30.44
30.48
31.2
29.42
29.75
30.02
28.46
26.55
29.53
32.19
30.34
31.45
32.3
33.22
33.62
31.62
29.88
32.28
31.72
30.89
29.69
27.94
27.45
26.21
29.44
29.08
30.6
29.04
30.66
30.77
29.64
31.48
31.87
32.15
33.07
32.78
33.75
34.4
34.66
34.57
35.92
37.9
36.5
38.29
37.84
38.5
37.18
36.34
38.46
40.2
39.44
39.91
41.45
39.79
39.46
39.39
38.28
38.32
38.34
36.79
35.7
35.89
37.75
37.26
39.72
40.36
42.17
41.76
41.5
40.36
39.78
41.08
42.63
43.18
43.73
42.64
44.04
45.33
46.03
45.92
44.78
43.65
43.78
44.32
44.66
43.44
44.66
46.23
46.7
46.21
47.72
48.31
48.19
48.16
47.75
48.08
48.62
49.56
49.48
49.33
49.58
49.51
49.1
49.01
49.17
48.62
49.69
50.36
51.23
50.56
49.07
48.88
48.49
48.01
46.21
47.98
49.37
48.85
49.13
50.11
47.64
46.33
47.85
49.88
48.33
48.99
49.01
48.65
46.6
47.43
45.14
45.41
44.76
46.8
44.75
45.68
45.95
45.24
44.65
44.94
44.75
44.19
43.13
42.92
41.92
41.14
41.6
40.06
39.51
40.83
41.93
41.8
43.02
42.77
41.71
43.49
44.49
45.74
46.58
46.79
48.22
48.52
47.05
48.1
46.77
47.33
47.64
46.98
46.35
44.7
43.16
44.44
44.11
45.07
44.83
45.5
47.62
45.88
46.29
44.9
43.58
43.91
43.03
43.3
43.44
45.34
46.32
44.48
45.93
44.67
47.05
47.83
48.24
48.81
48.69
49.83
50.44
49.81
51.35
50.79
50.18
50.44
50.35
49.94
50.29
51.6
50.43
50.85
50.52
49.96
49.18
49.72
48.7
46.86
46.67
45.34
44.66
44.07
44.89
44.98
45.27
44.66
43.41
43.32
45.81
45.57
45.42
45.69
47.49
48.03
47.96
47.98
46.06
47.08
45.23
49.44
51.06
51.68
51.79
50.93
49.77
50.84
51.5
52.83
52.98
51.04
50.9
51.9
52.12
52.23
52.49
52.95
53.02
53.19
53.9
54.06
53.77
53.72
54.03
52.33
53.26
53.76
53.99
51.96
50.82
52.25
53.01
52.37
52.45
52.52
52.48
51.08
51.37
52.42
52.75
53.18
52.75
53.78
53.17
52.63
52.81
53.88
53.54
53.83
53.01
52.17
52.34
53
53.86
52.93
53.2
53.11
53.36
53.4
53.79
53.97
54.06
53.59
54.45
53.99
54.05
54.01
53.83
52.61
53.33
53.2
53.14
50.28
49.28
48.49
48.4
47.72
48.86
48.75
48.78
48.22
47.34
48.04
47.7
47.97
47.73
48.37
49.51
50.35
50.6
50.24
51.03
51.15
51.7
52.24
53.08
53.4
53.11
53.18
52.65
52.41
50.44
50.27
49.62
49.23
49.56
49.62
48.97
49.33
48.84
47.66
47.82
45.52
46.22
46.43
45.88
47.33
47.83
47.84
48.85
48.66
49.07
49.35
50.33
50.73
51.47
51.36
48.9
49.8
49.94
49.97
49.66
48.32
48.36
47.66
47.4
48.19
45.72
45.64
45.83
46.08
46.46
44.73
44.46
44.74
44.2
43.23
42.53
42.74
43.01
43.38
44.24
44.74
44.93
46.04
47.07
47.13
45.13
45.52
44.23
44.4
45.04
45.49
46.08
46.54
46.02
46.4
47.12
46.79
45.77
46.34
47.89
48.75
49.04
49.71
50.17
49.16
49.59
49.03
49.58
49.39
49.17
49.56
48.59
48.82
47.59
47.55
46.78
47.09
48.51
47.37
47.64
48.41
47.43
47.87
46.57
46.44
45.96
47.23
47.29
47.32
47.41
48.66
49.16
49.09
47.48
48.07
48.23
49.3
49.89
49.89
49.91
49.48
50.41
50.55
50.66
52.22
51.88
52.14
51.56
51.67
50.58
50.42
49.98
50.79
49.29
49.58
50.92
51.3
50.6
51.45
51.87
51.88
52.04
51.29
51.47
51.9
52.47
52.18
52.64
53.9
54.15
54.38
54.3
54.54
55.64
57.35
57.2
56.81
57.17
56.74
56.76
55.7
55.33
55.14
56.55
56.09
56.83
58.02
58.38
58.95
58.11
57.99
57.3
57.4
58.36
57.47
57.62
55.96
56.69
57.36
57.99
57.14
56.6
57.04
57.3
57.16
57.46
58.09
58.36
58.47
58.59
59.97
59.64
59.84
60.42
60.24
60.37
61.63
62.01
61.44
61.73
62.96
63.57
63.8
64.3
64.28
64.73
63.73
63.97
63.95
63.37
63.49
64.47
65.61
65.51
66.14
65.56
64.5
64.73
65.8
65.45
64.15
63.39
61.79
61.15
59.2
59.29
59.19
60.6
61.34
61.68
61.72
62.38
61.9
61.68
62.77
63.55
63.91
63.01
61.64
60.99
61.25
62.57
62.6
61.15
60.12
62.04
61.36
60.71
60.96
61.19
62.34
62.06
63.4
65.17
64.3
65.88
65.55
65.25
64.38
64.94
63.01
63.51
63.37
63.54
62.06
63.42
65.51
66.82
67.07
67.39
66.22
66.52
68.47
68.29
68.38
68.64
67.7
68.05
68.19
68.1
68.57
67.25
67.93
68.43
69.72
70.73
69.06
71.14
71.36
70.7
70.96
71.31
71.49
71.49
71.28
72.24
72.13
71.84
70.71
67.88
67.36
67.05
66.73
68.21
67.04
65.81
64.75
65.52
64.73
65.95
65.74
66.1
66.36
66.64
66.89
65.06
65.85
65.07
66.22
65.54
68.58
68.08
70.53
72.76
73.45
74.15
73.94
74.14
74.13
72.94
73.8
73.85
74.11
70.38
70.33
71.01
68.06
68.08
68.76
69.46
70.46
67.89
68.52
69.3
69.61
68.69
70.13
68.76
67.66
68.96
68.49
69.01
69.17
66.94
66.81
67.63
67.2
67.04
65.01
65.46
65.91
66.43
67.35
67.86
67.83
68.72
68.87
68.53
69.51
70.25
69.8
69.92
70.12
69.87
68.72
67.77
67.75
67.54
69.25
70.37
68.59
68.99
68.91
69.85
71.12
70.8
70.78
72.08
72.28
71.57
72.12
73.25
75.3
75.23
76.41
74.33
74.34
74.29
74.96
73.17
70.97
71.34
71.78
71.92
69.75
68.65
69.12
69.17
66.43
66.82
67.33
67.59
67.04
66.18
65.31
63.69
63.14
63.1
62.21
61.67
60.67
60.19
59.93
55.69
56.25
56.46
56.46
56.76
53.43
54.63
54.02
50.42
51.63
51.56
50.29
51.45
50.93
52.95
53.25
52.89
51.49
52.61
51
51.65
51.15
52.58
51.2
49.88
46.24
47.2
45.88
45.59
42.53
43.16
46.22
44.61
45.33
45.41
45.89
46.54
47.09
47.96
48.52
49.78
52.36
52.59
51.59
50.51
52.11
52.31
52.07
53.8
53.65
54.24
52.57
52.62
53.13
53.69
51.99
53.31
54.23
53.79
55.26
54.56
53.66
54.01
52.64
52.72
52.41
53.1
53.9
54.41
55.59
56.33
56.27
56.09
56.92
56.96
57.26
55.48
55.5
56.94
57.22
55.8
56.59
56.56
56.22
56.66
56.07
56.79
56.87
58.26
58.61
58.52
59.09
59.03
59.83
59.98
59.04
58.82
59.94
59.41
59.3
60.14
61.59
62.58
62.46
62.1
63.08
64.4
63.98
64.61
63.58
63.89
63.4
64.05
63.76
64
65.7
66.3
65.89
65.21
63.3
63.5
63.91
63.6
61.81
61.94
62.25
61.4
62.12
61.7
61.66
61.04
61.78
62.02
62.87
62.76
63.1
62.99
61.42
57.91
58.63
58.77
59.16
59.14
58.81
56.59
53.5
53.25
53.48
51.68
52.59
53.99
53.26
53.27
51.14
52.28
52.51
51.93
53.9
53.76
56.65
57.43
57.9
57.83
59.38
59.43
58.47
59.09
56.25
57.34
56.8
57.51
57.66
57.83
60.43
60.2
60.21
59.58
57.62
56.78
55.3
55.63
56.22
56.77
55.88
56.02
56.2
56.87
58.05
58.58
53.95
55.66
54.69
53.63
51.09
52.54
54.5
54.93
57.1
55.23
54.47
54.87
56.21
56.34
55.68
55.35
54.17
53.64
54.93
55.78
56.71
55.1
54.8
54.66
53.94
56.26
56.3
56.52
57.85
57.4
55.75
55.09
54.85
62.9
59.34
58.11
58.13
58.09
58.64
57.29
56.49
56.41
55.91
54.07
53.62
52.64
52.45
52.81
52.75
52.63
52.59
53.55
54.7
53.59
52.81
53.36
53.93
53.78
53.31
54.16
55.97
56.23
56.66
55.81
55.54
55.06
54.18
56.2
56.54
57.23
56.35
57.15
57.24
56.86
56.8
57.12
56.77
57.72
57.05
55.21
57.11
58.58
57.77
58.01
58.41
58.11
58.08
55.17
55.96
56.1
58.43
58.43
59.2
59.02
59.24
58.76
59.18
60.07
60.21
60.94
60.93
61.22
60.44
60.52
61.11
61.19
61.68
61.72
61.68
61.06
61.33
61.18
63.05
63.27
62.7
59.61
59.56
59.04
58.08
58.23
57.81
58.52
58.54
59.27
58.73
58.34
56.74
55.59
54.19
53.14
53.48
53.33
52.14
51.56
50.11
49.61
50.75
50.95
50.32
49.57
49.94
51.17
51.42
52.05
52.36
52.2
52.05
53.29
53.78
53.38
51.43
49.9
49.79
