30.049999
30.35
29.65
30.450001
32.099998
32
29.57
29.049999
29.360001
29.780001
29.059999
29.059999
28.700001
29.799999
31.25
30.5
30.35
31.200001
31.559999
31.049999
30.549999
30.34
29.75
28.799999
29.16
28.58
28.549999
28.82
29
28.440001
28.120001
27.42
27.65
27.84
28.6
28.299999
28.950001
28.49
27.799999
28
27.450001
26.450001
26.65
26.700001
26.18
25.9
26.799999
26.52
27.299999
27.459999
27.75
26.25
26.35
26.4
25.59
26.190001
27.120001
27.26
27.059999
27.34
28.48
28.18
28.25
28.790001
28.24
27.950001
27.83
27.280001
27.610001
26.860001
27.290001
28.440001
28.27
28.459999
28.940001
27.799999
28.450001
28.360001
27.77
27.389999
28.23
28.52
28.549999
28.709999
28.98
28.860001
28.91
29.91
29.98
29.74
29.58
28.41
28.379999
28.66
28.549999
28.370001
27.93
28.129999
28.24
27.719999
27.75
28.4
29.040001
29.18
28.84
29.040001
28.51
27.549999
27.48
26.5
26.559999
26.83
27.25
26.98
25.610001
25.559999
26.25
25.950001
26.24
27.02
28.209999
27.59
27.49
27.110001
26.799999
26.59
26.059999
25.57
24.889999
24.700001
25.59
26.120001
26.309999
26.84
26.73
27.02
26.629999
26.35
26.77
27.709999
27.620001
27.74
27.940001
27.540001
27.639999
28.049999
27.82
28.01
27.559999
27.450001
26.629999
27.18
27.85
26.370001
26.629999
26.9
26.67
27.17
27.049999
26.549999
27.200001
26.93
26.950001
27.58
28.030001
27.629999
29.530001
28.809999
27.700001
26.719999
26.59
25.969999
22.01
21.809999
22.379999
22.74
23.43
23.280001
22.790001
22.08
22.629999
22.389999
22.450001
22.48
22.530001
23.34
22.5
22.290001
22
21.809999
21.309999
21.83
21.76
21.85
22.33
22.01
22.049999
22.15
21.870001
21.18
20.389999
20.18
20.02
19.92
20.09
21.17
22.219999
21.23
21.67
19.74
17.450001
18.030001
17.719999
19.15
18.959999
18.690001
19.48
19.219999
18.620001
19.440001
20.09
19.65
19.49
18.540001
19.040001
18.370001
18.08
18.360001
18.120001
19.290001
19.219999
19.360001
19.799999
19.280001
19.620001
21.27
20.9
20.41
19.84
21.01
20.370001
21.620001
21.48
21.25
20.18
20.379999
19.68
18.889999
18.9
18.860001
18.040001
18
18.6
19.48
19.719999
20
20.049999
19.57
19.15
19.48
20.4
20.059999
20.049999
19.75
19.68
20.25
21.32
20.75
21.15
21.219999
21.5
20.870001
20.23
21.049999
21.08
20.42
21.360001
21.290001
21.85
22.360001
22.5
23.17
23.219999
23.780001
23.85
24.299999
24.15
24.15
24.549999
24.48
25.049999
25.049999
24.700001
25.6
25.26
25.02
25.43
25.870001
26.23
26.860001
27.700001
27.559999
26.68
26.219999
26.549999
25.799999
26.120001
25.02
23.450001
24.549999
24.85
25.92
26.09
26.4
26.299999
26.59
26.43
26.67
27.15
27.52
27.290001
26.74
26.35
26.719999
26.08
26.620001
27.73
27.700001
27.879999
28.450001
29.299999
28.200001
27.969999
28.200001
28.200001
27
26.450001
26.15
25.879999
25.18
25.719999
24.700001
25.35
25.110001
25.299999
24.889999
24.93
24.73
24.32
24.18
24.68
25.639999
25.870001
26.09
25.35
25.299999
25.6
25.75
26.469999
26.32
26.76
26.860001
26.860001
26.809999
26.77
26.799999
26.07
26.09
26.77
26.83
27.469999
27.07
27.75
27.879999
27.57
27.83
26.6
26.309999
26.870001
26.77
26.540001
26.549999
27.360001
27.02
26.469999
26.84
26.58
27.17
26.5
26.67
26.860001
27.860001
27.9
28.15
29.059999
29.33
29.84
30.110001
29.24
28.84
28.73
29.280001
28.83
28.34
28.92
28.98
27.790001
28.27
28.98
29.610001
29.73
29.73
29.77
28.85
29.809999
29.67
29.08
29.48
29.5
29.84
30.709999
30.77
30.639999
30.41
30.540001
30.469999
30.83
30.49
29.76
29.620001
29.639999
29.48
29.35
28.969999
29.370001
30.030001
29.719999
29.469999
29.620001
29.6
28.379999
27.92
28.18
28.200001
27.049999
27.290001
26.860001
26.809999
27.219999
27.129999
26.950001
26.139999
25.77
25.379999
25.780001
25.940001
25.9
25.190001
25.290001
25.51
26.709999
26.42
26.98
26.35
26.76
26.110001
26.4
26.889999
27.24
27.299999
26.73
27.290001
26.93
27.26
27.75
27.4
27.92
28.440001
30.1
30.1
30.440001
30.559999
30.299999
31.75
31.969999
32.490002
32.720001
31.370001
31.200001
31.85
33.080002
32.099998
31.08
30.559999
31.99
31.68
32.259998
32.369999
33.200001
33.66
33.91
34.610001
32.849998
32.25
33.279999
32.290001
32.669998
33.630001
33.849998
33.509998
32.759998
33.580002
33.93
34.16
35.119999
34.48
35.439999
35.77
36.360001
36.799999
36.959999
37.16
36.790001
35.580002
36.48
36.060001
37.700001
37.200001
36.599998
35.880001
36.889999
36.689999
37
37.779999
37.27
36.720001
37.830002
36.009998
35.380001
34.93
31.67
29.879999
28.610001
26.91
28.66
27.969999
28.629999
30.370001
30.16
31.040001
29.780001
28.559999
28.969999
28.620001
27.959999
28
28.85
27.459999
28.139999
28.629999
29.290001
29.18
30.549999
30.870001
29.91
26.65
26.639999
26.26
25.49
25.24
25.799999
26.030001
25.67
26.49
25.719999
26.23
26.98
27.719999
27.35
28.5
29.17
28.74
29.139999
28.83
29.280001
29.030001
28.85
29.16
29.35
28.58
29.1
29.559999
30.709999
30.67
30.049999
30.74
31.280001
31.450001
31.73
32.360001
31.51
30.65
31.18
31.07
30.360001
29.959999
30.82
29.17
28.780001
29.950001
29.01
29.27
30.190001
30.4
30.15
30.42
30.129999
30.219999
30.879999
31.059999
31.280001
31.27
31.620001
31.049999
31.41
31.959999
31.780001
30.190001
29.67
30.219999
30.17
30.110001
30.24
30.68
30.540001
32.310001
31.84
32.220001
31.700001
32.389999
32.18
32.009998
31.92
30.780001
31.09
31.049999
30.889999
30.700001
30.950001
31.879999
31.84
31.559999
31.950001
31.209999
31.5
31.57
29.41
29.49
28.98
28.879999
28.85
29.18
29.35
28.82
28.27
28.139999
27.559999
27.030001
27.17
27.030001
26.959999
27.129999
28.24
28.290001
28.16
28.4
29.200001
29.389999
29.84
30.4
30.469999
30.41
29.809999
31.01
31.969999
31.950001
31.82
31.77
31.540001
30.68
30.35
30.18
29.92
30.299999
30.16
29.92
29.559999
28.91
28.469999
29.110001
28.9
28.75
30.299999
30.26
30.85
30.879999
31.15
31.33
31.9
32.369999
31.73
33.279999
32.919998
32.860001
31.610001
29.74
29.77
30.41
29.950001
30.780001
31.1
31.26
30.73
32.099998
31.76
31.879999
31.85
33.040001
33.18
32.889999
33.349998
33.709999
33.02
31.870001
31.950001
32.860001
32.400002
32.790001
32.52
33.779999
33.700001
33.619999
33.98
34.310001
34.720001
34.43
34.5
33.439999
35.07
36.200001
34.580002
34.93
34.939999
34.470001
34.119999
33.619999
32.810001
33.049999
34.98
34.099998
33.099998
33.080002
32.48
32.830002
33.869999
34
33.98
34.560001
35.16
35.450001
36
35.599998
34.349998
34.580002
35.68
35.509998
36.16
36.860001
36.66
35.799999
36.639999
37.259998
36.57
36.279999
36.099998
36.779999
36.189999
37.439999
37.48
38.18
37.93
38.080002
37.110001
37.450001
37.009998
35.509998
35.73
35.450001
36.25
35.759998
34.27
34.389999
34.380001
34.970001
36.150002
37.139999
37.84
37.209999
36.720001
37.57
37.740002
37.419998
37.599998
35.73
36.709999
36.459999
36.970001
37.529999
37.459999
37.310001
37.380001
38.209999
38.98
39.57
39.369999
39.93
38.93
40.060001
40.77
41.080002
41.380001
41.549999
40.540001
41.5
40.919998
39.93
41.720001
41.139999
40.700001
39.439999
39.880001
42.330002
39.959999
39.279999
38.490002
38.66
37.279999
37.540001
38.450001
37.59
37.189999
37.32
38.459999
38.75
37.630001
38.110001
37.57
37.93
37.549999
36.240002
35.66
37.049999
38.740002
38.389999
39.650002
39.080002
40.330002
39.959999
39.5
39.439999
40.970001
40.77
41.25
41.639999
40.860001
40.580002
41.360001
41.709999
41.439999
41.84
42.900002
42.75
43.799999
43.82
44.150002
42.830002
44.41
43.950001
44.84
44.52
44.799999
45.5
46.580002
46.049999
46.75
47.27
48.700001
47.860001
46.049999
45.209999
43.470001
43.099998
43.18
42.279999
42.119999
44
44.060001
43.990002
43.310001
42.77
44.610001
42.810001
43.869999
44.389999
43.580002
43.880001
45.59
46.349998
47.099998
48.349998
48.459999
48.880001
49.639999
49.900002
49.509998
49.639999
50.119999
49.91
51.09
52.02
52.669998
53.310001
53.639999
52.509998
53.639999
54.759998
54.93
53.669998
53.290001
54.919998
54.470001
55.169998
54.540001
55.169998
52.459999
50.919998
51.759998
50.130001
49.619999
50.880001
48.82
49.610001
49.09
47.369999
48.860001
47.419998
47.32
46.869999
46.110001
46.84
46.220001
48.439999
48.639999
48.939999
49.439999
49.759998
49.130001
45.490002
43.25
42.540001
42.98
41.459999
41.939999
42.529999
40.709999
41.009998
41.82
44.189999
44.18
46.279999
45.639999
45.759998
44.240002
44.18
41.32
41.77
43.639999
43.450001
42.119999
43.91
43.389999
45.560001
45.43
45.330002
45.68
46.369999
48.040001
48.380001
48.380001
47.549999
46.91
48.529999
48.810001
49.639999
48.779999
48.84
47.18
48.200001
47.119999
46.689999
46.450001
46.48
45.279999
45.400002
45.459999
47.099998
47.16
47.439999
47.259998
48.330002
47.540001
48.349998
51.150002
51.169998
51.389999
51.490002
51.75
51.68
53.049999
53.57
53.779999
53.889999
54.59
54.77
53.540001
54.43
54.950001
55.049999
56.459999
56.400002
56.720001
56.619999
56.029999
53.810001
54.84
54.049999
54.23
53.990002
55.400002
57.27
57.009998
56.040001
55.849998
54.110001
53.32
53.709999
51.860001
50.220001
51.130001
50.490002
50.369999
52.290001
52.439999
54.200001
55.389999
54.57
54.200001
51.610001
51.77
49.720001
50.919998
49.5
50.130001
50.830002
50.959999
52.029999
52.07
50.450001
48.540001
48.669998
48.610001
48.970001
47.25
46.919998
46.799999
49.16
49.669998
50.98
51.009998
51.849998
51.970001
54.599998
53.630001
55.029999
54.490002
53.759998
52.540001
54.279999
53.540001
55.619999
55
55.57
56.580002
58.470001
59.369999
58.900002
58.09
59.419998
59.84
60.540001
58.200001
57.259998
56.5
58.75
59.59
61.279999
60.73
59.630001
58.919998
60.619999
60.009998
57.799999
58.09
57.32
57.459999
56.720001
57.130001
58.650002
59
59.200001
59.110001
59.939999
60.57
61.57
61.889999
60.860001
61.380001
62.310001
63.939999
63.07
64.900002
65.800003
66.860001
66.269997
66.080002
63.25
63.27
65.349998
65.449997
65.709999
67.32
67.489998
66.129997
67.199997
69.809998
68.940002
69.470001
67.57
65.959999
64.370003
64.489998
64.080002
63.330002
63.110001
65.089996
64.75
63
67.389999
66.230003
66.800003
66.5
64.190002
65.82
65.07
66.349998
66.790001
66.239998
65.470001
63.900002
62.790001
61.360001
61.84
61.799999
63.529999
64.120003
63.080002
62.630001
64.360001
63.200001
62.41
61.029999
60.630001
60.32
62.439999
60.66
61.09
61.220001
59.759998
59.849998
59.75
61.779999
60.580002
59.470001
59.709999
58.93
57.799999
57.529999
57.689999
56.98
57.880001
56.330002
56.139999
57.700001
58.84
58.709999
57.360001
56.5
57.32
58.470001
59.32
59.91
59.939999
59.209999
60.66
59.389999
61.299999
61.369999
60.849998
59.990002
58.060001
57.330002
57.98
58.560001
58.279999
58.43
58.16
59.82
60.32
61.040001
63.139999
63.419998
62.790001
64.209999
63.5
63.369999
63.939999
63.939999
63.919998
66.309998
65.730003
66.830002
68.349998
68.099998
67.059998
65.849998
66.260002
67.760002
68.349998
67.919998
66.559998
64.68
65.370003
65.110001
63.09
62.549999
62.619999
61.84
61.240002
59.57
57.700001
58.459999
59.880001
61.099998
61.009998
60.540001
62.91
61
61.41
61.970001
63.360001
63.669998
62.41
61.580002
60.02
60.470001
59.959999
61.77
63.099998
62.169998
63.580002
62.77
60.419998
60.57
61.77
63.91
64.260002
64.160004
66.07
66.449997
67.150002
66.629997
66.739998
66.230003
67.07
67.940002
67.389999
68.739998
68.980003
68.620003
69.32
70.400002
71.349998
72.169998
71.949997
75.169998
73.330002
72.879997
71.93
70.970001
71.879997
73.699997
74.610001
72.279999
69.940002
70.190002
69.769997
70.690002
72.129997
73.32
72.040001
69.410004
69.529999
68.699997
69.449997
68.529999
69.230003
71.760002
69.860001
71.32
71.370003
72.029999
71.290001
70.339996
72.330002
72.599998
72.5
70.82
70.349998
71.629997
70.360001
68.559998
69.139999
69.5
69.879997
68.980003
68.940002
70.330002
70.839996
70.870003
71.800003
71.919998
72.190002
73.519997
73.980003
75.190002
75.139999
74.089996
73.610001
74.160004
74.949997
76.699997
77.029999
75.300003
73.540001
72.660004
73.080002
74.43
75.050003
73.75
73.940002
74.540001
73.239998
74.400002
74.910004
75.809998
75.459999
74.760002
76.980003
76.309998
76.349998
74
74.349998
73.529999
73.050003
71.889999
70.059998
71.139999
72.449997
72.629997
71.760002
72.360001
72.510002
70.610001
69.709999
70.029999
70.260002
69.190002
68.019997
68.599998
67.5
67.32
66.25
65.610001
63.759998
63.970001
63.220001
63.330002
63.799999
61.66
60.459999
61.59
60.549999
61.450001
61.009998
62.959999
62.759998
62.91
61.029999
58.68
59.41
60.029999
59.759998
59.959999
58.52
57.59
57.860001
58.57
59.939999
58.93
57.650002
58.5
56.82
58.810001
59.349998
61.400002
60.360001
60.75
58.360001
58.73
58.709999
57.880001
59.139999
60.02
58.93
59.830002
61.16
59.59
58.580002
58.279999
58.759998
56.259998
55.810001
58.799999
60.169998
59.240002
60.32
60.990002
62.459999
63.130001
63.43
62.439999
62.43
62.189999
62.490002
62.029999
61.220001
61.02
61.369999
62.509998
63.43
62.209999
63.150002
63.720001
62.66
62.41
61.099998
60.34
60.529999
61.049999
61.049999
58.32
55.59
56.310001
56.09
55.639999
54.02
51.880001
52.990002
51.209999
52.240002
50.48
51.990002
51.130001
55.040001
55.369999
54.23
55.419998
54.009998
56.970001
58.139999
57.299999
59.02
58.740002
58.880001
57.709999
59.709999
59.889999
57.810001
59.060001
58
57.990002
59.389999
58.07
60.07
60.950001
61.139999
61.389999
61.459999
61.790001
62
61.639999
60.07
60.689999
61.82
61.639999
60.049999
58.91
57.93
58.16
57.549999
57.110001
56.59
56.73
59.610001
61.689999
62.279999
62.91
62.93
64.080002
66.029999
65.870003
65.940002
64.639999
64.379997
64.279999
61.509998
61.889999
62.009998
63.849998
63.630001
63.610001
63.099998
63.130001
61.830002
63.380001
65.889999
64.580002
65.839996
65.059998
66.459999
65.709999
64.400002
63.68
63.189999
61.93
61.470001
62.259998
61.549999
61.810001
62.369999
62.459999
63.169998
62.549999
64.860001
64.940002
66.269997
64.970001
65.769997
64.18
65.199997
63.150002
63.490002
64.010002
65.080002
66.209999
65.610001
65.959999
66.93
64.760002
65.970001
65.349998
66.260002
67.650002
68
69.089996
69.099998
68.190002
68.650002
69.139999
69.18
67.769997
68.970001
69.57
70.68
71.089996
71.809998
72.809998
72.190002
72.809998
72.559998
72.5
73.93
74.150002
74.019997
75.050003
75.919998
75.57
74.889999
73.559998
75.879997
74.949997
77.019997
76.830002
78.209999
76.529999
76.860001
75.480003
72.059998
72.419998
72.150002
71.589996
71.470001
71.620003
72.379997
73.330002
71
71.980003
71.120003
69.470001
69.260002
69.830002
71.089996
71.970001
71.730003
73.510002
73.360001
74.040001
75.080002
75.730003
76.300003
76.699997
77.489998
78.230003
79.910004
80.089996
79.099998
80.57
81.510002
81.93
83.32
81.620003
80.949997
79.529999
80.300003
82.879997
81.660004
80.239998
80.050003
79.940002
81.440002
81.220001
79.019997
80.260002
81.300003
83.080002
83.690002
86.129997
87.610001
87.400002
89.470001
88.599998
87.559998
85.269997
87.099998
90.459999
91.860001
93.529999
90.379997
94.529999
93.489998
95.93
93.980003
96.699997
96.370003
95.459999
96.32
94.620003
91.169998
94.089996
93.43
95.099998
94.639999
98.029999
97.290001
97.699997
94.419998
90.620003
91.010002
88.709999
89.309998
88.32
87.489998
90.230003
88.279999
87.860001
90.019997
94.389999
92.25
91.269997
90.629997
90.489998
91.239998
91.059998
93.309998
95.970001
96.620003
96
95.980003
99.620003
99.18
97.910004
95.089996
96.330002
95.669998
93.709999
92.690002
94.199997
91.900002
90.839996
90.129997
90.57
89.849998
86.989998
89.410004
90.709999
90.989998
91.639999
92.330002
91.75
88.959999
90.019997
88.410004
87.139999
88.110001
91.769997
93.589996
92.779999
93.269997
95.459999
95.5
100.010002
100.739998
98.230003
98.809998
99.230003
100.879997
99.639999
102.589996
101.839996
102.449997
99.519997
104.519997
105.470001
105.150002
107.900002
108.75
109.919998
110.330002
110.209999
105.68
109.419998
104.480003
101.839996
100.860001
101.220001
105.900002
107.580002
105.620003
101.580002
100.980003
104.830002
103.830002
106.230003
109.089996
108.5
110.870003
110.110001
110.139999
111.760002
113.790001
114.93
114.860001
116.690002
117.480003
119.370003
118.300003
116.059998
118.519997
118.75
115.629997
113.459999
112.519997
116.32
119.970001
121.839996
123.529999
123.690002
125.959999
124.230003
125.800003
124.220001
124.120003
126.290001
127.050003
129.070007
133.169998
130.809998
132.190002
128.850006
131.029999
126.620003
127.349998
127.760002
124.309998
122.300003
127.790001
138.539993
134.350006
131.309998
136.380005
136.740005
134.860001
134.610001
134.009995
136.679993
131.929993
134.619995
136.740005
137
134.550003
139.639999
140.210007
140
140.970001
143.570007
141.369995
136.039993
136.050003
141.649994
145.080002
145.179993
138.740005
134.600006
129.289993
128.880005
131.039993
127.949997
124.440002
125.489998
123.260002
124.730003
122.190002
126.769997
124.080002
125.099998
121.410004
119.169998
118.580002
120.019997
115.199997
114.449997
113.010002
116
115.010002
113.769997
112.870003
114.529999
114.980003
121.18
114.589996
115.110001
116.269997
118.150002
115.589996
115.459999
109.709999
109.349998
107.889999
106.230003
106.339996
103.260002
102.580002
100.870003
101.18
95.709999
91.150002
97.160004
97.879997
104.550003
120.919998
106.610001
105.730003
108.019997
106.889999
96.370003
100.639999
98.529999
93.970001
93.879997
87.809998
90.059998
88.949997
86.589996
77.699997
81.190002
78.629997
74.540001
69.849998
71.849998
74.25
70.889999
66.75
67.839996
64.150002
63.220001
62.73
67.5
65.959999
67.809998
63.91
70.529999
65.300003
60.77
61.040001
62.41
59.330002
56.16
58.240002
57.040001
54.950001
54.389999
53.619999
49.619999
49.93
54.5
50.77
54.439999
49.279999
46.959999
46.790001
43.669998
40.810001
43.709999
42.07
43.52
47.98
46.279999
44.509998
43.599998
40.060001
36.220001
33.869999
39.91
38.98
37.709999
40.02
39.029999
46.34
48.810001
48.580002
42.630001
41.700001
40.830002
37.59
37.779999
37.279999
35.400002
36.509998
38.740002
43.549999
43.669998
46.470001
45.73
41.580002
42.16
41.439999
41.68
40.080002
40.779999
40.32
41.169998
40.169998
39.560001
37.549999
35.939999
33.98
37.509998
34.93
34.619999
39.48
38.939999
38.439999
39.959999
42.5
45.220001
44.759998
40.150002
41.650002
45.380001
43.610001
45.52
47.07
45.709999
42.330002
47.029999
46.25
47.349998
49.16
48.139999
51.610001
51.060001
53.799999
53.98
52.77
54.34
52.380001
48.41
49.66
48.389999
52.639999
52.509998
51.049999
49.150002
49.380001
52.240002
50.049999
49.41
49.25
49.98
50.330002
45.880001
46.509998
48.849998
49.619999
51.549999
50.139999
49.919998
50.970001
51.119999
53.200001
54.470001
53.84
56.34
56.709999
58.630001
58.5
58.849998
58.02
58.619999
56.34
59.029999
59.650002
62.040001
61.049999
61.669998
62.450001
63.450001
65.080002
66.309998
68.580002
68.550003
66.120003
68.809998
68.440002
68.089996
70.010002
71.330002
72.68
72.040001
70.620003
70.470001
71.029999
71.370003
69.550003
66.93
69.239998
68.669998
70.230003
69.160004
71.489998
69.889999
69.309998
66.730003
64.050003
62.93
60.139999
60.41
59.889999
59.689999
59.52
61.540001
62.02
63.560001
63.98
64.720001
65.400002
67.160004
68.050003
68.379997
67.230003
63.349998
66.940002
69.449997
71.580002
71.419998
71.970001
71.940002
70.93
70.599998
69.449997
70.160004
70.519997
67.510002
66.75
69.190002
72.419998
72.540001
73.889999
74.370003
72.050003
71.43
72.489998
72.739998
69.959999
68.050003
68.050003
67.959999
68.019997
71.099998
71.309998
71.940002
69.290001
68.860001
70.93
72.510002
72.470001
72.040001
69.709999
71.550003
68.970001
65.889999
66.019997
66.839996
66.709999
70.610001
70.82
69.949997
70.410004
70.879997
69.57
71.690002
71.769997
73.269997
74.150002
75.18
77.580002
78.529999
79.610001
79.089996
81.370003
81.190002
80.5
78.68
79.550003
77.459999
79.870003
77
78.129997
79.599998
80.400002
79.620003
77.43
79.43
79.050003
79.279999
76.940002
76.349998
78.900002
79.139999
79.580002
77.459999
76.720001
77.559998
76.019997
77.959999
77.279999
78.370003
76.599998
76.459999
75.470001
73.93
72.620003
70.669998
70.540001
69.870003
69.510002
70.690002
72.660004
72.650002
73.360001
72.470001
74.400002
76.669998
78.769997
78.870003
79.279999
79.360001
81.510002
81.769997
83.18
82.660004
82.75
82.519997
80.790001
79.650002
79.389999
78
79.019997
77.620003
76.080002
74.540001
75.260002
74.709999
73.669998
73.639999
72.889999
74.43
77.230003
76.980003
73.139999
71.190002
71.889999
73.75
74.519997
75.279999
74.129997
77.010002
77.330002
79.059998
79.809998
80.160004
78.860001
80
78.169998
79.660004
78.699997
79.68
80.870003
80.209999
81.5
81.870003
81.489998
82.089996
82.110001
81.239998
79.800003
81.699997
82.93
82.199997
80.68
81.25
81.910004
80.610001
80.529999
80
82.169998
82.370003
83.760002
84.870003
86.620003
86.839996
85.879997
85.389999
84.919998
84.339996
84.050003
85.839996
85.510002
83.239998
81.449997
83.449997
83.68
83.699997
85.120003
84.199997
82.440002
83.220001
85.169998
86.150002
86.190002
82.739998
79.970001
77.110001
75.110001
76.800003
76.370003
75.650002
74.400002
71.610001
70.080002
69.410004
69.870003
68.010002
70.040001
70.209999
68.75
71.510002
74.550003
73.970001
72.580002
72.860001
74.610001
71.510002
71.440002
71.989998
74.379997
75.480003
73.779999
75.120003
76.940002
77.669998
76.790001
77.18
77.82
77.209999
76.349998
76.510002
78.860001
78.25
75.940002
75.629997
72.949997
72.139999
71.980003
74.07
75.440002
76.089996
74.949997
77.150002
77.040001
76.620003
76.010002
76.540001
77.440002
76.559998
79.300003
78.980003
78.980003
77.5
76.989998
78.360001
78.949997
81.339996
82.550003
82.470001
82.010002
80.699997
81.480003
80.25
78.019997
75.739998
75.389999
75.239998
75.769997
75.419998
74.43
73.459999
73.099998
71.629997
72.519997
73.360001
75.169998
74.699997
71.919998
73.910004
75.019997
74.599998
74.089996
74.669998
74.25
76.449997
77.190002
76.800003
76.019997
74.57
73.660004
74.860001
73.519997
74.709999
75.18
76.489998
76.519997
76.18
77.860001
79.970001
81.580002
81.470001
82.82
83.230003
81.669998
82.660004
82.209999
81.669998
83.010002
82.690002
81.25
83.080002
79.489998
81.769997
80.559998
81.690002
82.519997
82.550003
81.940002
82.18
81.43
82.949997
83.900002
84.690002
86.489998
86.849998
87.059998
86.720001
87.809998
87.809998
84.879997
84.860001
82.339996
80.440002
81.849998
81.510002
81.739998
81.25
83.860001
85.730003
84.110001
86.75
88
89.190002
89.379997
88.690002
88.279999
88.370003
87.790001
88.610001
88.279999
88.620003
87.699997
88.019997
88.809998
89.82
90.480003
91.510002
91
91.489998
91.120003
89.839996
91.379997
91.550003
89.379997
90.300003
88.379997
88.029999
89.25
91.110001
91.860001
91.400002
91.540001
91.379997
90.860001
88.860001
89.110001
87.870003
86.190002
87.330002
85.639999
89.339996
92.190002
90.769997
90.860001
90.540001
89.029999
87.480003
86.940002
86.709999
86.730003
85.580002
84.809998
84.32
84.989998
86.360001
86.199997
93.57
98.099998
97.279999
97.879997
96.970001
99.629997
102.230003
101.910004
104.419998
105.440002
105.019997
104.379997
102.699997
101.160004
101.190002
97.18
97.980003
101.419998
101.07
102.330002
104
105.75
105.599998
105.400002
103.980003
104.790001
104.269997
106.720001
107.940002
108.470001
108.339996
108.830002
110.300003
112.790001
109.919998
106.25
107.110001
108.110001
109.660004
107.120003
108.150002
111.449997
112.290001
112.279999
112.209999
112.760002
112.860001
113.93
113.519997
111.050003
109.239998
99.800003
97.18
102.550003
103.879997
98.209999
98.970001
99.650002
97.370003
96.910004
100.099998
98.440002
99.489998
97.699997
99.589996
101.32
100.230003
100.589996
102.699997
100.290001
100.400002
100.220001
99.010002
99.089996
100.739998
101.93
99.290001
97.300003
99.370003
94.809998
94.949997
93.010002
93.260002
93.400002
95.410004
91.019997
91.160004
90.610001
92.889999
94.769997
95.419998
94.940002
96.889999
96.650002
98.669998
96.199997
95.150002
97.43
98.050003
95.690002
97.239998
95.93
97.5
98.139999
99.129997
99.870003
99.199997
99.589996
97.400002
97.440002
95.699997
94.889999
93.790001
91.93
86.629997
86.879997
81.309998
79.300003
82.889999
85.720001
85.379997
87.879997
86.650002
87.580002
82.379997
82.260002
84.120003
85.440002
85.160004
85.300003
85.370003
87.269997
88.900002
88.809998
88.93
86.449997
86.019997
89.339996
89.050003
87.239998
88.190002
90.209999
88.910004
89.400002
87.959999
85.699997
86.889999
85.919998
80.510002
79.849998
80.239998
84.449997
81.209999
82.139999
79.199997
77.610001
75.669998
79.68
82.589996
82.980003
85.410004
85.809998
85.57
84.230003
86.800003
86.379997
88.339996
86.110001
85.300003
87.400002
91.269997
93.169998
90.199997
93.959999
93.32
93.190002
92.190002
92.510002
94.07
94.260002
95.519997
96.800003
95.739998
97.779999
98.989998
98.139999
99.370003
102.589996
98.82
97.410004
96.919998
98.010002
96.169998
98.209999
99.790001
100.360001
100.199997
100.959999
100.989998
101.279999
100.489998
98.339996
99.410004
97.769997
100.139999
94.949997
93.870003
93.529999
93.879997
97.220001
98.669998
99.529999
99.68
101.339996
99.360001
99.650002
98.830002
102.959999
103.220001
101.809998
101.559998
101.309998
102.239998
100.870003
99.099998
98.699997
100.709999
100.589996
100.389999
98.459999
99.580002
98.949997
99.400002
99.699997
99.559998
98.779999
98.480003
97.610001
96.360001
97.839996
96.910004
98.410004
98.709999
99.839996
98.669998
100.910004
100.739998
101.800003
102.309998
103.239998
105.839996
106.279999
107.830002
109.769997
108.559998
106.550003
107.07
108.839996
106.699997
106.720001
104.699997
106.160004
106.580002
107.400002
106.339996
106.709999
105.43
105.110001
107.059998
108.089996
105.610001
107.269997
105.349998
106.870003
107.029999
107.330002
105.410004
102.779999
103.019997
105.230003
104.010002
101.470001
103.309998
102.459999
101.019997
102.699997
103.639999
102.830002
102.93
104.199997
102.669998
102.269997
103.050003
103.110001
103.550003
104.120003
104.550003
104.93
104.870003
106.160004
105.220001
102.540001
98.489998
97.940002
97.010002
96.809998
97.080002
96.129997
94.779999
93.980003
92.809998
92.559998
91.480003
92.57
91.660004
89.900002
90.660004
90.860001
90.760002
87.82
86.529999
83.230003
83.980003
84.290001
85.019997
84.82
84.099998
82.699997
83.32
82.620003
83.910004
84.029999
83.269997
84.029999
81.800003
78.199997
79.760002
79.209999
79.360001
80.209999
77.690002
84.959999
83.75
87.220001
84.449997
85.989998
83.910004
85.809998
86.080002
87.099998
88.43
89.220001
89.870003
92.660004
91.440002
88.139999
88.5
88.970001
89.389999
90.129997
89.779999
88.059998
88.910004
87.129997
91.400002
92.199997
93.669998
93.349998
93.360001
92.870003
92.730003
93.43
94.330002
95.599998
96.010002
95.970001
96.68
97.260002
96.269997
96.150002
95.470001
96.330002
95.489998
94.620003
96.470001
95.300003
95.360001
95.529999
96.419998
96.540001
97.169998
97.010002
98.309998
99
96.620003
95.290001
91.980003
91.870003
92.889999
91.93
91.370003
89.980003
91.849998
92.190002
92.480003
91.889999
88.139999
91.709999
89.879997
89.330002
92.389999
91.25
92.07
91.860001
91.849998
92.089996
92.120003
92.099998
90.050003
88.730003
86.669998
85.730003
86.050003
86.279999
86.239998
87.089996
84.860001
85.650002
88.709999
84.440002
85.089996
86.07
85.57
85.379997
86.32
85.449997
86.669998
89.279999
86.75
87.379997
87.739998
87.18
86.489998
88.07
88.910004
89.089996
88.5
87.879997
86.260002
85.93
85.559998
85.790001
86.769997
85.889999
86.730003
87.199997
87.93
89.510002
90.129997
88.660004
90.980003
90.870003
90.800003
91.82
93.120003
92.919998
93.089996
93.190002
93.150002
93.099998
93.82
93.559998
94.139999
93.279999
94.239998
95.489998
95.559998
96.239998
95.230003
95.949997
95.879997
96.440002
97.57
97.940002
97.489998
97.769997
96.169998
96.639999
96.620003
95.830002
95.720001
97.029999
97.510002
97.010002
97.309998
95.860001
96.660004
94.459999
92.839996
93.129997
93.110001
92.629997
92.760002
92.050003
90.68
90.120003
90.82
90.43
91.559998
91.949997
92.059998
92.540001
92.519997
93.029999
93.449997
93.739998
92.160004
92.959999
92.449997
93.709999
94.809998
96.339996
96.580002
97.230003
97.07
97.190002
94.449997
93.260002
92.699997
93.360001
94.199997
94.639999
93.510002
91.290001
88.709999
88.720001
86.68
87.730003
88.010002
88.760002
89.18
91.43
93.639999
93
94.5
93.459999
91.029999
93.989998
95.610001
96.160004
95.620003
96.620003
96.389999
96.040001
95.169998
94.209999
94.300003
95.160004
96.019997
96.709999
96.160004
94.279999
94.25
94.150002
95.010002
93.129997
93.610001
91.970001
93.449997
93.309998
93.739998
94.760002
96.029999
95.769997
95.379997
95.879997
96.690002
97.849998
97.769997
98.440002
98.239998
95.400002
93.690002
95.18
95.32
95.5
97.050003
96.559998
97.989998
99.599998
103.220001
103.139999
103.529999
106.519997
104.910004
105.949997
106.32
106
106.480003
108.040001
108.050003
106.910004
107.230003
105.389999
105.489998
104.699997
104.550003
103.080002
105.029999
107.889999
106.940002
106.559998
105.300003
104.370003
103.400002
105.970001
106.110001
106.830002
106.849998
107.330002
107.459999
107.099998
104.970001
103.849998
105.029999
106.419998
105.919998
109.010002
110.099998
108.800003
107.650002
108.540001
107.230003
108.370003
110.529999
109.519997
107.389999
107.559998
108.599998
108.209999
106.589996
105.419998
108.07
106.389999
104.68
103.589996
103.129997
102.660004
103.029999
102.870003
102.330002
102.040001
104.099998
103.309998
103.839996
103.029999
103.489998
101.610001
103.010002
102.019997
102.410004
101.209999
102.290001
100.669998
100.809998
99.220001
97.800003
96.860001
97.110001
97.849998
98.68
98.199997
96.769997
96.379997
94.610001
94.620003
93.370003
94.800003
94.199997
94.599998
95.139999
93.040001
93.879997
93.760002
93.839996
93.029999
93.339996
93.330002
95.440002
94.839996
94.089996
93.68
92.300003
93.82
96.040001
97.199997
97.379997
97.650002
97.339996
98.510002
97.440002
97.5
96.599998
97.480003
97.220001
97.800003
98.769997
99.32
98.910004
99.550003
100.32
99.290001
98.419998
95.440002
93.959999
93.43
93.669998
92.330002
91.660004
92.720001
91.800003
92.589996
94.169998
93.959999
94.370003
94.989998
96.730003
97.32
96.639999
95.720001
97.410004
97.360001
98.230003
97.489998
96.43
97.190002
97.379997
97.839996
99.879997
100.059998
99.940002
100.370003
100.349998
100.300003
102.43
103.309998
102.919998
102.199997
102.82
101.830002
102.589996
102.400002
102.589996
104.919998
103.330002
101.449997
101.559998
102.580002
101.120003
100.029999
97.989998
98.199997
98.889999
98.080002
99.699997
100.370003
99.43
99.459999
99.599998
99.190002
100.260002
101.279999
101.669998
101.580002
99.739998
99.620003
100.290001
101.139999
100.440002
102.559998
103.599998
103.400002
103.739998
104.050003
103.75
103.760002
104.300003
104.370003
102.129997
101.440002
101.940002
100.599998
100.839996
101.279999
99.739998
99.419998
99.760002
99.480003
99.5
100.769997
100.260002
99.989998
100.589996
101.699997
102.370003
101.5
102.019997
102.610001
102.440002
104.07
103.739998
104.349998
104.110001
102.720001
103.580002
102.709999
102.470001
102.660004
102.639999
102.480003
102.660004
104.410004
104.349998
104.400002
106.529999
106.910004
106.900002
106.360001
105.970001
106.43
107.260002
106.169998
106.029999
106.5
105.839996
105.739998
105.370003
105.339996
104.480003
103.529999
103.400002
102.290001
102.93
100.830002
100.910004
99.959999
101.199997
103.190002
103.129997
104.589996
104.419998
103.120003
102.07
102.089996
101.669998
100.970001
100.269997
98.169998
97.879997
98.290001
97.379997
96.919998
97.339996
97.650002
98.080002
97.370003
97.589996
95.580002
97.349998
96.410004
94.480003
96.07
93.959999
93.650002
93.349998
93.860001
93.879997
94.550003
95.959999
92.879997
95.540001
94.449997
93.290001
92.660004
92.75
91.669998
92.830002
92.269997
92.919998
94.879997
94.419998
93.07
92.410004
91.519997
91.559998
92.800003
92.529999
93.540001
94.57
91.160004
90.730003
91.010002
89.739998
90.339996
88.849998
87.309998
85.769997
85.82
85.739998
81.839996
81.779999
82.699997
82.75
82.709999
82.809998
80.519997
82.089996
81.010002
81
81.419998
82.199997
81.120003
80.540001
78.779999
77.190002
78.68
77.910004
78.650002
77.400002
77.940002
77.18
74.209999
75.82
75.639999
74.610001
74.580002
75.580002
76.510002
75.779999
74.089996
73.690002
69
66.879997
67.379997
66.809998
65.839996
63.049999
63.82
60.939999
59.950001
57.810001
55.91
55.93
56.470001
54.110001
56.52
55.259998
57.119999
54.73
53.610001
54.119999
53.27
52.689999
50.040001
47.93
48.650002
48.790001
48.360001
46.07
45.889999
48.48
46.25
48.689999
46.389999
47.779999
46.310001
45.59
45.150002
46.23
44.450001
44.529999
48.240002
49.57
53.049999
48.450001
50.48
51.689999
52.860001
50.02
48.84
51.209999
52.779999
53.529999
52.139999
51.16
50.34
49.450001
49.279999
50.990002
48.169998
49.759998
49.59
50.52
51.529999
50.759998
49.610001
50
48.290001
48.169998
47.049999
44.84
43.880001
43.459999
44.66
43.959999
45.720001
47.450001
47.509998
49.209999
51.43
48.869999
48.68
47.599998
50.09
49.139999
52.139999
53.98
50.419998
50.790001
51.639999
51.91
53.290001
56.389999
56.709999
55.740002
56.380001
55.259998
56.16
57.740002
57.150002
56.990002
57.060001
58.580002
59.630001
59.150002
58.93
60.400002
60.93
58.939999
59.389999
59.25
60.75
60.5
59.880001
59.689999
59.43
57.259998
58.98
60.720001
59.720001
58.029999
57.509998
57.68
60.299999
60.200001
61.259998
59.639999
58
59.130001
58.139999
60.139999
61.43
60.77
59.959999
59.52
59.970001
59.919998
60.450001
59.610001
59.68
61.009998
60.27
59.700001
59.630001
58.330002
59.470001
56.959999
56.93
52.529999
52.330002
51.650002
52.779999
52.740002
52.200001
53.040001
51.41
50.91
50.889999
50.150002
50.360001
49.189999
48.450001
48.139999
47.389999
47.98
48.790001
48.52
47.119999
45.169998
45.740002
45.150002
44.66
43.869999
44.959999
43.080002
43.299999
42.23
42.5
41.869999
42.619999
40.799999
41.139999
40.450001
38.240002
39.310001
38.599998
42.560001
45.220001
49.200001
45.41
46.25
46.75
46.049999
45.939999
44.150002
45.919998
44.630001
44
44.59
47.150002
46.900002
44.68
46.68
45.830002
44.48
44.91
45.700001
44.43
45.23
45.09
44.740002
45.540001
46.259998
48.529999
47.810001
49.43
49.630001
47.099998
46.66
46.639999
46.380001
47.259998
45.889999
45.549999
45.200001
45.380001
44.599998
43.98
43.200001
45.939999
46.060001
46.59
46.139999
47.900002
46.32
45.200001
44.290001
43.869999
44.209999
42.93
41.75
40.740002
41.740002
40.669998
40.75
40.540001
40.389999
41.75
42.869999
43.040001
41.709999
41.650002
41.849998
39.939999
41.080002
39.970001
37.650002
37.509998
37.16
36.759998
35.619999
36.310001
37.349998
35.52
34.950001
34.73
34.740002
36.139999
37.5
38.099998
36.810001
37.869999
36.599998
37.040001
36.759998
35.970001
33.970001
33.27
33.16
31.41
30.440001
30.48
31.200001
29.42
28.459999
26.549999
29.530001
32.189999
30.34
31.450001
32.299999
33.220001
33.619999
31.620001
29.879999
32.279999
31.719999
30.889999
29.690001
27.940001
27.450001
26.209999
29.440001
29.040001
30.66
30.77
29.639999
31.48
31.870001
32.150002
33.07
32.779999
33.75
34.400002
34.66
34.57
35.919998
37.900002
36.5
38.290001
37.84
38.5
37.18
36.34
38.459999
40.200001
39.439999
39.91
41.450001
39.790001
39.459999
39.389999
38.279999
38.32
38.34
36.790001
35.700001
35.889999
37.75
37.259998
39.720001
40.360001
42.169998
41.759998
41.5
40.360001
39.779999
41.080002
42.630001
43.18
43.73
42.639999
44.040001
45.330002
46.029999
45.919998
44.779999
43.650002
43.779999
44.32
44.66
43.439999
44.66
46.23
46.700001
46.209999
47.720001
48.310001
48.189999
48.16
47.75
48.080002
48.619999
49.560001
49.48
49.330002
49.099998
49.009998
49.169998
48.619999
49.689999
50.360001
51.23
50.560001
49.07
48.880001
48.490002
48.009998
46.209999
47.98
49.369999
48.849998
49.130001
50.110001
47.639999
46.330002
47.849998
49.880001
48.330002
48.990002
46.599998
47.43
45.139999
45.41
44.759998
46.799999
44.75
45.68
45.950001
45.240002
44.650002
44.939999
44.75
44.189999
43.130001
42.919998
41.919998
41.139999
41.599998
40.060001
39.509998
40.830002
41.93
41.799999
43.02
42.77
41.709999
43.490002
44.490002
45.740002
46.580002
46.790001
48.220001
48.52
47.049999
48.099998
46.77
47.330002
47.639999
46.98
46.349998
44.700001
43.16
44.439999
44.830002
45.5
47.619999
45.880001
46.290001
44.900002
43.580002
43.91
43.029999
43.299999
43.439999
45.34
46.32
44.48
45.93
44.669998
47.049999
47.830002
48.240002
48.810001
48.689999
49.830002
50.439999
49.810001
50.790001
50.18
50.439999
50.349998
49.939999
50.290001
51.599998
50.43
50.849998
50.52
49.959999
49.18
49.720001
48.700001
46.860001
46.669998
45.34
44.66
44.07
44.889999
44.98
45.27
44.66
43.32
45.810001
45.57
45.419998
45.689999
47.490002
48.029999
47.959999
46.060001
47.080002
45.23
49.439999
51.060001
51.68
51.790001
50.93
49.77
50.84
51.5
52.830002
52.98
51.040001
50.900002
51.900002
52.119999
52.23
52.490002
52.950001
53.02
53.900002
54.060001
53.77
53.720001
52.330002
53.259998
53.759998
53.990002
51.959999
50.82
52.25
53.009998
52.369999
52.48
51.080002
51.369999
52.419998
52.75
53.18
52.75
53.779999
53.169998
52.630001
52.810001
53.880001
53.540001
53.830002
53.009998
52.169998
52.34
53
53.860001
52.93
53.200001
53.110001
53.360001
53.400002
54.060001
53.59
54.450001
53.990002
54.049999
54.009998
53.830002
52.610001
53.330002
53.200001
53.139999
50.279999
49.279999
48.490002
48.400002
47.720001
48.860001
48.75
48.779999
48.220001
47.34
48.040001
47.700001
47.970001
47.73
48.369999
49.509998
50.349998
50.599998
50.240002
51.029999
51.150002
51.700001
52.240002
53.080002
53.400002
53.110001
53.18
52.650002
52.41
50.439999
50.27
49.619999
49.23
49.560001
49.619999
48.970001
49.330002
48.84
47.66
47.82
45.52
46.220001
46.43
45.880001
47.330002
47.830002
47.84
48.849998
48.66
49.07
49.349998
50.330002
50.73
51.470001
51.360001
48.900002
49.799999
49.66
48.32
48.360001
47.66
47.400002
48.189999
45.720001
45.639999
45.830002
46.080002
46.459999
44.73
44.459999
44.740002
44.200001
43.23
42.529999
42.740002
43.009998
43.380001
44.240002
44.740002
44.93
46.040001
45.130001
45.52
44.23
44.400002
45.040001
45.490002
46.080002
46.540001
46.02
46.400002
47.119999
46.790001
45.77
46.34
47.889999
48.75
49.040001
49.709999
50.169998
49.16
49.59
49.029999
49.580002
49.389999
49.169998
49.560001
48.59
48.82
47.59
47.549999
46.779999
47.09
48.509998
47.369999
47.639999
48.41
47.43
47.869999
46.57
46.439999
45.959999
47.23
47.290001
48.66
49.16
49.09
47.48
48.07
48.23
49.299999
49.889999
49.889999
49.91
49.48
50.41
50.549999
50.66
52.220001
51.880001
52.139999
51.560001
51.669998
50.580002
50.419998
49.98
50.790001
49.290001
49.580002
50.919998
51.299999
50.599998
51.450001
51.869999
51.880001
52.040001
51.290001
51.470001
51.900002
52.470001
52.18
52.639999
53.900002
54.150002
54.380001
54.299999
54.540001
55.639999
57.349998
57.200001
56.810001
57.169998
56.740002
56.759998
55.700001
55.330002
55.139999
56.549999
56.09
56.830002
58.02
58.110001
57.990002
57.299999
57.400002
58.360001
57.470001
57.619999
55.959999
56.689999
57.360001
57.990002
57.139999
56.599998
57.040001
57.299999
57.16
57.459999
58.09
58.360001
58.470001
59.970001
59.639999
59.84
60.419998
60.369999
61.630001
62.009998
61.439999
61.73
62.959999
63.57
63.799999
64.300003
63.73
63.970001
63.950001
63.369999
63.490002
64.470001
65.610001
65.510002
66.139999
65.559998
64.5
64.730003
65.800003
65.449997
64.150002
63.389999
61.790001
61.150002
59.200001
59.290001
59.189999
60.599998
61.34
61.68
61.900002
61.68
62.77
63.549999
63.91
63.009998
61.639999
60.990002
61.25
62.57
62.599998
61.150002
60.119999
62.040001
61.360001
60.709999
60.959999
61.189999
62.34
62.060001
63.400002
65.169998
64.300003
65.879997
65.550003
65.25
64.379997
64.940002
63.009998
63.509998
63.369999
63.540001
62.060001
63.419998
65.510002
66.82
67.07
67.389999
66.220001
66.519997
68.470001
68.290001
68.379997
68.639999
67.699997
68.050003
68.190002
68.099998
68.57
67.25
67.93
68.43
69.720001
70.730003
69.059998
71.139999
71.360001
70.699997
70.959999
71.309998
71.489998
71.489998
71.279999
72.239998
72.129997
71.839996
70.709999
67.879997
66.730003
68.209999
67.040001
65.809998
64.75
65.519997
64.730003
65.949997
65.739998
66.099998
66.360001
66.639999
66.889999
65.059998
65.849998
65.07
66.220001
65.540001
68.580002
68.080002
70.529999
72.760002
73.449997
74.150002
73.940002
72.940002
73.800003
73.849998
74.110001
70.379997
70.330002
71.010002
68.059998
68.080002
68.760002
69.459999
70.459999
67.889999
68.519997
69.300003
69.610001
68.690002
70.129997
68.760002
67.660004
68.959999
68.489998
69.010002
69.169998
66.940002
66.809998
67.629997
67.199997
67.040001
65.010002
65.459999
65.910004
66.43
67.349998
67.860001
67.830002
68.720001
68.870003
68.529999
69.510002
70.25
69.800003
69.870003
68.720001
67.769997
67.75
67.540001
69.25
70.370003
68.589996
68.989998
68.910004
69.849998
71.120003
70.800003
70.779999
72.080002
72.279999
71.57
72.120003
73.25
75.300003
75.230003
76.410004
74.330002
74.339996
74.290001
74.959999
73.169998
70.970001
71.339996
71.779999
71.919998
69.75
68.650002
69.120003
69.169998
66.43
66.82
67.330002
67.589996
67.040001
66.18
65.309998
63.689999
63.139999
63.099998
62.209999
61.669998
60.669998
60.189999
59.93
55.689999
56.25
56.459999
56.459999
56.759998
53.43
54.630001
51.630001
51.560001
50.290001
51.450001
50.93
52.950001
53.25
51.490002
52.610001
51
51.650002
51.150002
52.580002
51.200001
49.880001
46.240002
47.200001
45.880001
45.59
46.220001
44.610001
45.330002
45.41
46.540001
47.09
47.959999
48.52
49.779999
52.360001
52.59
51.59
50.509998
52.110001
52.310001
52.07
53.799999
52.57
52.619999
53.130001
53.689999
51.990002
53.310001
54.23
53.790001
55.259998
54.560001
53.66
54.009998
52.639999
52.720001
52.41
53.099998
53.900002
54.41
55.59
56.09
56.919998
56.959999
57.259998
55.48
55.5
56.939999
57.220001
55.799999
56.59
56.560001
56.220001
56.66
56.07
56.790001
56.869999
58.259998
58.610001
58.52
59.09
59.029999
59.830002
59.98
59.040001
58.82
59.939999
59.41
59.299999
60.139999
61.59
62.580002
62.459999
62.099998
63.080002
64.400002
63.98
64.610001
63.580002
63.889999
63.400002
64.050003
63.759998
64
65.699997
66.300003
65.889999
65.209999
63.299999
63.5
63.91
63.599998
61.810001
61.939999
62.25
61.400002
62.119999
61.700001
61.66
61.040001
61.779999
62.02
62.869999
62.759998
63.099998
62.990002
61.419998
57.91
58.630001
59.139999
58.810001
56.59
53.5
53.25
53.48
51.68
52.59
53.990002
53.259998
53.27
51.139999
52.279999
52.509998
51.93
53.900002
53.759998
56.650002
57.43
57.900002
57.830002
59.380001
59.43
58.470001
59.09
56.25
57.509998
57.66
57.830002
60.43
60.200001
60.209999
59.580002
57.619999
56.779999
55.299999
55.630001
56.220001
56.77
55.880001
56.02
56.200001
56.869999
58.049999
58.580002
53.950001
55.66
54.689999
53.630001
51.09
52.540001
54.5
54.93
57.099998
55.23
54.470001
54.869999
56.209999
56.34
55.68
55.349998
54.169998
53.639999
54.93
55.779999
56.709999
55.099998
53.939999
56.259998
56.299999
56.52
57.849998
57.400002
55.75
55.09
54.849998
62.900002
59.34
58.110001
58.130001
58.09
58.639999
57.290001
56.490002
56.41
55.91
54.07
53.619999
52.639999
52.450001
52.810001
52.75
52.630001
52.59
53.549999
54.700001
53.59
52.810001
53.360001
53.93
53.779999
53.310001
54.16
55.970001
56.23
56.66
55.810001
55.540001
55.060001
54.18
56.200001
56.540001
57.23
56.349998
57.150002
57.240002
56.860001
56.799999
57.119999
56.77
57.720001
57.049999
55.209999
57.110001
58.580002
57.77
58.009998
58.41
58.110001
55.959999
56.099998
58.43
58.43
59.200001
59.02
59.240002
58.759998
59.18
60.07
60.209999
60.939999
60.93
61.220001
60.439999
60.52
61.68
61.720001
61.68
61.060001
61.18
63.049999
63.27
62.700001
59.610001
59.560001
59.040001
58.080002
58.23
57.810001
58.52
58.540001
58.34
56.740002
55.59
54.189999
53.139999
53.48
53.330002
52.139999
51.560001
50.110001
49.610001
50.75
50.950001
50.32
49.57
49.939999
51.169998
51.419998
52.049999
52.049999
53.290001
53.779999
53.380001
51.43
49.900002
48.73
47.09
44.759998
46.75
47.18
46.779999
45.900002
41.279999
32.5
31.129999
34.360001
32.98
31.5
31.73
30.389999
28.700001
26.950001
20.370001
25.219999
22.43
21.35
23.360001
24.01
24.49
22.6
21.51
20.35
20.09
20.48
20.309999
25.32
28.34
26.08
23.629999
25.09
22.76
23.129999
22.41
20.110001
19.870001
19.870001
18.27
16.99
-37.630001
10.01
13.78
16.5
16.940001
16.559999
12.78
12.34
15.06
18.84
19.780001
18.629999
20.389999
24.559999
23.99
23.549999
24.74
24.67
24.139999
25.780001
25.290001
27.559999
29.43
30.26
31.82
32.5
33.490002
33.919998
33.25
32.93
34.349998
32.810001
33.709999
35.490002
35.27
35.439999
36.810001
37.290001
37.41
39.549999
40.360001
38.189999
38.939999
39.599998
36.34
36.259998
35.5
37.119999
38.380001
37.959999
38.84
39.75
39.77
40.459999
40.369999
38.009998
38.720001
38.490002
37.849998
39.700001
39.27
39.82
40.650002
40.380001
40.630001
40.619999
40.900002
39.619999
40.549999
40.209999
40.099998
40.290001
41.200001
40.75
40.59
40.639999
40.810001
41.959999
41.900002
41.07
41.290001
41.110001
41.599998
41.040001
41.27
39.919998
40.27
40.119999
41.009998
41.700001
42.189999
41.950001
41.220001
41.599998
41.939999
41.610001
42.669998
42.240002
42.009998
42.27
42.889999
42.889999
42.93
42.580002
42.34
42.470001
42.619999
43.349998
43.389999
43.040001
42.970001
43.049999
42.610001
42.759998
41.509998
41.369999
39.77
36.759998
38.049999
37.299999
37.330002
37.259998
38.279999
40.16
40.970001
41.110001
39.310001
39.599998
39.93
40.310001
40.25
40.599998
39.290001
40.220001
38.720001
37.049999
39.220001
40.669998
39.950001
41.189999
40.599998
40.080002