17.0
16.2
15.3
15.2
13.9
13.6
13.7
13.7
14.1
14.8
16.0
18.4
20.4
21.3
20.4
21.1
21.5
21.7
21.0
20.4
19.4
18.8
18.2
17.7
17.7
17.1
16.8
16.6
16.1
16.2
16.3
16.1
16.1
16.5
17.4
18.4
19.1
21.2
22.3
23.7
23.1
25.7
24.3
21.9
19.7
18.7
17.8
17.3
16.5
16.3
16.5
16.6
16.2
15.9
15.8
15.8
15.6
15.2
14.5
15.2
15.9
17.5
18.1
18.6
16.2
15.4
14.4
13.8
13.9
14.2
14.1
14.4
14.6
14.4
14.4
14.1
13.7
13.9
13.8
13.9
14.1
15.0
16.4
17.8
20.8
21.6
23.1
23.6
25.1
24.7
24.2
22.7
19.6
17.6
16.2
15.2
14.5
14.3
14.7
13.4
14.2
13.7
13.7
12.9
13.2
14.4
15.3
17.7
19.6
18.1
18.0
18.6
18.3
18.3
18.3
18.5
17.1
16.4
15.2
14.6
13.5
13.0
13.0
11.6
12.5
11.5
10.2
11.0
10.7
12.1
15.1
18.6
20.9
23.6
25.6
26.1
26.6
25.1
24.1
21.5
19.3
18.2
16.8
16.0
15.3
14.5
14.2
13.9
13.1
12.9
12.3
12.6
12.7
16.8
20.3
21.0
21.0
22.8
24.0
22.6
22.5
21.5
21.4
20.0
17.8
16.3
16.3
15.6
15.1
15.1
14.6
14.5
13.6
13.7
13.5
13.7
13.7
16.1
16.1
16.5
18.9
19.2
19.9
19.2
19.4
18.9
19.3
17.1
15.6
13.8
13.1
13.2
13.6
13.1
12.7
12.2
11.9
11.2
11.0
10.7
11.1
14.2
15.6
16.3
17.0
19.3
20.5
22.0
21.7
21.6
21.0
18.6
15.5
14.3
13.5
13.1
13.5
13.5
12.7
12.0
10.5
10.1
9.6
9.1
8.9
13.5
17.8
21.1
24.0
26.5
28.7
28.5
30.0
29.4
28.9
22.8
19.9
17.5
16.4
15.5
14.3
14.2
13.8
12.1
11.3
11.8
10.4
9.5
9.7
13.5
18.2
21.9
24.3
26.9
28.3
28.5
