13.6
13.3
11.9
11.0
11.2
11.2
11.3
10.7
10.7
10.3
10.1
11.0
10.5
10.2
10.8
10.5
10.8
10.5
9.5
8.3
8.0
8.3
9.7
9.8
10.3
9.7
9.6
9.1
8.2
8.2
8.3
7.7
7.1
7.0
6.1
6.3
6.8
6.4
7.3
9.2
13.2
14.3
15.0
16.1
16.3
15.8
15.9
16.9
15.1
14.4
12.9
12.1
11.0
9.7
9.5
9.1
8.8
7.8
7.0
8.3
7.2
6.3
6.5
9.6
12.4
15.6
18.4
19.4
18.0
18.4
17.6
16.7
16.1
15.8
15.7
15.3
14.6
14.7
13.9
14.6
12.5
11.6
12.1
11.5
11.6
10.4
11.6
12.4
14.5
16.9
19.3
21.2
21.4
21.9
22.2
21.3
19.7
18.4
17.6
16.7
16.3
14.7
14.8
14.0
13.4
12.6
12.3
11.9
11.4
11.3
12.4
14.8
17.4
19.8
22.0
23.3
23.9
24.4
24.4
23.8
22.5
20.4
18.3
16.7
15.7
15.3
14.1
14.8
14.8
13.6
12.3
12.8
11.2
11.0
11.7
13.6
17.8
21.4
24.4
25.3
25.8
27.0
28.2
28.0
23.9
21.3
20.4
19.0
17.9
16.7
15.5
15.5
14.1
13.1
12.7
11.8
11.9
9.9
11.1
14.1
17.7
21.1
24.3
25.6
25.9
26.8
29.3
28.5
25.9
23.1
20.5
19.1
17.2
16.0
14.8
14.3
14.8
13.9
11.6
12.0
10.9
10.6
11.5
14.3
17.8
20.8
23.8
24.2
25.2
27.0
27.1
25.8
23.0
20.7
18.6
16.0
14.5
13.1
12.0
11.9
12.5
12.5
12.3
12.5
12.3
12.4
13.0
13.6
13.9
14.5
15.5
16.1
16.3
16.4
16.1
16.0
15.8
15.5
15.4
15.2
14.7
14.2
13.8
13.9
13.9
13.8
13.8
13.6
13.6
13.5
13.8
14.6
15.0
15.4
16.3
17.1
19.0
19.5
19.5
19.1
18.5
17.4
17.1
16.4
16.2
15.9
15.7
15.1
15.6
15.2
15.4
14.9
14.5
14.2
14.5
15.3
16.3
18.9
19.4
20.8
21.4
21.2
20.3
19.4
18.5
17.8
17.9
17.4
17.0
16.4
16.1
15.8
16.3
16.9
16.1
16.5
16.4
15.7
15.8
17.4
17.9
18.5
21.0
21.3
21.3
21.3
21.3
20.2
17.0
15.6
15.3
14.5
13.9
14.5
13.8
14.0
13.0
11.0
10.1
8.8
9.6
9.8
10.0
11.2
12.0
12.8
13.1
13.8
16.0
14.1
12.0
13.6
13.7
11.7
11.5
12.6
12.0
11.0
11.1
10.8
11.3
10.6
10.2
10.9
10.8
10.4
11.0
11.2
12.1
15.1
15.6
16.9
16.6
11.3
9.6
11.7
10.7
10.7
10.8
10.3
10.1
10.4
10.3
11.0
9.1
9.5
9.3
9.9
7.6
8.1
8.7
8.6
9.7
11.0
13.6
14.2
14.2
16.0
17.7
17.1
14.9
13.4
12.6
12.2
10.6
9.9
9.6
9.7
9.4
8.2
8.0
7.7
8.0
8.5
9.8
11.2
14.8
16.8
19.2
19.1
16.3
14.2
13.4
14.2
12.1
10.4
10.0
9.8
9.7
9.9
9.4
8.6
8.1
7.9
7.4
8.2
6.3
7.2
7.2
11.1
15.5
17.8
17.6
19.1
17.7
17.8
18.7
17.1
15.8
14.7
13.6
12.5
11.8
10.9
10.9
10.3
9.3
8.2
8.3
9.6
7.7
7.4
9.7
12.5
16.8
19.2
21.3
21.2
18.6
18.0
18.2
17.0
15.6
14.1
13.4
12.3
11.9
11.5
10.6
10.7
10.4
10.1
11.3
10.1
9.9
8.1
10.9
11.8
13.9
15.6
16.5
17.5
17.9
18.2
18.0
17.0
16.1
14.5
13.2
13.1
13.5
12.4
13.1
11.6
10.5
11.7
12.2
12.9
11.3
11.9
13.3
16.3
17.9
18.3
20.8
22.4
20.9
19.1
18.1
17.3
15.8
15.9
15.9
15.0
15.1
14.9
14.8
14.8
14.8
14.2
14.5
14.6
14.4
13.8
13.2
10.4
11.5
12.2
12.3
11.3
13.6
14.9
15.7
15.2
15.5
14.3
13.2
12.6
12.3
12.0
12.0
11.5
10.7
9.0
10.2
11.0
9.6
9.5
11.9
16.2
19.2
19.7
20.6
21.8
-200
-200
-200
23.6
22.8
20.8
18.3
16.8
15.8
14.9
14.1
13.3
13.3
11.8
11.2
11.3
11.4
11.9
12.6
13.6
16.9
19.4
22.9
23.6
24.7
26.1
27.6
26.9
24.3
21.2
19.4
18.5
17.8
16.8
17.1
16.2
15.1
15.1
14.5
13.7
13.9
13.3
15.1
17.0
19.7
20.7
23.3
23.8
24.8
25.0
25.8
25.1
23.7
22.1
19.9
18.7
18.1
17.5
16.7
15.9
15.2
14.7
14.3
13.7
12.9
13.7
15.3
18.1
21.5
23.3
25.1
25.6
25.8
26.1
24.4
23.0
22.1
19.8
18.5
16.6
15.8
15.3
14.7
14.8
15.0
15.5
16.0
13.5
12.9
13.4
14.5
15.3
15.6
16.6
17.0
18.0
19.5
21.6
22.2
20.3
19.7
18.8
17.9
17.5
17.4
17.0
16.6
15.9
15.0
14.5
14.1
14.6
14.4
15.3
16.2
18.4
19.6
20.2
20.9
20.4
19.3
18.6
18.8
17.5
16.8
16.3
15.6
15.7
15.8
15.7
15.7
15.6
15.6
16.1
15.7
15.3
14.2
14.3
15.0
13.6
16.1
16.6
17.4
18.1
14.4
10.9
16.4
18.0
14.7
11.3
10.0
9.8
9.3
9.6
9.3
9.0
8.2
7.6
8.3
8.1
8.1
8.1
9.9
13.0
16.5
19.3
21.5
20.4
20.6
20.6
21.0
21.5
19.3
18.0
15.8
15.3
14.1
-200
-200
-200
-200
-200
-200
-200
-200
-200
-200
-200
-200
-200
-200
-200
-200
-200
-200
-200
-200
-200
-200
-200
-200
12.0
12.0
11.5
11.4
11.1
10.8
10.2
10.8
11.0
12.4
15.0
16.6
18.0
20.6
19.9
19.8
21.4
22.1
21.1
18.3
16.1
14.8
13.2
12.3
11.8
11.2
11.0
9.3
8.8
7.8
7.7
7.4
8.2
8.7
13.0
17.4
20.2
22.7
22.3
22.2
22.0
21.0
19.6
17.9
16.4
15.6
15.5
14.5
14.2
13.7
14.1
14.6
14.4
13.9
13.5
13.9
13.5
13.3
13.4
13.0
12.7
12.1
11.2
10.7
11.4
9.9
10.3
11.0
10.6
10.6
10.6
10.3
10.4
10.7
10.5
10.5
10.6
11.1
10.1
10.0
11.0
12.0
12.8
12.6
13.8
15.1
16.3
16.6
15.8
16.3
16.1
15.3
14.7
14.1
13.5
12.3
11.6
11.5
10.9
11.1
10.7
10.7
10.2
10.3
10.8
13.3
15.8
19.5
21.1
18.4
21.0
21.4
21.3
20.4
18.7
18.6
17.9
16.5
14.8
13.4
13.4
12.3
11.6
10.7
10.2
10.5
9.3
9.1
10.2
11.6
13.5
15.0
17.1
18.4
19.3
19.2
21.5
19.6
19.6
18.3
17.4
16.8
16.2
14.9
13.9
13.7
13.4
12.8
12.9
11.9
11.6
11.7
12.8
13.8
15.3
16.6
17.6
19.2
15.7
14.5
14.4
14.6
14.6
14.0
13.9
13.8
13.5
13.1
12.8
12.7
12.5
12.7
12.4
12.6
12.8
12.6
12.5
12.8
13.5
14.6
16.8
18.8
19.3
19.3
19.7
19.3
17.9
16.9
16.1
16.5
16.9
17.0
16.9
16.3
16.0
15.6
14.6
14.3
13.8
13.8
14.2
14.5
14.2
14.5
14.9
15.5
16.7
17.1
16.2
17.4
17.5
17.5
17.0
16.4
15.8
15.5
15.0
14.5
14.1
13.8
13.1
13.0
14.3
14.0
15.4
16.5
18.8
19.5
18.5
18.0
16.5
12.1
11.1
10.5
10.0
11.3
10.7
9.9
10.8
10.2
10.1
9.9
9.5
9.5
9.7
9.8
10.0
10.3
11.0
12.3
14.5
16.0
18.1
23.0
21.8
21.9
23.8
25.9
25.8
22.6
19.9
17.9
16.8
16.0
14.2
14.2
12.2
13.2
10.9
11.3
10.1
10.2
11.8
14.0
17.0
22.3
24.4
25.9
25.8
26.3
27.0
27.3
25.8
25.3
23.8
21.4
19.8
19.2
18.8
17.1
16.2
16.0
14.3
13.3
13.4
12.2
13.9
15.2
19.2
23.7
26.1
28.1
28.3
28.0
30.8
31.3
29.4
25.8
23.8
22.0
20.2
19.3
17.9
17.2
16.3
16.7
14.6
14.1
14.2
14.3
14.0
15.4
19.1
23.7
26.9
29.7
29.2
29.6
30.0
29.5
27.0
24.9
23.1
21.5
20.5
19.2
18.8
18.2
16.1
16.3
15.7
16.9
14.8
14.0
14.6
16.7
20.0
23.9
26.8
27.2
26.9
24.3
25.6
27.0
27.5
24.9
23.4
21.2
15.6
12.9
11.5
12.2
12.4
12.7
12.6
12.5
12.5
12.8
13.5
14.4
15.1
16.6
17.2
17.4
17.9
18.3
19.4
20.2
19.6
18.5
17.8
16.6
15.5
14.8
14.5
14.1
14.2
14.1
14.0
14.1
13.9
14.0
14.4
15.0
16.3
18.3
18.8
19.6
20.2
19.7
20.7
20.0
18.6
18.3
17.8
17.3
17.3
16.4
16.0
15.4
15.7
15.6
15.2
14.7
15.5
14.4
15.9
18.1
19.6
22.8
24.8
27.2
28.2
25.4
25.7
27.2
27.0
24.5
23.7
21.5
19.9
18.9
17.9
17.4
18.1
16.5
14.2
14.7
16.3
13.9
15.0
16.1
19.3
24.2
26.7
27.4
28.1
27.7
28.4
28.4
27.3
24.3
23.1
21.8
19.8
19.6
17.9
17.4
16.8
15.9
15.6
14.6
13.3
12.9
14.8
16.1
18.6
23.8
25.4
25.6
24.9
22.4
21.7
21.4
20.8
20.2
20.2
18.6
18.2
17.8
17.0
16.2
15.7
15.7
15.7
15.4
15.7
15.9
16.6
18.7
17.6
16.3
16.0
17.3
19.4
21.4
22.7
20.9
21.0
20.8
19.8
19.1
18.2
18.1
17.7
17.8
17.3
16.5
