4134124134
1234223441
1311343442
1131422233
1443333324
33234
14112
41432
32223
12133
23131
42344
13443
33332
12321141432113423441213223142344331231132333224214132142243213124112434431313133342412431312121423124133233131343122214322124113314124213242142422414344344243122212443422131321221122131323131132132321142342433142341312331333132333411144431224123442143124432124231422342422233321234413213142444341211234221222343241232332231411423322234433324341324231441222132222313241324134444243414341134321144213221423443311314242144241424333212124241411141311321424234323334234432322331242411423422143443321124324411424434343224141322113143441343413324343234124142312444314122224141242234344313133221221214133132222133324232413214123231214314331141421214114311134241122321123214441231333221211132443431411411421144112242331431421421423312434332343421242223231313413344132234423342131321221314212321332444232313424113431214334344323444431433414212
1134424213143443
14442314243331112114443
4411442112434213231132322332
141421213244342122332442211323131341344141314232341141124311334433224422331113324321242214241214433244122442334231422441213211221333144133142434111242342411313312233221423143124112134324241444421433442324221133423443332133422343324332344134432333224143233313224122314443413342321434122241242423443344132314432224122333332413214422122444321111414122421133144233334123114312241132411414241324231211114341112312422212242241222131134221313214231332112214131141213141411232134442131331213433121311111333134223313124234222133231334224413431134132323214222431331311444121313324232342312111142432441331412232423222411234112413213231333132324333433112211132121144424112223444334422214114134244123324442434311321423324334311313224343141243433343142144443424231224322214444232231124423431231242322343343231343334141424142431223442133243243343232241214142331321232242213112441421422114413334131342313433131224312213411142242132441211323322413433131211134344243314242334122323341414313433121311144431214
4411233234213313
2144343223432
343234343143442312124
4332331114331124213
43343123312422
424432332313134241
3224422312
13223443331
413422222
42142123
3243134311
1144142324
222114
33414
34133
22234
234143
21321
12413441211
34411
32434
43213
43131
43113
23333
422221
413331
143141211322
313221
31344
22331
34443
311421
12421
344113
331412
13223
32123
31414
34113
22443
44442
21241
23111
42212
34331
14424
22421
23341
32413
231222
21111
23433
13113
31321
43342
11411
3442233
322142312414412113312132221242144331113321121423334224423223442343241214422
14213124
3414443232444
141212
341342
443332
134123
411311
441233
323311
423441
134242
213331
433412
324434431
32242443414234233322244231241114341113144111331434413241323443433221321112131244434241214221134433241141444243334241441431431433412143211214422122231441132424414112413224433343331221422332243323143231113332243211412114343134121144232331142122433214112214431432121212313112444123143111113234424243231111213333343113243223141314141141212433332311443323344223213114333241144322423441422134434242413143242222434224321444342142123433223434133112214331112114124113411231
3322
112
423311444243332143323422213242214432442422233311114323224213321231141413334131341124232114341343431434331313322243312421
1331
11244422233422312314142411
2233232
443243
223131
3444114
112113
2434433142
233331
24113442343212442432212244
21214243
43234113311311414144341324
1432311123331414244214412331212223444341133212314234124232422413312444224243133133444211314413432421244133131124411132314341322422221233412144442213223422232213114224331122322243132321132334124243242433411331213331111414131243423242424241233214141134123124123111412441
1321333221341134441334
3421112444413
434223231144131443
343243
413311424
121114214414
2221312231332131
331433422
13244331431233322221111433111111312121243411243134134341414331432143212123431411244311341424421223112121231431431224422232422434224343431433322224324233142213342214431331413443124212112313322324314322123122314132432312222144444233111312312311342232434411431433143234242342311413113411321113321123123131441114112242224143141441441113322324242321221122314432124131341223322114144414111432114421321332243412222414311221313111324421141311344313233213411322413121422411234341213214133233312312432413213344232121431113433414111314424123132122321211241212132411334231442222423413442433123233143243244131344224212311444331231112443123424443224121133434111313142314442343133433331323212414141343231344324312343244222441121133321214433221423222434314314222233221133123223323344232324423233222443344342211234324342442312244214221331214421344343443424142411122224212314243214444321243234422432323132342422241233113211332333321311113342
3123413
2342112442131112414113231234242143112211421334112111312444311441332224424142123343313334243333314334432221411311311444443234213423144124341233232442341433323233322111122214233333344444144443323441
2211241423442134214131421441134342433112431232323232
32223213313134122444231133314441423241414342243414221213414142422321314122223443413224413444411323333231334411242221322412232232211221244324212233434323114334131231332122311112334243223343212324343141313431242232142341233432313331312432134332232
44423
343133142221322244221121111321433112133144233221332133331431112112121124142144322334213214211311231
22322441433233434121234141424243231423143144323441342442434214314332423321342334114241424122312324432323244214121121112342332414232311421442211231114143424223314412314324332221321341224234331311241212142442314133311222411123334143231314212232443114323
1244341344431134421342311242241224424144343241212143234134142224223223243113122333442423331212123232244321232422434122322233342243133233441414324122221113333243434112112214222341412324232412341122224434244323133231414241111141423322234332342224243242333123414234222112222321311331342243322211344312124121142143334414331333433432142212342123444344313443143232443343131413443414111321322222331423232214222313314331412141324143432122221343212442121211241321333424431213232341312143121441343111434221111333241144122121141131334143143341334231134314444333332132214241233132313213333132124412213112112423432142113144311432342133141312241234214234342413322341444344422222432443113131143311432412231132233214423442124122133221233443324223342232444413423
333332241
1242331
43413
12322
44123
42411
13233
13322
4114414442
12323442411
31324323312
244113111213123434333323234313133123111
314111
114121
121432
221324333
12232
44213
14322
32323
41234
43143
13244
34242
41421
21122
14244
44132
43334
24442
32421
14114
12434
13123
31142
44424
44121
41134
32324
11113
24231
24343
33423
31143
43112
41211
42331
13313
14333
44423
14144
31212
43123
22344
33342
11341
33331
24114
31323
43131
21111
34243
13212
12434
13334
21331
22224
31324
32144
43344
34111
31123
22243
22132
34412
42134
33441
11224
21432
14331
43322
41443
41441
21233
43221
11144
12232
43232
34132442
23313221142322
214
11331
23323
22212
4424143222134
422312
1322134
1344321413242113342443244333222314313131144213333222144132214444113142124214444433424342311233243324421421112413123223111214323341334332231424141342234323313241421331423341221441243121344242432311224422422124234212232231434123314123224322124121432111321
4313314221332114233213313342322311131122424231332344
12424
3233112423421421323134134443334322233324344112
2414122
342311233
143434342
211233113
32422
123331
144134144431131
4421213421221424124121214244314313321214414444424443133112112222211313213211432434411314
414442
43443
41313
31333
23443
24343
34314
11413
33443
111311141334433322332142133421344243344
4424
341433
421
24414442334313
2212312323433
34144443314231113144114121332233221223331211132144244334221341431431433212114141434412124311432321134434111113242222
4224231324421131343434444224411222114332242431134224124443344434144234242411222323
31242
2311441442113311134343243222342444422341331344433412324431444424241343142442342143423111241141122421123111444
44234
31314
24213
1143131114334133221343241424242212413224333121223344311
31321
13321
12324
23422134121234313224143313233133442431231332124
4123213322213412134224344122241211214442132412433423233121324234243442222442
2234134442444412331111434422332324222134331131234343131234313131111113244213342222232
414334
3221321
432332
414324
334333
434122
13133
22334
31212
12333
343124
12412
13241
33323213
13332
14312
32142211
212213
341143
321223
1313132314
242231
334234
3221311311
314112
343423
231223
234233
133131
144241
123331
343422
331311
32313
44212
32231
12341
14332
13423
13222
1222131
213221
114311
114341
411341
332414
442224
243321
244432
444224
332242
21421231222131443244
243131
322323
141143
423113
441442241344213
331123
332322
132113
322111
133311
421414
133323
244213
112111112
311213
241242
122331
412212
324331
412331
431431
232122
423434
311242
32341121244
133233
222221
421332
432232
314114
334134
431133
422342
231212
231212
134224121
224131
124322
442323
4113421412
214311
433214
443232
41141
442313
22332
312444
113233
42213
34333
14112
31124
44414
11224
22344
222224
324214
213113
211432
113321
133233
443332
111444
124324
312214
433212
21223
32332
34123
33142
44211
11422
12344
22141
12314
34122
44324
34343
13413
44123
22124
412343
214321
112343
213414
214212
322
44141
3141224
31442
42412
22121
214
111342
422232
433441
312413
424114
333144
12422
1334343
212124
322224
411233
434121
434132
221311
122213
141122
121213412
2314423
42234
12122
22243
11233
114411
444324
213223
434244
144224
434313
412434
343232
442444
314224332131
32342
13312
11143
41432
33434
22141
41221
32134
32213
13231
33232
32311
14224
24243
14342
23
14
143144
231232
112111
343313
243312
412431
31423
34144
11243
14341
22331
31321
33111
24314
23441
22223
44121
21243
14334
13334
11314
23421
11321
34412
33443
22312
13213
12413
24342
23222
31324
34221
31124
33444
13222
32411
22212
22232
13441
243232
321444
23322
23311
23132
411412
434321
132223
431232
22313
14213
31123
33324
334334
432141
244342
243344
241133
211443
124432
234243
144124
134332
124343
311
441432
311243
131342
1122324
123142323
42223
12324
22134
33414
33421
22144
22214
21
21
133343
432244
433421
443444
11141
44313
231
412
41243
34442
232421
133334
12442
11111
41332
34111
24143
31124
343331
142121
1143211
3112243
4342331
432131
423411
141344
31
143414
212313
13133
31332
42124
144133
144124
331421
32234
233113
2243334
143144
443344
121234
241214
333313
134214
123222
214243
32142
334312
411211
111324
332321
132322
4321121
13223333
121432
441243
34231
22224
324214311
141313313242341412142
123314124324414422
412111214112
422132
134444244343312421
411131
242422232232324343
221222414334421213114
2332414443424431333243
2321413131
44412333214224433223442
443133423343424342
3211331442341
1222441
3131231414433321122334
1123334231
3433414212
4134312
3143341242424
124224131
241111423241224231341
2114124141
21324114132341
212411
133132
31333
42113
41121
31211
14322
312
132122
3444232121121
211213
234224
2442423443124344333
3314431141322423
123
142
1211443
312
341
234
332
232
111
24234
11324141
32212
32344
21121
42344
212
13423
14241
43
14222
23213
41442
33323
33313
14224
22321
322421
32122
34324
12112
32344
21232
424142
4133211241221
114221
44423
1213222
3342122
141243
1143122
4134344
34332433
1124313
331122
411412
33444
1332333
334341
111124
2142432
31142
232112
41433
241431
32142434
321431
123
43413
113142
322331
334324
243324
412414
233141
142233
13124
131222
424313
233344
41122
33
23
132224
32144
44231
232421
312232
432224
113432
231243
424444
43132
32242
23111
12331
4343433144
421141443441
23132
414111
424244
411411
341342
24121
42314
23441
11313
24244
43414
42131
34334
423
132412
321231
43
32333
12134
31433
41413
23434
32321
14121
42342
22312
43232
33311
432
32134
324413
142134
331
312234
33114
33312
324243
224141
34413132
123331113
41343113
442444
22143413
214231432432
44444333
12234434
232412344
14321444
44233323
34114423
434422422324342132242141121212
41343141
211241
422123
414443341324
433342414
22221
32
44
44141
334142
34243111333
43122
332
12312
41144
41314
42212
334223
32344123424333
133234
443143
1111233113
343231
11242323343341
32434143442411
321433
14424
134321
221
241222
3112142
3322131
113213
4441434114
33242413
2223234222
2332311
1244231
2241433
24432421
13
43222
22221
14224
31413
34442
31433
22124
43441
34112
12144
31323
212134
141124
1314232
414242
21414
411411
1333213
32444
34244411
333
31224
34111
12424
11114
44132
11141
24343
232223
32211
42321214
11312344
11141
12324
22313
333324
2243412
1214324
4414414
223332141
4122112
212234
13
4313222
44234
412231
23444344
43
221143334241114241233341332123144224133224213311333341433123313223312213343244111214411331121124111344244314434434421231424334114144242414413121224323223211134312244434312141212323321143412112414211213221133421434221241324422313242234221223144334211322433133424432344423134222111121223314124411214211412113144414221322113423424333234314344312123441442213131432432143224443324443441441342323314414333222333433224431211113321232343213233112214114223223432414324444114333242343424114141332241322124441243114322334122
43213
43311
21334
41324
213433
22112
33424
12323
23
3323333
41333
312341231122212341312212123313321242241132322431444311211421144312143232223341321414243244314312124244133422242111111243124223441231321241412424232214212244331214143341413122142414124143231142233143431214134124322341421131442144113311212331233341431311241212
44
2112144
24
1413414
44
42311343334424324131232142312344113134423334444222224222433112423444134111231442222411223143313344413432324333234444321421142421344414344211421322421314144212142434134121441123421214343314411344211423221233232441323422224413141133442323412141314431224442121341322414434222242124224113344434321
32324322313433231441233342341221
3311211111221332443111131113144214334231441344234432434414311444242233231324311424113432113242441224312311213414122342321332222433431221341332421214123
2214221424413214244122412212443344334322431432323122331122113234313443122244432322144431312432121312232213214122321432421333131411114123434244224214344
2121234334144424224413144131441242334121421412132311334424134431442221223434131441431434341424423233114112
13332431113313421232432434111423131433433123442233121233244123321213112414221324342412232244134432323241423442111442442322432324324332214211414322114311414131222242123214111122232444124311424221342444142134322431342244343312124224333114114221221123223334221331143244141111431244243113231212414232233314113111323322434442334123144214133141222133232334144333132221434211223234132431214441334322131442241443114144141213222143434243434444144121131222222132321132244324131214114431123443123111213412221142
424434414141343244433313334312244313113433211412443232434131431323141243431221344234134334243112413234423221343311244141113343434431432123244413422131343
123341212413144423114324131213244124324423332431434111332
11
122331233444
244413111112323244333434231131
111334
332242
41122
231
21231
24331
34144
141211
121223
412243
311222
112223
23431
243433
31211
344334
323222
333334
213324
42144
12342
444211
243143
423423
412442
342224
443234
424334
144343
343212
311243
332414
41212
33441
421414
113134
322242
124211
221441
121234
324224
21313
122121
411143
131212
223223
141242
42132
443323
323311
31144
44
11
14121
113424
114312341
231441
1211312213341113232421221312331331143124243444421313324124414132413131113
1111244124232431
4431341443
312141343222
31142333142232112311213234424114423444233243343321114311413243412122332413212122322142111441431412314132412214142424
22433231
4222312141324
143141
111332
13141
31121
24323
11112
41222
44224
22312
21132
11244
32242
23133
314231
22224
41213
11223
43141
44323
312422
12312
11221
24323
33422
41444
41344
24341
42114
43441
21321
23132
31413
43241
42321
43334
33222
32132
34133
21413
21213
32223
33144
43222
24213
22324
24243
14414
23324
11221
11124223
244
1314
311331
422
1141113
2331312
3232344
413431
3113412
213323121233
4441331
42122341
324432
14211221
442124
312322132
22323241143
32314313
332242
23214333
3422241
1222122
221214432
2413331
232
324
314214
314413
422131
342341
213444
441334
412422
2343132
233111
124131
223333
411333
143232
234214
214424
233142
134114
13
11323
21322
41423
12244
42343
11133
11422
241412
333232
332213
133323
322212
341134
413124
44112
432332
3411423
34333
21334
411344
14321
3131322
411212
134113
241322
32442
34
42212441413
222213
122141
241233
43213
42432
23434
312344
44122
32314
42113
22424
14242
21341
12214
41414
22222
32242
34323
41432
42431
41324
34121
44113
42133
21423
23112
11233
44442
13322
21322
41222
43332
24142
43123
22133
24142
23112
24433
22232
23244
14134
42423
33142
34343
11234
42143
34433
11233213
314224
233233
213341
113432
344343
111433
131142
342323
331331
142343
112141
233424
311421
224113
424424
332323
231434
413342
323314
324221
334224
133334
122312
311421
241434
413133
311414
423334
131432
444411
313211
434232
422141
343342
344234
2311442
113141
143111
432122
223413123311
131124
244121
433123142421
113112
442312
122413
223343
213441
322232
212223
244123
234432
411321
234342
331213
412224
233442
311141
443413
221222421213
13222
32144
23112
13233
2333322223
323213
242111
233321
144212
431331
442231
434442
142241
244222
222233
214224
314212
113214
213421
214134
3344211331
242224
44212
43234
34114
11122
43332
42114
12233
21322
24113
41314
42144
111223
313231
112124
222221
313112
131342
42
43222233
13431
11143
43
231331221
31
13244
112333
311134
1424443
334113
41
142433434
33
42
11
411
34444
131434
114431
322111
421
42133
423442
112433
13222
3133441413
3422324
211333
41232
12341
34343231
23444
1321
43434
14212
24332
33231
21443
33343
32133
12
1234323
14
423442221143224
422431
24134
411321
334434
3143133143
433142
144343
22444133143
22113
12
12441
41344
43122
11332
13331
34314
42224
41124
14222
44334
32442
23421
12131
13
231112
22342
32143
142421
414213
44214
13123
24422
41231234
23131
321121
43241
11242
41144
33122
14113
34334
11444
42133
23442
113244
24422
41231
12144
22432
234332342
13144
12423
413312
242313
343231
231242
241322
412242
233124
331432
32233
12113
23231
31333
33212
23241
22424
24411
42344
221133
231414
231322
242233
123124
244321
342144
424212
213133
143232
133313
243344
331342
332123
4233223
224343
423
421
423
342
13311
33333
341423
34423
223313
322221442
1224222
24312
131241
313111
123343
321442111
122214
123422
134331
222334
142434
43442
11333
42342
41111
21332
34434
14431
11241
24212
22241
43323
23331
32431
12241
21234
31224
14423
12434
44144
332234
444212
332413
24243
42224
42241
322
42411
333342
4141442
341334422
13131
14143
31444232
1113414
11321
31314134314
133331
323421
43212
42
21341
33311
24333
22342
22224
21111
32431
12211
32314
33442
32341
44122
23214
12411
41113
31141
34423
413142
13
3411211
33334
31434
22142
23114
41314
41144
33144
13
12
41
31
33
33332
24133
32342
123121
23441
43
22
32
14
33
11144
13214
14343
12221
31431
3442323
32414
12331
42221
31413
22441
13232
21223
11131
113242
43221
41424
332242
142
421211
214212
343321
133144212144434331222433413413334224341221222324212213112213242342231243332411434234412211113233322411311312123231431221232442314423142144211231243311424113144243214431122424211342441121322411223412141444213414214342132242133113243
14322323411313424243322224232321142411124341213444331322132243213233342332112331444441243321133144114433441123444321113343114221444133221321124241443424112331113432124333441232121223244433341434323244412411144112241143441414332112311343112443342
21311134324421324213234332432313134122133444242421132333422331211432322343241121241431141111
1423431
311413
41132
113344414211222132442214431431241431341411334314243322343342141422321444313441424411231414441234224321231221132433422424443344313221113433312424411131323114423344122324134312323441314442241414211444234111212121242433132411
21231
22431
43441
143134
34
23
41
43323
1341211
43
23
11332
23414
321434
22221
424214
31312
43
14214
44434
21112
21
31
314224
134232
113111
13313
13333
2343143411443242444212221413424422234214
443312
1
114223
234211
2112412233332
122212133134412244334431431344111144423112231322333431323232141422243331121431421444111244221342124422311342311123212233221141131422323143343333113413231122431323333241333123124233124332424424212213344241342412214321344121314122342344321434433133442321133231331341244241414423332312212341441442112121121141222421312144122142214433131113443142412141343122312441443443242231232211141421412414334331114
44211
13432
11
31442
243431
13434
23
31
311331341243142412133414213232443343212441311411233
132112143232
44
322342
14
1432244234434221321241343234422214344333124241334123322324131213422343423411334242232222241412143224214213113241323
322312333211244123343324423144322133142324343
44
322444322143444
113
233421
34431
444122
24111
312433
114331
1423442
24233223342314144413242441323333124113411423144221144134243434243121232
32422434323124444424212122342141124213114332133234323411131431443144234442312112211431413114411213332221122234424441112241334314334213421142144133343441131321442342223433144424424124241213231334443114143421133243414433321312231332232331314413221443121323324233311122
141134412
23242
32432
1133311
413441
22112
44344212423311431222
11
21112
3332222
4234421
13323
42322
12132
24432
23
24
11322
14124431
3311213312422
4132133
34422
22411
24342
42112
342332
24
34434
11321
13342
11113
23412
12234
32444
344213
311
312
31323
144
133
242
324
111
434
342
241
444
213
414
434
233
241
343
444
114
43341
244
414242
4411444
2324233
243133
3211422
412242
333
121
444
133
43312
123
112
132
222
224
11413
13332
31332
3312323
31212
14113
421
241
114
432
12332
234
223
434
242
2231
324
422
132
11
41
2
4
2
3
4
1
4
4
3
2
2
4
3
1
2
2
1
4
1
1
1
3
2
3
2
1
3
4
3
1
1
3
2
4
4
1
2
4
3
2
2
1
2
3
3
1
2
4
1
1
2
1
4
1
3
4
1
2
3
4
2
1
3
2
4
3
4
3
3
4
1
1
2
2
2
2
3
4
4
4
2
2
1
4
1
2
3
3
1
2
2
1
3
4
41243342
23313
11124
14332
34431
43331
21321
12213
21441
34413
341123
44442431
32233
24333
32324
42423
14
123134
234412
412223
21121
21144
24114
44223
41234
11133
41111
21343
213414
233233
342233
444231
41241
22243
41444
243
142
31334
14314
44441
14232
43414
123434
112121
323241
441231
242332
233232
143312
442223
342423
21113
42213213
1133214422222441442312342143142421114122412214411214433243211422242321424141431143133234244134414431144442
211143141424441141
24133334222
2111121141
24242424311243
1322212214
1143433313342241434443
33221423
2343
2421113431412231113232413242324141424123121323211143321132114443111432214423234433234331433332434334221111133441311311423124144324243431214131314243133124114313311322233221123312442243123122133114244343
44211243
1231422231413142143131213313424444232
42214
21133
11121
42132
31323
11212
22343
44332
44314
11143
23124
31243
22142
13344
33422
14322
42444
23224
22412
14432
24223
142314
32341
133323
113411
34123423313
243142
332224
422341
112113
2214331
314414
113213
133221
312143
224122
343333
121134
1334324
213123
122134
332144
44122
41214313
31323
41342
33234
43333
22313
42324
13222
44441
24314
412122
242122
124343
341312
241442
244223
142122
24
31141
32131213
12
21
14
43
24
42
33
41
114234122112
23313422133413331124241141211131134331221232113244121344422243443413424311212324233133111322244444234422312133111112423223141121443223113413122111423234111343422231333134234311422
4332423
4144233
4423412
414323
3322131
44114
31322
112222
343434
432431
212344
311134
343223
322412
4141432
131231
344314
424442
332414
241111
313333
442213
324213
313124
324341
232323
211212
333431
43232
24
43234
21441
31331
41242
22334
12221
33233
34122
41232
31431
31443
41114
31412
33334
33133
41123
41211
41211
43144
12121
11121
14312
22231
21242
22112
34124
21243
23231
34244
43142
33444
23313
11114
43331
33214
41312
23212
44444
21321
34431
42133
34412
32141
424423
124323
223333
332243
341331
442314
231222
223142
234112
44114
13432
41343123
34324
22413
11222
11131
42332
41334
21144
43344
23421
23124
43233
13234
41123
33123
31122
21314
11111
23423
22221
44343
41133
22114
43443
34421
13
31322
32323
34412
12213
42431
31133
41331
31442
24141
43212
14124
44224
11442
13221
44114
43442
44124
23331
