1241432222131321322131423141244331234434213434442243
1211443122212311343423132243433321133124343
1343242132334242143223312442444422443114214331114344411221312342
4123421344413314132443332412213114344133443
2133222443124212344113124233234113233414312221334313
1411414311131112141434111131443333122211214
2224142134311214422222343134224444143224424
4224343122424433133322323134133221313433441
2323143312124441421141411341343144124423122
2313421324121343121124312122431114112243421333123112144432321133121244412134434211
31114124212214224324113333423114334344342423223124442231424311423321
4322423134243431333342432243214413333332
12433123213133143113331332442221212144444412321433411421213443
4131111114213131443112132144333313324133244333131122134332133113111224344223
33122134232424443233421331243244441412213
4124412412313234244133111322432133241342223
333313312244412344311421221311321331133244143223123314142331
22332443334214422222343431144313412333321
13321323322341434431433133243142221232334142323332314332444
232214442121433311211143132214244312422224224343421331
413444141113321223114143443211213331121323423222321422
32433342433241331113224
4314243324423342213434231231314244
2211434432113424423431222242443244331131414
44434342143422321324343421244344322412111124331413133213121
43412322114331113441313213344441311113314324412141141121423131
23243123242142131344211131232344324321144314143
14414322123424241142321234141224323212113244221332132133211123423143134312
4444122243432343234342432431422
133241114132243443222313314244421322311433413443431321421423141342
2312221312314224111144141322233322121214124142222143213443113213141411144443
1231222221411432344211212141331131111112324141332133233224141132411333321114
4121332414224233423113223131121222431142234
2321414232233413232311342344222231414224443
4441411211131214141221114132224314423344141343234
4324332224412131311114232243431313114421233
1113423211333113113233134313322222233313313
1113131211111321123323121343324231343342112123114132331342112344232234
144323123123241243214124343423222411233113422433444411424442441443311344
3333114211242442243312432242121314
112322113224124113111422212323141432221233413133
23312314431344122224344123224234433122224132443212414124133
333411214242414342414312133144222442212144344323232243
34144322243424321213412242211244234323314143
3434312441342244333111312134413134334141142423142133431131433242231422333241113242
21213111211122322144144334114134413231142422
1334342111224312131423211311332333232321412
12441134112434121131141234322223221334442412234313
23444334333123211433432341111232132142323414332431144324
12112131123412214144114113111224111313413
34123344231314444121312134433443143223433
2231312213141144434212233341322432443313132
12131332332214444424424211232442122441121333321234342343134223321432412234441
3143134432214213241111344312431114132224343143212413
4141142242314333241234231442423212431443434
433433322222434223222323241314223344442
1333444411122422242312233214434443114112112
34141332214321334213111334113211134333411443333312322412114
41413114132112234222213333132343441132414333424112241424311241433344
42443232422344142323213334334223231223432
244322131133242421434331333332241342221314114414113
34233321114244312332223133313422134113224332311233343322113
132424212231231134343141143134343133212431213412341411444314242313133424
122412133131344312211231112441144121213313222242243334142212112414224433
4314313124413333431224413222333413114331221232113213214
23111311342114211332423312412332242424343321
11321421322441123211113334443222144434423133124342344141423222442132131431441334113143314
23132344124422432212213342343311223124111232
434414113432424234432432423132423432141124
1324214222242221111423222411444113224142332
42411234314241331141223314113121431344333321432441431224411314121243112124231243243113341
434134212231143243212334444413431144421212223334333214331
2124113311212334121441124413143133321422231123
212414231314111422411424323133424333333414244431411221343444331414442111131432
22443424333241323334213134233313143224143142
1212114343312323124132344231123242141411134321413
322413121223413243113342131313333141334323244134212
14244242312434434212213241421111144313213223233141
44341242322443114222431142222323433423412331
342421214111214212242241433344231323222134143414123
12343124234343114414134423112144414134444231
4414224334214442134131433142221421312421311332443111
134124312112314214343131433414441213414331144432242
34344414243242423
421422122214323242122211123323322314222121
143432134241341414231434212242241141244222332313322142
11444144221233414121433223432133123323232243
2321222144432312344241444143221232334124143211111423322
24234224434323323411112342223333433124424233
32414214342213411343421433412434144324444331
3314241111434442314231412424343434322332321424243443414
11422211243212421234234242431421312243333314
34121314222422434133433141424322433234342424
142224244234134213241312321113442123321122412413314221334
44312243124123414132412231431224311322324312
4112313311442433443333232311332331432144242224112224142224113412442311122114134234234133114411134322214121312222442341322411
22133224143341344242332433214242123434233411321321
11134433233142133444411443432443223134111223243224242241424434431322423213124111
3431344224424222433312112434132232333233131424
3332314221313312423312244421133431232134114243214222423344144134132
41244333134342241124131412414421232314443413
444213142232342433332211433333441141434121242133121133441142311331314144
4222221234433133133414314441144142143312311422
13211212433423214432322241213214243423311124
4134423112122342213413224443213242121443114
2413241132434411312321332244441422242433324243
3113432214334212143143114234432243122411142212
313342413343433332323144133334132233334443
2132434121334241311421212231412111443213431332211444
3111243212134144234
13114311442424212414311344113321143131234433231231322324211314214134
312442312444431343314422
4231222441422214443414213324343434334324413233
4213333133443411441331
11211214133133221424213144412222314221432234
133113124341314334334133
2443142121411412124333342342
4333442313211131324344143433144334111124432311
114112344313334441111134231321144
322334124221241431431331234142131422144431313444332144214141111323
21324141331144121341423344144233214314243242
42111223344113223241331114334211221422413341
4421441
212112222434343412314432214312313434312243111
343333131132443422224143332222231
133423112232214244321441131413121313323411231
22124421244421421124443143243441113131242343
122123124313414211221
21114311334224344341421313423421223431141434142231331323132132223142313223241221
1121334411324334233324212334414242342414134422
42132133121224434211241431122414244342113443312214421323222243432423142233322121212434213221424212
311243234121243434323343214343113141234112412
4421231241221113334222312221424123124244133222
4121223114332123112414141243443321342132421322
4344214244112342313313214241244332424144341342
14424323312343422441334311122221112121221321
1143344324243312242242344113434223222334421213122443441
331134124111243143
3324133324341223113243442322323243343231344432
3122112342433414221443114323214443421334133244
21242123312412414412123333343111221321443231
4113124114144313234331234413322311121321222241
1123341144432324122222424111342224231134334133
31442442324443211122242141224213234213222224
34214313412122413143141441332413413443123342112214234314212324243342133241333122
34211
14112211321124312111221222443212343322241
331241441221432211313432121414432133214334122333333
3443144141323
333423213321344322344311321133
4323242113421234343223434323114441434242331122411134133
1323113243412113113412233334442233443313232144
3143111422234232411342222332413221142232222142
1333333224231133132333312333113314414412121133231223424431411321131242241311
13322432321122423432213212321241111213
214224312233421423322142211321231414411311121
2323122144213421234122212431134342423412422143
114133242244233223221431123142434232244134212411313242311422222
21412424142344243141334124142242224232334111
22324114322222243111423133331443242344344211233323223232324
41141441314313444113123122224214332313344333321421143222232223211332131441
2124344224433124432412414234114142214323413423213342334341244
2131224224234444321342132232421432432441114
344322123312331
34234323131343142231421114434133343144122321414423122
14141321334421
3243431413321243143231212324232311234231
13323234
411423212214431431324341334114342341343411343
313142112142434221243232323142111423312442414
3333312111433323
32132321412343322444424223333141131442114444333412112
323341143241232341331111411134213323242413344
31142342431423
22234233324411231412333242323434213122114214322341231321323324434344243223241323
212422422231321
34124322111312233
242233343144422211414424412414122342233
3423342221121223324213342314114231433433211244223413332444
311441342132131
32234114231443131221231213334441332421123312
4211343212144224144334124113143143321313343
444343124412321234433231332423412313322142123432341223444
332212313244431111343323111212211324131414133414441334
322233134432244322213431112241141433123111134423
223214413121323344214114221413311124143
2334142241214241243123312313222234241131423243243232434324
3411111212221433143443134343142131411434441
32143442234341341434222242443432122323224242423
2321224241312124222422244214142444232234422
1441142434442423431322213144233313441311322111334142111
243233222234131323444441142312224142144421242443
3121134343113421242323332432244233331333431231114
4
241133411212122224442111312144143431424332423432
432121221132122213423322441333243123211332342
341211112211134232312234412131323443412132234
3231332333221111324442422411413233213243233243321342412432214344243341
4333413231333124321143133424133324124414333121323123133133421321
111112141321133223344113312231324324213321431
33431441114433432213113412224243243223342331221
424134423124243334343133143211134314142122331222
3344321241444341242231143431232322
1123311423314134232142122344114214311134122
22334132242433434122112331311234423331441244
11133423232242312223431244221234214321111341214143324422222334141212
233344334233122422113113143132314133221412242411424132231434443341431114
3244121422211424131111422342343432114322324144213442313344
142144444114121114431422433411233434124343221
3233223323222242334144
11213111222131324231231
43212221124432313113324233224334231312234433441424242323433142214
131211322124314421421313143314331441213421322223
112112321142413423421131424232321134412121443324
31111411423333144133334234414142414
441442332414322433322142423333421111114112334
223311421131334313231231321123322214124113123111211414141
433224413113122412444434431311232112313314311212
2133231244413141333331434342414411344143334232344144332421133142132341331
444243444311133433224143423231324143431211241421
112144223111443111342131333434424332434121332
11134112142244241233221443431414441232334342413233
433331143343323133323144442444121224113443422332
113412221424314421211113144431423323321231122
24433144434331242334344241132222222221134344
3113344321124424
13411413442433434422414342223124142141424213323132213
33234224114331222423422114434223143313424411213
13112234324234132344141421144234432323222413
11134441124312111333224414114314132432114434
133311232143
2331344221431331244133124331314243111242
32123213432124413334122242223111244422431244231233
331324122132411224444334334342333313341442223123121241442
2321113234143414441213412222113434234412
1434312232221323231124121211144341442431422111233123311243314443214
4123212221421133241124414243211323433111
31211444111232111214312124142332213441334122
1134322242
31232222323223341223341422333244241314314141
3313324323122322321214234143414213224234111123444112343331121121
31244333231124223
121223131124121442432422214233234143224412322221
21131344134434324241111412141144111311111133132332322
33233231243213232441242421124414341431344332424
141432411122234411324141334311343212312141444
212111344323144323221323324223341324222221432
13423344444244444332243313334112441342323343
13424134341311314322211312123223131221234142442
24142424213424232114121221132433442323213341133121222242144322313
44442334131431332213341
23314232413322423233322441223122112111134421
413123443123242
41412142311444213124344212421134441311342141
22322244412133413144431342132312313113113
13341114134411421243143244214421433133313
1432431423234341332432333212312442413233421243142144414331341442131411141132341341123
3223421242114143441314114311124214311124413443123143212124323211131332424322
22411443414123414432211414341421311143432143
142231324214434312113111443432444221312122411333
3414343231123343312424431342
1112211321134144224422111113222344113224
3414122343411422344223422241333323332311141423232424424224444433344424421321
31232123244413334344314322321321323223124211
3443333433343122433222142144443111312144224141434434311311324234114412412424123241
334112122214433112112431231411242333131232311141112
31333222344431312122114324323334414413234221
44411141434234444111124214124231412141232311
14342234311311331122213222234314422123111
43342411231313443132222311324232431443112113241122112312342321111331423131334231241
122214214123324112431141423112223211244422
4121212224341341124432233342111241413234232344114334411134333414111312134114
1211242341232243412324224421133422344321
43434231312241413124111223224334331134343421131144231224333322233
442123144331322413223211144412241123331222432314121413222441412144142412242
141212213413411141333313241234421234312244112122312423232143333321332323214113
42422321413224423223221244311343342314312242323431341441422113134341344321142132
2313414342242113344314414244124122311424141221331
22212431123331132443233133
21333122341243331131441122141431142241434122
13414444322341434112414231433434432212112223434432442434
21412222434121312213342344141212323441221323
12242344234341213214224142431341413334322234142443324322112124224211141224
13123141144443111213441132344341341431121342423334212343442114333133421432111224241434131
32232224312413224112124214441242443224343342431142
32224233312431114441244314132321114332424421
222213241214322142322224341342412313322132123134122343
11241234413444114122242111331133411114422312332422331312121342112324313414332431
24124132131234112414323221444142212143432
13411134124421132442222224432223443123111432
22123213232233344441231232411342441331412414112144121431134411212113121214211
3222334134214112212424442412324343331421212
2222114411323314433313224144214311223423242
4222321413412
23421324422312343
43414431124434311324321411443243313221241222421244321412143311134324224144243432
41141141121341213111311222434233114242324122
1323434341142441414414144422313124441413444231332341443341131133222444233344123411
21341233223311433221322212124211311313344
4431412121131421244212332423332312111431
