241413223313331432222212441411331442213133112232141411
1232112111443131224224324311123243142131413133441434214411223233131442113134422331323
323343221442414231113224443243412123
121324233313231424
412422241141431131214314414441214433324
1131111413124113324443231124141342313312434311341422433113333
22322424423111444124342132312113221442
144232142214434242434324211421231321133414413323434242122413
34331311311121443231224222221441314
1432233234323333131134112221231314142
342422422322342121234224132234213114433132422413
411113334432411214141313331324333322132213333242323444313411122
314243312433314123142313413312221134323312
41444421111133314333121412143211113341232122441
32231323423224111433133334123
41234141312444414133214412431444331141141424
2322433231142421311312212444242412124114411
3222144433331442142223344321234141214412
2423
3341
22413134132222312214422112341141241441
4432331322123133321143411323231244214323321224
242
122
13332221321331431311424413322123343132241
1134241322124134314133344442111411413
32241344442224342243341323434131441222
2221223143133111414144112314344243
242311221324433342234423212333113142241
3243113342342132133322233414111321213324324221321344424
333313133241441233224434424442431111143
32231343242313314321111442124122111132
24413224432422441123222421212241413221
321
224121133232124242121424211323413121
224222131111441232434322133221143111133
3342112211124323234424444431124142111112
143134244312113211432332122324323
11443441434113423134
343122241433234112123234431421341341
44424312313241222312241314124244123313223344143312344
214131
33344411444223132331332224244121113123
33111431324133211313142141242412342434
222411132424331243422312142111141412
22124113144223434141111113243242442141
1224343132213212242343221342444334422213342122344
41414
2212144122314423232144131444314333334123
42121314214423314121332114213143143243
44433412241222434244424443123131133431
1142444234243113323311342442323223441
44444423431334113241333423411232442221
442132144424113411423343431334342314414
2442113122332141212431323424114324121412124131234
22243414311222112424114232134222142324
334141322213334222122241421431232344211322143
4242422132124442331111321111232124234233
3421342412232114122244224413331333342132
31444334312221444233433123231334114113333433243343122131
1231124424323114333443341331241242232333
11331431131223321443124211134321141441
12131124412414224243443121133422444243
22141141143312431322344344132331332442
444214133311122242
42421441444421144423221434121414232423
31414132412223431433414342341233422123
412
4334332331
211341334213432223432334414124113243332341
3114443134432113413341223234444331343441
41121432432124434112322331431212324412434344221344413
13241331423213113143444143121313122221323232244333332233
12142312212411322142321114333321124114
41442432112131414124222414443214421324244334124431333
33323
24123
14422231444314231132314224122333143431
141442343231231334421232121412222312224
3333423223434243123111412134314312132221
43132414344444243441223412114242234124
24311131341231134334431124413122243332
1131323141134441213212213123234244341313
3412311233442232224211444324421124241232134341333443
1244333343411344141331342413334121443221
111243313313213314213111244412212432433443132113433133442112244331
314413314432223223442324141234413424144144243412314241423321412224
14124142313412334412411421412134214342
1233142234432112342313243224121131244432
3123424221214113122444343112333332241243
1124414314213142434321123423344423211241212
114441241421334443311432
22443413134143111114214414113232231144421
144343344134113222422443214112433343324143344222
4142424424231123141132323122131134213123
44331
23312433344144221343332412421214244143
34134243134133322343314423144333343434
1141231143143231
32132134442244111424224422342211222124
4424244234424331113433
43133144411441213443122231131212343142
2213433333244214331144233144231342242221
131213122431421243221143422143222434241412414332332
24331114423331111131232114133412412333312331134143
2122332124434332414312411441232231131113
23322344141233423324141133231423214144132
3422241413344133243214123132334321444422344
13342243322212341411244313433421222444444213313312211111242
31342114421311123134414234443321323242
3243224424444133132231231141332343114411
3441334232243113233243123233444313313414142
1421134234134412244142
44443443432134323344441344114224244124114122314423144
42442211222324313144323441341243113414
1221322322122332234142144242314332424221
4242433434111133341221412332231233211422
33423
131332332213242243243334323432434432233213334333
13311212132434424322242212444134413343
1434124314342142333422144113124122343241
213121132431443123321424433323131423312231414412231423142
24443413332414241112441432434224213324142322321
4232311133132331212423243342333112431112241313
211434141211111312334134443421321324
42241221224234444111241313242441241324
23324312331121212242331211241132333422111232133321341233233341443134412144
3444333124123224214433314223141442112241
44431114442321244324213412133242334113
1122313233223142433112313412421313243432
324231414322413444141113212323141322322322
2422113442123221431143422443334121431122224331324
121133414213431231312342344412112334142322424144431
13133323221223214344444143124213234334
4413314332224114434224334333242323122421
3341213133212332414232122111431123234442
134314312113423223122331143242113143
14422312233122133243113444423212242144
22414
223214212114144213322411343131132441343213421121341211
23234321432343444423233233124221233313234222
24124
13313212114144214324111411213244133311442112
41311443232231131144143131414341244413221312
122321222333214412234311242134442343213324111322122
2223431223312422143142422413142321234324312413
43314
3243441421343431343112432111442141342414
2132413431312211342214222221243143314112
243224113424413112431143313122121331132314124342342444
44134333134244343412141422221141214344
13433342213143211111443112
41433131233223243334442342
2232112322323223344113334142233231444114131333324431422122414
4314413121241121223422422213444111111343
2133424334333211143312423311232212141331343
1233322211231243331322323334341322422141
1144433344124322142232214444334411313122242244
3141413343241333141224114343312
4212211322443221133342233221213442133222431114442442
143444144222122344114112123213234241
34131
324143344223222244121123423411243122314342334333443
1412242434322
133332422322413211234443232213331223334131
4314143332134441413134241431324114123242443421
4142143133331441213224143322334312224441444233323
3212231233414322414441431331413443341423
233332431143244411
112324334421323444
223131233334413122
12212321413214412331342112233421224233
2324213322444343144411334121133232112231
12341342213232144312243232244441214424
231144211231113422331234344232131432141221
4121323131211232314222143313221441341134
13341142312323213411211233144242314114121212
1431112424411414122442414314143344214313412214241
44342244241111432231324341321124313141
1424111431422232441324234313222413332444
32121341312444122313114334411442421141
2334142213314114134222312313324421131122442422
41423422132
1312241231213323431432212213344222142121
42333442214321324431314431123222223131
4411223442331223423232343333331
441113423131424213
3123311444421131442422112422433121231233144334
21123431233341244114323141431441234342
11421
4114144232243223234231122111122122321342
22141342131332111131221143434412131441411124223413342
33444
2433111324334412112441123411414421442433
3322441311242121113231111432234313324313
221322323211241241433212311331211314144443
3413142311323442213132443333414132433
33114221212224113244231113434324313143
233444413322244433132214424321221432434442432143144231231422131311
1123433321333332323412333442341113213234
22432341144222311
4341414242244331233224223242244232424214
434414412244224312323313331413242223122341443423334
314443442133224232344412412213424133443244421322434
1442411414111134112322312113423142
2414331113414121334313413431221313322234
14211212231333233424421141322322224122141334143211
24122232233133442131121224413343123213
332221444221131413134342241111411232314
4312132124421221214212444443123114332234
2232133231122434112411112211442143331412431341
41442344223144134331324131342214442322434113
2414444413244224113122334324332413344114
434333223444131114423234232224214144121224143411124414334114423414324124
3332324221341122422214124132234132232432
23242131433443231213242434243324223311
14113214441341321141414313413111131443
1244411322232312143442234233344211323124
2432333122241144332131234441322431323141
22211211312134133243312432233311312113323131
32242424131324424312333324323342411221
444243413321131313422134223114133113111
42341313213243443342412221123331421114
3131133222242233334413123232342314243331
4231311331324444444324413333213343432423
21142
3312144313222323224123142424323432211
1424243342241414433342133322441424413134443444131334332
1211232122112331321342124314111132313
121342142342311442133214233343
3324313122321441322213324311334322132313
4141232411322441114222421214143242123122
222213223222231431421224441213412442211
3243434143241233343222422223234141234333423243224423
111113341111411221424134332223321334412
2133141311113421321413244322331144414221
4411444243221442421234114314133112324244
1231234323412413221212333421234233214113
41224221414232324344443443342221133131
14321
1313341141234432133214122113341421144444
4441133421341341114131234411241443123212
1223212333131242211421211423224124411232
233333143321234234443422113422343132122
23441
11223434443213431423142214113121444443212111224342232
33142324422432441334244133313121121413
4131334112341212221223344221312422132213
13433244211433112341442132214131143441
2312412114333413343444242244441433411413
1211423211414113224143441142341334214443
13423334434241332232231113431244341142
43114433444441432122223242121142233423
411321134212
3123142211211424311233342422423213412411
224123344143231131412343341223412134424334213123441232134223442422441
32214241333412231311424423144221232233123211114243132121432
212431443432331222124333321412131433132
3433431311442433132142121434131313211244
3232111144134414443231423231341241233322144
4334322114423331423334133443312333221332
4243131242142341131221234442422234113213
313142223311311144311412113244131423411143241
1413343224224441331322123423424314411114
34233232444344212242224244442214331431
14112
34111142412331141433434244141423121332
2223312334132312313431444143322312113232
2214331431113233242113224442333121442334
42414343223212414112244111233213332242411
441431221133422223123421322134211213134222142331242223
1413121423444223242424113233313421221322
234124134444413114122421312121242322223
3443213443444432243131221312324113113133
112214231342311323222344241321124111221
43112143111322333131213421123343413312341433131244412141334
4333121211212443232112122422213342423211
1221123434214434423223331424232243111414
4121444432214241324143213112142131424143
2311312132231132243444342344221442112341
1241133432411321144231122413314122233213121343243
14311332114342442114112131342411123131
3131224243114241124221124124122432311424
2213111211243221221114441244341341121
111242214233411434221243143333442322344244
34334242243443111322322224141213234444
123212422113132344411114342421444333412324213112332422344
433123323443112114242323313443213134433342241223144
4324212223411111222114222434234312341
11333444241422242341313332332441214324212232114141
221322241113123431422142234133413323412312311214431133322
3141132322311132113214323234223324323424
333232242232414332423333332312141414333
1434424222131441343434223111423242124222
33113413
13333413234412422341211121323311131113211
142214431111113411324213224232331433231
32434144412432113214414112143143313222324
11143314141223212343112132133331122343444231323
213231214343222314422424414421144313
