223232224234424433243131121412421133232122112
42342413242224124321214413243414341
241141222241441443133233313122323
431444243423341433433414232331143141314213113112424442
21233441144213421212122422121344332143134
324423214324221124141221132314214433
223124344121144413232334144442424111134234143422243223
42444312142444432432231132142231411341331
134323341431332414314111232343324143212444224
2324142311223132231433322344343413241444411
4414334233442441111423
3342123312111441112222223433322133133142414321
14243211112431324243442333232214321432114112213442434441434421433122
42322244143432234212443311113333422
414233332133131214421214231242142311212434122
3333244123342243111344322242313412123322124
2222414212224334241211241144241122113321444
434241333323143331324222333343434214
3433444432434121344131422134442342321134412121411114313414
42431142434242423122213324214121143331443133344324342343
4334413233413133442241334421214214244114434
2314122212112332244434433422423433142112144
1133213211422333314223132223242442311314331122241111224122
44411314422334211112312343212234232144412
1334211331242323133111114134311314433313
2344341434211144141123432311431134423421343214
313113321341313134314343214424321434442231232322343144
4143124414314412421214141112343243441133312
11324322233432334244134
43344313242113413443343241421122231243331
2413114442124111214322142322442422244424411
3144211231131343434244142233134341411124324
22424141114223424323342242213441242433311
23131211121122341213131313312233434134232334432424431234
21312143312424444143421214113244233333344233214314114444
334234431312441343424144212423
3113442222114342131241321132243124124241422
3233122432312231223111241231211431244332412
24242134114322131243343324133323142332143
2443314132433334411411221131314113441442114
24111123432114234231331244134413122124421
4134443422232134431232411211424134321234342
1442442444422443231412414322124211334242242
41223234311333344232432413342124332122144333322211332113
4242121242321334233423134141331441224243242
2442131341322423334441133322443213412424442
33221441214143211124133223422134421114414
133323244144211131312143123242221131231443243323443344
42233343333333231324243343333224144213422
2321433223433323422244244333214314213413244311112424212242
4232342443423144334342133111143121222434241
412431313141432432121434313122232212342341222112313342
11313121213124222313223211313441113111132
4131331311232214321114131331311213322121142
23413244223433321134433111341233414313432
34122
4234133323441121433132311133431214112433231
14331231214123414324224444414311223112122
3333223333211241141232331211143411223424124
1134312121233443213321444113313441123312133
2211323113414414444344143214112421414234232
13142132131221234234413212114333141
2433312424341413441112332343222224322324411
31333134213211242213124142143443423113221
34214422111431333223424324421234134323144
11231332412421434244322313334434321413222243431231
413141243422221444243424331144313343234123212414231134321211432431
32244223222413221132133414112332321443224
42144424143232423434211311133411322141424
231133142322314234433222124324114244311333124234214223
13444343431424211414244444443334134111232
3333131433434444113343421234434214331424421
411242441321113441344313412421211311313242443411213314
114323421211233221332114344421413311331233243411413443132
1241224223244324113121132413324442321134424413334421422
434441441143243431414222213343234332332213122131213313
231333323321223422244144112232212423431212213114142124122334132421423
411443314213313414213242311234224241434213141344312144
433322433223332223314121324332314311122442321123242214231331411414
334113114143133434423244143224241224432444
144232222312321113131111
21411411112324214123234442143211432333143422114343443413
422431131231423122223333211241342114214132322213433341422111114312332311
12121443111413123231423313232221224221312
3114234433431132414233332243331411413242313
322223243242231421122412224321431234214211214223343114
1343444411114133444233111442414331114341344
13324311332234122432111321423424232113313
1313322214142122213442312423342444413113312
2142114232143314312241222
333312432324433123314433123333443124111111333231332143
3231134331321323343111232133314233221223332
1422242444412411432234111421412311322223134
223213133113411214214143313314431
23111131123123133434312211343244343334434
4331431432321112432444334231313143432111312
1344344143244343243244212322234223214413312
42132443123223321211423334342132214311321
1343243124123313342114443213113132341124423131214421331332122
3144433132143243332121313311344232212311232
12142323133234132231141413111314131121414
4233442222344344333231431444412223313314241
44344243113111231331311331431442232344432132343122413233
4124233323432444223124233441111212214243
1322444313433112222224113121423422123332422113
4111231342333211433134112314122134431442141413422314344421244324111122
14334141423214344411132242333411323444232223234141341242434131444423114234443
14431213311312433343242242441212412143324211232331213133231133442113
31333133411444441142114223443233132113323343
4133142242131112224423444241414122414141221234412144431
332311244313431113431142331241143412424332
44331342221142112331424332413442421214324421
3131441222322143343112213222114112232224423111
32314233443442241121123342442211131341141443
21334222414122413311313124244441233211134324
13344243143131243131411113443113141142314
21144132222411433341311421233133341243323244
34124343343434211442432232222333322334442422114143331413312432223132424222142
24121211242113114223
31441413343413414413113343313124144443342323
4114322412422214232413233321322143443142131311
3234434113434344312413312
334444233332244214242112123234412233431242212314412444124131322331
3244221434333233232221432331434241422424323124
31131412231232341422212244223231432213413222
41442444343424413411421432413233323442231441
24431422332443433314133233243214122223343223312314322
3411211222444141444124223123422321113211112133
4421114422341344432121243344211211223224244434
13343113312441411341442343123132113343423413
413433444413323233131124121324221414221442113341111213
1323132443242311114122
14243142141432121332112332341133332
23244311313443413143213421244233123431422113
32244412413412113423323114313131143214211132
33113133222434131132314244314244241
43211412344123331431323332344411324434123313
32311221143444133231221312313223331431314441241
31222313424422143221134344111214344113343333
21123232123334341434212241234313241111221433
334333331321443241244122344442111321414222
22341422444443122234441412124342233311441443
13444314342244442411442414322412233
2222133232413212212424231232333221141423332244314212224
43233231434412242131233231144324244311411234
3243421432234113231
411312244212432144113332342234124323144431342334312243422143142113121234113
13113412322142133313423323411112441411124414
224411332211141342211244323241224123311423133144421144142
4121121144124122212334214212414432
22324323422224313412244133
14123221444213444434214213133313314211413341
3223422241242234314411312341341121443212242442343333423
2233334344312412213423441424333341424313132111
234444343311232244323434443
43323342323214421221314132142342141223231414
21323314441424414114324122334213311233122411
13212321313423221443432434421134221212422241
33431132
34311434414113323114223131422344234224232311
43134213431412321134331311424112311424311212
2123331223233111413211212312422121314313421334141332212
12432144313342423112144443343243113222433122
21223421411244122312312333313444334214432112
312414433432312412421213434214243321322411142144413422221311
13124442412241232222432212124211141133224342
1333241212112411214313343213134133334321324121232143334421
1423331143413441223412231412321131411314122432
33213131214224444122344432343111441114133312
23412411334331131412341444241312311143243224
3341244211113321122144411232432223442214142241222111412
4332122322221143333232232223211331441422214334442423214
4432221214331141441124233122413143444443212123423121123133323443
43424212143133134431443411143122111414434344
2124143313211332232443412212342421441323423434331244242
24313323333313321323133213112113212113412312
11421331232313214222234344321224214222121213
3241311342322132331322321134414334214123123324124223332
23434344222411324334113421222234231232242144
31244412111214111224141234133444411222314242
11212241132423134314221131243134112141322213
24143314131422132134431313413332211433312444
44332443113234441324233412121244132223412222
21443412142222143441422211414134314341142244
22112312131111441221122244421313143214133441
43113114414124211431132344221134322234331442
41232421421411231143123321442444121133113341
2333334144221334324113311214444423123314144131143232344231422321411
41444232133431433442411442314142313414143212
13111133122112443441333232114112222312121423
112132141242141314222241142242221313241214
31224421241322213311124214414343214342342131
2141214343412131111414232423313421413221241313141
3234324423121134232222431133323113
3224241114123222142213311214322111322413113224144144224222124414
432112333434421222433322222123314223214314323
24233211214241232441411121342311241111144211
23423122432212123144144422143421311433332424
44434114431231341341314242124333121211122331221234141413432432
32432213111312243421441221443221314322233234
1113144414412214431331223411333244311412414222244432242
21232
33112114413212413221344131223412124111423131
24411343112314343143213314413443432222442331
2424321333342214421233144221421131441123321
24333222441312324334212213431142141221313134
2113313331431244442411342122122221224413111122123213313
1244414232134311343412422342142433432244331
43444123433344242433322433221244342224312242
14323234233443331121241241313441224314223131
1214423332443424434443233312134314324323434133341124414
24223433244424231322213342334314424224233142
212124413134132412134233312134313244423144313434143411
23423432424212332412341111432334321414132142
342212311333411222124133123242323133144424311112442412423141
222411133341232311131322212312423433413144133414134431323342
1323112133222214342334
4344443142221344424432233323342312341223411424132114214
3342441213442322142143442224424134214444422431311243123314413341442142242422233114114431
43412134331313214431113314433242424212241131
32213221234342343422312142243131244233131412
242121111411321234242214322234331131341213211
1143332422432334334432
11321334124341231442212244413414132333243212
22311232311144341332322331332323411221133423
31132243323331433444414231132333312243141421
44221432144111143422442334343334212223143422312214422224233114213
323311322422122112241314412344122413124124113141242413342143314322121413
23411323121121443214411112113231314334413224
11112413444421433442431243333434114343423113
24343412221433434432112324121324444314211441
431112343211324321421131341411232343121333111214431414
3431422123421334423311434111143433314444333322213422234
4124224412423442431333434243134343331242344334
12224424332441432434213223411424231431431114
4412332123232143432423311132322422233243334
2214331244143114223231314111443221132423222
3322442234324241341333432422222411341211322
3241313244144133422344243113323432211423241234414323123
3414232442312414233423334333212322142144411313341341131
214424122122443134313212432413333241333222333311124133431224113113
31214133344443132113433344141331311341441131
43144443322443434441234314142334414344243111
42422431422444144222243342312212211143222411
14313223344213213421324341132132322221121332
1213444143411313424414414232233412242333242
21122214242422312222414122423221232412111334
33312413423242141333422233142421311132341434
44144224333333122134414313321241434114234431
22222343112324443422132141113131442343434113
11431343113131231214214432211124124333131144
24433322344311421344343141422443241422413421
13433221131221122442232211243113413443221242
31341441223243222213243312132434313134331311
34243121321442432432111143242234124443134133
3211111132341332312143414113134311222411212424213314122342241333221
113212223343322113243124212333341124324424244342343441
1434412213134243211131221341223212444132
24143414142314424342123233422342214234123213333322332
113332424144241241414111434121232423344331121
34211124244143411144131343221213421344223222
414141432241334331212221421133323241112322443
334411441112313421121434312144222121144122413414121432313133322
3422144412213222214312213143341323122332121423142133331321131424
122234244233144321433143311243422411332222124224411133143134421
321413314342244311122422213121122241121424134
431421143343213214422442312423431131444342142
3344411443323141322131
432434331132113323424113214314323343413
334231424211144241142433211242144114433113
32324121424221344422232334342223323
111424122114443411333231332123411411123111323
432313424321414243142142113344244233232343114113311413
13131214124443242442112342313141322144322441
3412111311112211412221114422342313133322342141324332224
423333331143331222213323221323233133134311414
12341234441111121133233324232442132424314243
14133141343111124131231241244132224142111414
23224213224444144314343134314132313234422433
123323423424421343224144411112331131414432
344241312411122443212214312221323121242123214
211133123333342421432414414144424213411214414
14121113141412231232333311413344242333244234
3122334213111224312124424212121442114132133132422124212
312313332221113132214141121214424333244221313214344313
1223321432114223414434124421311421223323
2124312414442312314311232344433213242133222233341422424
341434231412123444224233123312214323431121324
443221422424114324112241141123434313232313
22321133132234422242234311414333134
3333442241344444144414243211114221333133344243241242413311334
332214421112444321244323321124223411414331144
2324334142331142342412141322221241142323342241341312414
143333111234432114343124343213322213242313342
143422141444113342414423314341342124232142124
3143113241332433343243234342113414243322323341441112131223443342233334
11434244411343234413243221413431122
231124312434413421131322242222222332132122321
222344424411414213421414432121334132122332131
4133313113412234