23
11311233424121422232113114144243322322114214324411411
32321323224143313444134243431412124231
213343343244211442421242333341424412124444423114113
344411131141322432412142314
4112313432233412432444343432214422314224442
44
324311434434131241223
33432133213243221243133413123232113343432
33211331312433431211214241123342111343433
14411311323312122331442123142322214143124212442214234133344311332442343144
31141233234424314221442311321223343
44314442244323244314131214241434242223
21434121413313313114311214134142422
24434344112441
34331244242313333122321423143411222
2444144
23322124331444142343324124243444322342242143232
31233232114141314144211311441121311133213
23311442213224133244123334312141124444242
41434244344124443121412132232221211112214
12312124441111213122312133112233224233342442213
342222312432443113244342434121224323141211
22412424422344221131111413421212242314
34122414422344234411122432434341112441
44213111112233121444144113324124123243313431131
111422144
2431123413223234341421
11342324442122133341411432433134223
42234121444231311224224
23333333134144434333321414211124411342
132141311231434321323423321123333243333114344142343
12142112231411213133244332112223341433443223212221124241443134134312
112234323133
4133231314212214241213214
413124313111124211422441434441422411212
412442141
1114324424414433211422424123113321422144442423141
242143211
2212431113331313431244313421432414313322
133213
3413242324121244441232314314142312414443432421132142123
44223342332313144444
21213421132234431333122233443113422213323433444231143
12313133221224224132222313223211242223114442332321111
14421124232222313233133342344322223224132222313214111
2144424321323123322212243233413312412432
24431113241312214134242314411222123121131341131213224
131342
3421314241214324443211331321233333124221
1132232
4444413233222342222242434234314322214232342132234
22231144412134132423312321114
242211
32333142414324413442124444322423344224333431231434234
221133121132132244111323232113323213313433312334242242422324411
231331421224311113411113331233444122343331333121244221341242133322213213131231333333431411233
2431441321143423444132434433314433443123
2332434214411223332311433412143441224342243223421
441214322231312142232421332
1234141421421321212343344331413233223123342
4324224424132321432424333132121243142343
2341113114443324122424242114124223111122342113341322331444314144
2231114331424311142414141444122211424342
2232333121223241334424231111444244113221214
4421142221434312233141413122222334213434
34244441124144332412443243143311341132224244234433444
23332232131234334311423444421333432333443
32424121241142
4411422443443114111433313144441112141344331441312
234131324421432322
2334331414211434144342341421441414331423343141141
2231443142111431423411213344342314214424133313441223434
13231322333111414313422414311322141122321431132414244234333212
13312323412314313411113443233422211241211141243142124212432144
13444442242411432423442124133424222331
1343324
2423134434344231414422124214411132321121243413231
4421321231411442323144314423334131221433
11334
1212224
13241421231412111313413344133411321112434221213314342
421321412311213141221112134
33112331334213444141424443213341221141312334224121244
4314123122124114132141242443214344334221
44423144213413112312112443432244441334122432421234443223244344
32343
3441123411213414
114233
123333413324432331123
44432432134314231114333133214433413223344312321111224414444331444144423214
34434444332434231211131311313241442242241422131441224222112214
2423144334313333334212121434244221311334
213231
241221123233344412433333441311221441142222141214242
14234
4233242124242142142223433224142242244424
43333113331123414424214224443344143442413442411441441124442124112341231324
21421413434324234224322314212122311431433433441142224344432421323232444233
224
113221431412413212133314322223131133132224412431211444214
1413243441122322433121143141221112144411
3314234313324343414242222223111341233343143244141421313
13142413441144212423342341212331442132313432
43411222132224111422233413322223222122313113
134434323334322341434133232432421
21342224232111414421314234231342242344342111231321141242343
3244144144441321241111213234
123121141441313232142311432214142421413344331224
1112322221342123221114423414123224232121144314331141
2431423444334224211314233121114321431141412421
1412343212224111443434434413121341144312323341
142424124423421331411344344122442143132121133121
243133234142411344334121122224213443233334
43334313222424431243231241231213341221233122
13331213433222344331342412311421134111413213
114124312431122232242222223221331114423123221422241
3134222111211132322332224211232142334221342231123334112
33343444431324211324223432143313444143241323
243321331111313342
344322433132231123424421331113122333341244
1114334321443343222241423434221121111121
4213214444224224413141431133434444144214422144
134211441112342312334242233143133111134424
1112421233223241142412324144224143341211
11223343324141232114131213411443311122121231
13324311342111111
32434424232414123434332411123143111122332142
441232211214314431241232414313323132223113
223233214124323334133124344111144224443143
323414323341431331112434244243322413232211
342422413233412123144124311421222312322433343311
3114412311444122331443222432323442433213
123221
3232144443222422234242233414432223343233421241121321343332431441243444432222343432
334333142112121334242131114312132311212412124331
1224242
1331143212243134224432441144342432232232343133
2414424312333241342423123144334421241231143441
341434421132141244411234414232244131411334342233
1424211421221244432421333114343321124442
4423434443121133421433423411324413332123223323132432333312132421
41213333432121224122244221422431122443424332
214321112443122433
3334231341243321412343241222414141211413432434
341111133111142223324144432341222124322132132222113
432333233312333421224331324414112322133233124242
244423411334231422214422133313412433443212
343131342343434212322342231323431423121312
33422222211224131411241123334421222131224433
123321143
41124122432442213423341331122434412141314413341343112
1441234334314211214314231112112441113313
133433234132142132131222232112333314443213
2241344232432214114223442
2333224234444144
3421114122233432243441444122141442412333
4421142143122114424231311234411423313424
1214144
3131314334142113413244113242134411134312123443
3213213414432233312413143114132342423143
4344233341114414331122121121441431113233212241
441224421111134344133122223423441124232113
22231133413122112332323314231444142341143141
122132113344133111333413
2321212121221313421
33413323334323413312112333324342111211232344
412333
122421412323311333142421
43321321143211233232
4114123231333244124131331441431223422312
131411341414222231114323244112214221334434234223121
12123314143421241421143243441413
434344124411411432443243144242322142413334
244132212433212142442214431222232343342234344343114
43431321242212322212142223342341212122113134221424223424214
4331343313232213421434112324124314224122
142324144313311134421411213142321341142223124421444421214323144423343222312322
1321324424111214123134324224243231242324
1134224432132331313
3212443231444142414324323212142443221232
3242144341133112424323324133223243232332
132211223221423344441422341342
111132
211123343242423144343223133424133413333341344214412424422324412341411
1223134214232232243121342333234224412433
1334114414334431221
4133414333114322313424233414244422333344
4443324414442412131414341213341434322321141241341221323411243113
132243
43332444333434123234124314414321231
1324241242241342112343334231311333441124
2332111341231324321112342221141144222121
32134342441211332314444442432143411112314112241224344232113434241124441422112333243
3421434223424223312132342314231122233413
2444342434121141142124433333443442111411
12322112242
3242243411444311431411231214212313144124422321
1312442433321211323141224144313122124113
11122212224122144141142341433122221322423424433122142213414
