13311424232411434131323424424313414211142144431313132
1433331321432341232112222214244121443
432233222344433412143113322414334213223
2124433122221443213241123443342113212
323124143312421314434421122322314221132
3234323342322214413344343412133141243211332
34431143113212233431313211
111232342214311123213232143442441342131
2134443444112114324442341422221134244243
2422122424111244122113233423434122243
3312231334214211433344141314241222134331
241222313444424422313241113344113413441
4224443443344424124344241342132321123131444
143222141113423323312211221333133334141311
432434121133111331311312344321323314222141
12342433422114244412134411211124334333
41411113112132444224213434324443344342221324333133311214414411141
23432424344223444441114123121441441123
1141423222411442112211322214431324124433
433442113222142423222122432444342133411231443131141
4421424121231114431113211311122134244321232
3432142414421343144331141321243433141124442432244144223122423412134124
33212132432224322234422132244422121424
32231341322424421342143131442333121422
14124133312324313234341433322322112223
122214433411431423343342332211122424322
24444221434421231322334312323144133121423333133232342141224334
21422134412132124411444431113312241121443
34244411314314123221214232444214223443141
4441132223223143123233222341122133132214424
1141233121222114411342431123132223332311
2121211331343344421411421432233442431333
443341442114223144144323411432444444141412431331133214
311234211241222222432421123442124414112
4342142334322122332223422234431133423213
2241413221331423314331234424411224443113
344134244232134133124343114333114133344223341441322324
42242112223332234313313121122322414441
2132
4311333421324223112343342413242144121211133313442433114224432223
3232421334441312413412343233231341
412141424224123144134433424143323313414
23142132412412233332342233423421422124
121341144142411231323113422211321323213323412124434224
231313141431414242221323424411224243421331314234242222333
34422322223322142141214431413443122324441
433444242344213122432431121133224444312241421233111441241324
233224234234314341242
4124413222441421313324323414314212123231341224322433112213
131232341232342314413143444331344
4143442233411214211233113132122234132243
4213211344443432122113133322221424332142
23222324441113114244113333131244212233211312
14412432331321212412444112132212441222423
2222331212334312143332421211132131342431114414222212214114333
3231324324133221212431133141323123244311422442
4222142234343444241332344422223431331122
23311333431212213331114132233243222131122243343433123413414324231
223321232231411142421
3221332222231113243212211113224424413142143422234113
422331223324421111
3434321244143213242144312422324312433432121
1142221122411241422
11241414224432433421321423124333243112323412421431123
33223134321222314123422241444342342112131324444214213133312
1321422314441431134312323223124433142113433
43323343314331124132242133443321313333134343331341132232
31123334142344443322342312342311241441323441341443144114234
44133141143144223344211234342142212334333213341343334313431144
14411242144141224232231143343234421321224424341421314132214434
2334324221122132434132332233441333141333324342231334222331133233243143
23144234143444141122224322334312131132431431331422
212411332322441414431414413
314131323243431323423343213241432242111
21112334242413212132331331114124134413143
33434332212242433244332
41234131243431341131133431422343114233234
43431244234233441223421323413332412132233
41344342431124333433141441322334234221241331323234144
244333111314121442344413142424241341221234221221432243
22433321121142122222114212442244231414
3141144143133123322344433324412341441434111
22323442114132434213311433412114232421231
44334242114414134431143343441234133314
24123312112411331142313332422124141423444
12131444432244241143114223232212124243221
3332411213243221222242341441332124423144241
3444243224334243113443334334143212422231131142143141
13322143344341213133134231143123231344343
444112443231144422123241113233313434414
3341433134114213241343113334313213144112
233
22234213134414132333142133114321341213323
2131122312142341112214241214131133213323
143414432444224143142213444211312414234
2213233421431424341213331244243333431432132
323231441422223234
41122143434421442244244444112142344344432
14312141113433314211323441243442221222212
341343123231221442314222222444414422444
314113434444342113324414123333111342212242
242222212243313343433424324231322321322
3132221142321233244412222434423331133434432
141223212134232431114441131211412212442
1434221141123221134444111441334132212444214441314242434343
11243341112232221313311412331123122324212323212
3411233133331212411212241413344333344431231232222
1411344141333321144311334411144112112333324431423
214413342314132313411334434411123111233423321132432
4232143424133313132111432241331232434411443221122
31233423424131111313312414123421141243243
243324111141323411234312213223414123333
13421433124442333231324444112343213121222143323442343
412123431144431321232134344421343
232334324111144122332122321424343142344311223
31231321322223241321433212144432432224224
42421143413233122232442231342322212232233344
3434432314321344121344
21123244441223413311442142322224311222442
242214412114211414341131231344444141421
421423243222224312142443443313142441443332443144133
2243
24321242344232122324234441143221444311312
224213321331322343233122224221131
14313141313421232411233142421421344133431134
333423134341342322231132332112131223242
41131421141232222231333333433312444121243
33234441223233331121343131411334444211421334424312224222323423
31413123213314142222141113231133434412431
13242412441144434414421221141134111343223
12133214121223331132111434423333334332414
233222242241213132234242443342412311234122
343212434243214314312421113344331123342
433132212441113132432442134432143421231434142
111342112332231124333424223212413414243
21213123312111143112141322123431313114242
341324334442244333134143442121211233231
214114333423214143214431144234112444432
43321142423112333233121344111242244431334
42221432224442322233424141223142124121124
4232414324423244221441414144432411421111112413312434
14342241223121131322233234433434442242313333
1334213313243234432224314144413213441114
232341333314414433134442123211411442413
14212142241331133443242431113433131141214
231414112433314231142313112221111423111111
1311124443233324233321214241432423323133
332211142143311332442423321122312212133112343242342243
442141422432411131
13314243134114312134221322431434321334411431214143
41223414244423331124224234131134243334314
23313144113344433123213444331322231114141344
44441324312122434144442143133311134311344
43342211443143143131341434411133333423122114331312
211124211213233243341324332232122221244313324433214
43142122431323144333212132314222413232344
14424442423332222211422414211121242441144241124441
112314344234144414431133313243333211241
32431343412322221122243141411122141421232
43121241222434423243322233112343311444234
44214242233331114114421343222212233344443
3213223342122434214413433243133421311232
32312441234113421213223434232424122314133424321242
34243411424324234311411421432323311231311422343242
2421341333231343344232133143133214123412424111211321
221123213124113343341321321424113231234
31233222344113334113332334221343112233341
33224423111411441242132331311324242314323212
31321132432112124342133141341434
442342224241214112314133313441422211433443
341144331421211243224133341142431243244423
112113344341232223413433121223212133433
411433421244444144121223341422232313434
11214311312314221444211414244124312234334122132444
311214113311231443123
22332224112114342131134444144122434212223
244412421341443133344432142
431224131321332134214312344344243232323
33342322411442224434431413
1141221334212443444143342441
4234314441113114414243221214342444
314121311441133432142322432214324242331
342221243122443141442241111432441434321222331143223
111131411444211214324132442112324341121
1234212222423411442243212332334332231422
33322442143323334214121322322142431124313134242234
1414221314432324214441322111233412432241332432
24133442141124133223444312414344112411241133142142433142344434
24133321224444141324331214314142342122144133412234132242114123334211
234343233134312243113323214331442213411222
344412342114214131
113324312131112433312332421432321344341
434433131242131122122323242122411223431442
1123243324341223222134312431322142434423323244444441333144124
343322434243224231
311
42224222411333424343334231431413312432443432411333432133143311
413221143131442132113313144112411424143
311143113334342142234442333311224414431443
14224244424412212432123431412143111321244
32331321344334112434224341113234232134224433221311
334321311212144234222111122442123413113
321442432234142424414141134141413144122423433214
433324312123423134323212421433332314224214
222222142341431321443331242131314122114333
114142111121311134422211214311421342212
1232421131324211421343133242143113424113441311134333
4121334114434421413332133323243322443331
11332123233133322323413411122244214144323
244344421213131341422131
2431212243222124334221324211342132432342
2131312213212312341113144121111111343322
32231421334
1242144421222114134214231144412422123333
323323144443212143343142423324124132334413313141
221134243114344113214124444333133214244311112112323343214441223
223114334313412131133321323132433141244444
123212332112331122431133222241421213142432112332232312
321132242412312214332323321423141221123141413232344234213244
343412223342114443424131341322322432241423
332143322232144314143222331113223112231124
131223143433144331143322123212431132212134113
4241444221232412434122323413412121322431
313331431414123431233411333314141134411224
123441444433132343421331424232424222232431
224232444421341141144344332233121342443
113143222311333424343314242313222424344
1122443333311231223323234134223442314144211231433
3143431244132141232424422113121213234113414112131
232324113213243141242433334221233432133
244421123123413112134332222414244132342
312314211432143431131132412421341214421
323422113232144122442242433244243432343244433141
332314421214231413432334241132341431333
212312134443112
1324413344341241233344312341444434121331
132124434414413122112144241344424424414331414213213411
2113142221113111423321141142421111
4331314
424132234423431422412444322113444424413
334323414211241141222313422332413411433
413341232321122324123143314223344131323
2314243334111233233312321131213142221243
14112211441244444334341411441331242143443
24334441334423423244132444414342412334423224243132234234122
243324231313324241233233234423132234231113124123422211441212232113441423
332342342112112131311322141242133433144
3422212121242112143433244
123444311312234133112434133212444223144313
21324441221223221313111224312343211124343341114322
241344314311442123211232232322412342332224
221143111114444324434144113324332314443311
33244242142234434111332411123341121143221
342343444
2112332221221111334224212213113332412224
432123212412242224322212311124311134213114414224414343
3222123322121422442421223224243413232112111
4243213143133234333212122431322142444223222
422113223241123443241232311214143434434414
21341222224234241413142234321314132132223
322422133441422133341223442244442311242
234421412313344232243232124411231114143
21413224334244333
1333243441241111132333213214211131214343412
222241342213113243334431414324312134324342
323221144114444233441231114333444132123
141424421131113132331414241342324214223
123221313441121213311112313113442244412
2231114244331342144131222424234322124312444141421
44412114221
213121112424411411141323441124144141332
314234434444114112334123124413441123113133
2224411144214433141344223342221344111414244311224
443114424421112443311443222422332333242234131143
3134124243233134314424133231424421344211421
224323234123441341332234411434413413234
112233331143431242223333343311233222422114
334221332324
12144131142343414122314321
3331234314
214312124244141441342343133143443443231111132
21431333124231414123332141433344114243231314334142
143431234424212323134344422133144323421
143344212412241231111432343433431242142
133344442141112334143112122414331334142
4434443341232234242241341324233312424113
111332222224
1433233444222143141221424133341343122342132344312
432223421234342322112244232231211214133244
322432222223311221112434343431413422341
22224321341343122331211113144323131
223342444341411334434441212434212244424
4133421311414224343212223222223423432211312221332
321123
1331111
231133213121233314322224212142333113443
2233421412212224441223322421332414422231
322422333
1222234143313421342213313234321323141
4424133214412314211112132413333413323224
