8 -1 2 -1 12 -1 9 -1 51 -1 62 -1 14 -1 21 -1 55 -1 17 -1 18 -1 20 -1 1 -1 54 -1 27 -1 29 -1 11 -1 35 -1 7 -1 36 -1 110 -1 6 -1 114 -1 117 -1 3 -1 118 -1 15 -1 132 -1 53 -1 58 -1 139 -1 5 -1 143 -1 50 -1 144 -1 209 -1 245 -1 4 -1 38 -1 44 -1 249 -1 22 -1 28 -1 253 -1 13 -1 16 -1 261 -1 39 -1 40 -1 -2
4 -1 6 -1 12 -1 8 -1 1 -1 9 -1 17 -1 13 -1 23 -1 74 -1 18 -1 81 -1 31 -1 19 -1 26 -1 35 -1 36 -1 29 -1 41 -1 48 -1 62 -1 68 -1 73 -1 78 -1 69 -1 2 -1 71 -1 56 -1 57 -1 79 -1 110 -1 5 -1 7 -1 117 -1 118 -1 121 -1 30 -1 33 -1 49 -1 132 -1 58 -1 76 -1 136 -1 3 -1 143 -1 55 -1 144 -1 11 -1 60 -1 245 -1 39 -1 44 -1 53 -1 246 -1 10 -1 15 -1 253 -1 22 -1 265 -1 269 -1 32 -1 -2
20 -1 38 -1 41 -1 26 -1 32 -1 27 -1 46 -1 31 -1 16 -1 35 -1 12 -1 36 -1 30 -1 67 -1 33 -1 78 -1 79 -1 43 -1 110 -1 3 -1 6 -1 117 -1 1 -1 118 -1 132 -1 45 -1 47 -1 136 -1 34 -1 42 -1 143 -1 144 -1 2 -1 209 -1 245 -1 23 -1 28 -1 44 -1 246 -1 4 -1 9 -1 253 -1 15 -1 18 -1 -2
1 -1 33 -1 38 -1 8 -1 27 -1 9 -1 44 -1 13 -1 17 -1 42 -1 12 -1 18 -1 55 -1 20 -1 5 -1 26 -1 47 -1 31 -1 16 -1 36 -1 35 -1 11 -1 41 -1 45 -1 53 -1 67 -1 62 -1 74 -1 78 -1 54 -1 79 -1 77 -1 110 -1 10 -1 114 -1 46 -1 50 -1 117 -1 118 -1 127 -1 24 -1 132 -1 40 -1 72 -1 136 -1 21 -1 23 -1 139 -1 143 -1 19 -1 70 -1 144 -1 25 -1 209 -1 212 -1 245 -1 37 -1 63 -1 253 -1 56 -1 59 -1 255 -1 266 -1 14 -1 -2
1 -1 24 -1 50 -1 8 -1 11 -1 9 -1 60 -1 13 -1 20 -1 55 -1 17 -1 12 -1 18 -1 67 -1 16 -1 51 -1 26 -1 2 -1 27 -1 59 -1 31 -1 35 -1 10 -1 36 -1 56 -1 37 -1 61 -1 83 -1 110 -1 118 -1 57 -1 125 -1 40 -1 132 -1 53 -1 54 -1 136 -1 58 -1 139 -1 143 -1 3 -1 144 -1 38 -1 174 -1 45 -1 219 -1 6 -1 245 -1 43 -1 72 -1 77 -1 247 -1 7 -1 253 -1 32 -1 65 -1 68 -1 259 -1 266 -1 21 -1 -2
1 -1 17 -1 36 -1 8 -1 7 -1 15 -1 9 -1 45 -1 14 -1 16 -1 64 -1 18 -1 70 -1 22 -1 6 -1 40 -1 26 -1 27 -1 31 -1 11 -1 35 -1 41 -1 37 -1 44 -1 43 -1 110 -1 118 -1 121 -1 5 -1 125 -1 23 -1 132 -1 38 -1 39 -1 67 -1 68 -1 139 -1 34 -1 143 -1 66 -1 144 -1 174 -1 28 -1 219 -1 245 -1 33 -1 59 -1 62 -1 253 -1 50 -1 54 -1 259 -1 46 -1 266 -1 19 -1 -2
14 -1 19 -1 40 -1 17 -1 11 -1 18 -1 47 -1 29 -1 38 -1 35 -1 10 -1 36 -1 43 -1 46 -1 41 -1 53 -1 113 -1 114 -1 3 -1 6 -1 117 -1 1 -1 7 -1 118 -1 44 -1 132 -1 42 -1 133 -1 23 -1 143 -1 39 -1 144 -1 32 -1 146 -1 37 -1 149 -1 150 -1 191 -1 209 -1 8 -1 245 -1 31 -1 246 -1 252 -1 253 -1 24 -1 26 -1 258 -1 12 -1 -2
14 -1 29 -1 17 -1 10 -1 44 -1 1 -1 3 -1 114 -1 118 -1 9 -1 132 -1 28 -1 136 -1 2 -1 144 -1 7 -1 245 -1 6 -1 24 -1 253 -1 11 -1 13 -1 -2
31 -1 16 -1 27 -1 35 -1 4 -1 9 -1 36 -1 110 -1 1 -1 2 -1 113 -1 13 -1 117 -1 3 -1 118 -1 19 -1 125 -1 10 -1 15 -1 132 -1 32 -1 33 -1 133 -1 136 -1 139 -1 7 -1 143 -1 8 -1 144 -1 18 -1 145 -1 149 -1 6 -1 150 -1 169 -1 245 -1 20 -1 248 -1 253 -1 11 -1 -2
5 -1 4 -1 10 -1 8 -1 1 -1 9 -1 20 -1 14 -1 12 -1 42 -1 17 -1 7 -1 18 -1 48 -1 29 -1 13 -1 36 -1 35 -1 39 -1 46 -1 53 -1 110 -1 113 -1 117 -1 118 -1 43 -1 132 -1 41 -1 44 -1 133 -1 11 -1 143 -1 40 -1 145 -1 146 -1 150 -1 45 -1 168 -1 174 -1 2 -1 6 -1 191 -1 209 -1 245 -1 25 -1 32 -1 247 -1 38 -1 252 -1 253 -1 19 -1 -2
14 -1 44 -1 17 -1 10 -1 18 -1 53 -1 20 -1 7 -1 26 -1 2 -1 27 -1 15 -1 31 -1 11 -1 33 -1 35 -1 6 -1 36 -1 46 -1 58 -1 110 -1 9 -1 111 -1 117 -1 1 -1 118 -1 56 -1 132 -1 49 -1 133 -1 13 -1 42 -1 139 -1 143 -1 8 -1 43 -1 146 -1 174 -1 184 -1 191 -1 209 -1 245 -1 38 -1 246 -1 247 -1 253 -1 270 -1 -2
13 -1 23 -1 62 -1 17 -1 18 -1 72 -1 22 -1 12 -1 16 -1 26 -1 4 -1 27 -1 29 -1 21 -1 28 -1 31 -1 36 -1 35 -1 42 -1 73 -1 78 -1 79 -1 44 -1 110 -1 117 -1 1 -1 118 -1 125 -1 30 -1 132 -1 63 -1 65 -1 139 -1 8 -1 58 -1 143 -1 59 -1 144 -1 20 -1 68 -1 209 -1 238 -1 245 -1 45 -1 54 -1 248 -1 34 -1 253 -1 32 -1 259 -1 272 -1 39 -1 40 -1 -2
4 -1 35 -1 37 -1 8 -1 1 -1 30 -1 9 -1 46 -1 11 -1 12 -1 29 -1 74 -1 78 -1 17 -1 6 -1 66 -1 18 -1 42 -1 89 -1 20 -1 50 -1 22 -1 40 -1 49 -1 26 -1 27 -1 92 -1 47 -1 53 -1 63 -1 55 -1 60 -1 65 -1 51 -1 64 -1 113 -1 10 -1 81 -1 117 -1 118 -1 121 -1 31 -1 41 -1 132 -1 84 -1 133 -1 28 -1 143 -1 5 -1 144 -1 146 -1 149 -1 39 -1 59 -1 61 -1 150 -1 80 -1 195 -1 245 -1 21 -1 48 -1 246 -1 38 -1 71 -1 253 -1 54 -1 262 -1 76 -1 -2
1 -1 2 -1 81 -1 82 -1 5 -1 18 -1 20 -1 8 -1 15 -1 43 -1 53 -1 72 -1 9 -1 6 -1 24 -1 23 -1 26 -1 29 -1 45 -1 71 -1 40 -1 27 -1 32 -1 31 -1 39 -1 35 -1 19 -1 36 -1 41 -1 46 -1 42 -1 67 -1 110 -1 37 -1 113 -1 44 -1 117 -1 38 -1 118 -1 132 -1 76 -1 133 -1 139 -1 143 -1 144 -1 7 -1 146 -1 25 -1 65 -1 149 -1 150 -1 195 -1 213 -1 245 -1 13 -1 34 -1 59 -1 62 -1 246 -1 17 -1 21 -1 253 -1 -2
5 -1 1 -1 7 -1 8 -1 24 -1 32 -1 9 -1 14 -1 40 -1 43 -1 31 -1 15 -1 26 -1 35 -1 10 -1 36 -1 29 -1 113 -1 13 -1 20 -1 117 -1 118 -1 23 -1 121 -1 22 -1 132 -1 44 -1 133 -1 19 -1 143 -1 144 -1 2 -1 4 -1 47 -1 145 -1 149 -1 150 -1 163 -1 18 -1 184 -1 189 -1 190 -1 245 -1 33 -1 248 -1 255 -1 263 -1 12 -1 -2
1 -1 15 -1 54 -1 8 -1 11 -1 45 -1 17 -1 3 -1 18 -1 20 -1 7 -1 26 -1 2 -1 27 -1 31 -1 13 -1 25 -1 35 -1 5 -1 36 -1 110 -1 4 -1 43 -1 117 -1 118 -1 132 -1 44 -1 139 -1 41 -1 143 -1 42 -1 144 -1 47 -1 163 -1 14 -1 24 -1 199 -1 245 -1 30 -1 32 -1 248 -1 6 -1 255 -1 33 -1 256 -1 21 -1 -2
1 -1 14 -1 66 -1 8 -1 5 -1 31 -1 25 -1 38 -1 35 -1 19 -1 36 -1 59 -1 110 -1 61 -1 117 -1 118 -1 121 -1 28 -1 33 -1 132 -1 63 -1 133 -1 21 -1 39 -1 139 -1 4 -1 16 -1 45 -1 62 -1 143 -1 17 -1 40 -1 145 -1 23 -1 149 -1 15 -1 150 -1 46 -1 163 -1 41 -1 168 -1 42 -1 43 -1 184 -1 20 -1 189 -1 190 -1 199 -1 209 -1 245 -1 255 -1 44 -1 256 -1 266 -1 26 -1 -2
8 -1 11 -1 17 -1 9 -1 38 -1 45 -1 13 -1 10 -1 41 -1 4 -1 18 -1 20 -1 1 -1 6 -1 27 -1 31 -1 33 -1 35 -1 36 -1 39 -1 46 -1 40 -1 53 -1 5 -1 110 -1 118 -1 144 -1 2 -1 149 -1 150 -1 163 -1 7 -1 191 -1 245 -1 21 -1 22 -1 252 -1 12 -1 255 -1 29 -1 256 -1 15 -1 16 -1 -2
8 -1 5 -1 7 -1 9 -1 35 -1 40 -1 13 -1 31 -1 14 -1 1 -1 6 -1 18 -1 42 -1 20 -1 2 -1 23 -1 32 -1 26 -1 27 -1 39 -1 29 -1 16 -1 33 -1 10 -1 36 -1 111 -1 117 -1 118 -1 11 -1 133 -1 143 -1 144 -1 145 -1 149 -1 150 -1 163 -1 179 -1 180 -1 12 -1 184 -1 189 -1 190 -1 245 -1 4 -1 248 -1 17 -1 256 -1 -2
9 -1 3 -1 7 -1 14 -1 31 -1 52 -1 17 -1 22 -1 20 -1 11 -1 23 -1 1 -1 2 -1 26 -1 27 -1 35 -1 18 -1 29 -1 36 -1 40 -1 50 -1 71 -1 39 -1 79 -1 47 -1 110 -1 5 -1 112 -1 19 -1 21 -1 114 -1 117 -1 132 -1 51 -1 139 -1 8 -1 143 -1 144 -1 24 -1 209 -1 213 -1 12 -1 245 -1 32 -1 43 -1 253 -1 255 -1 -2
5 -1 15 -1 74 -1 8 -1 3 -1 13 -1 58 -1 18 -1 19 -1 16 -1 57 -1 27 -1 35 -1 2 -1 36 -1 40 -1 68 -1 110 -1 1 -1 66 -1 118 -1 132 -1 139 -1 6 -1 63 -1 143 -1 64 -1 144 -1 71 -1 199 -1 245 -1 23 -1 25 -1 44 -1 49 -1 248 -1 17 -1 253 -1 38 -1 255 -1 262 -1 54 -1 59 -1 266 -1 29 -1 32 -1 -2
5 -1 27 -1 57 -1 8 -1 13 -1 14 -1 1 -1 53 -1 18 -1 19 -1 51 -1 35 -1 23 -1 36 -1 47 -1 110 -1 118 -1 132 -1 3 -1 52 -1 54 -1 136 -1 55 -1 139 -1 11 -1 50 -1 143 -1 6 -1 199 -1 245 -1 17 -1 20 -1 31 -1 253 -1 26 -1 255 -1 7 -1 38 -1 -2
11 -1 33 -1 49 -1 17 -1 18 -1 58 -1 23 -1 1 -1 13 -1 27 -1 25 -1 35 -1 14 -1 36 -1 16 -1 32 -1 37 -1 19 -1 43 -1 44 -1 15 -1 110 -1 4 -1 118 -1 8 -1 22 -1 122 -1 2 -1 5 -1 132 -1 51 -1 136 -1 52 -1 139 -1 7 -1 143 -1 45 -1 144 -1 213 -1 245 -1 38 -1 253 -1 24 -1 255 -1 41 -1 46 -1 -2
4 -1 1 -1 10 -1 36 -1 54 -1 17 -1 23 -1 18 -1 58 -1 37 -1 50 -1 110 -1 3 -1 16 -1 117 -1 118 -1 22 -1 132 -1 56 -1 57 -1 139 -1 143 -1 144 -1 19 -1 209 -1 14 -1 245 -1 253 -1 25 -1 255 -1 31 -1 38 -1 43 -1 -2
1 -1 47 -1 61 -1 8 -1 38 -1 11 -1 26 -1 46 -1 17 -1 14 -1 18 -1 56 -1 23 -1 27 -1 34 -1 35 -1 12 -1 36 -1 30 -1 37 -1 73 -1 78 -1 6 -1 79 -1 110 -1 2 -1 113 -1 114 -1 19 -1 117 -1 31 -1 122 -1 22 -1 24 -1 132 -1 4 -1 5 -1 60 -1 143 -1 58 -1 146 -1 29 -1 149 -1 13 -1 150 -1 33 -1 184 -1 209 -1 245 -1 9 -1 40 -1 55 -1 253 -1 265 -1 -2
4 -1 1 -1 14 -1 5 -1 46 -1 69 -1 8 -1 35 -1 9 -1 22 -1 82 -1 13 -1 53 -1 68 -1 17 -1 34 -1 18 -1 92 -1 20 -1 70 -1 26 -1 27 -1 75 -1 16 -1 36 -1 79 -1 110 -1 112 -1 12 -1 117 -1 118 -1 132 -1 2 -1 15 -1 83 -1 86 -1 136 -1 23 -1 144 -1 153 -1 56 -1 163 -1 21 -1 172 -1 62 -1 84 -1 181 -1 184 -1 19 -1 245 -1 38 -1 45 -1 74 -1 249 -1 65 -1 71 -1 253 -1 25 -1 30 -1 50 -1 58 -1 265 -1 11 -1 -2
20 -1 37 -1 39 -1 23 -1 44 -1 49 -1 26 -1 30 -1 40 -1 27 -1 52 -1 35 -1 31 -1 36 -1 42 -1 110 -1 1 -1 22 -1 118 -1 120 -1 13 -1 17 -1 132 -1 51 -1 139 -1 4 -1 143 -1 47 -1 144 -1 24 -1 54 -1 146 -1 7 -1 149 -1 150 -1 10 -1 184 -1 8 -1 189 -1 190 -1 209 -1 15 -1 210 -1 245 -1 253 -1 -2
5 -1 62 -1 65 -1 8 -1 48 -1 9 -1 76 -1 14 -1 37 -1 69 -1 17 -1 30 -1 18 -1 20 -1 52 -1 67 -1 22 -1 33 -1 46 -1 26 -1 1 -1 47 -1 27 -1 78 -1 35 -1 28 -1 39 -1 36 -1 74 -1 34 -1 54 -1 29 -1 79 -1 110 -1 3 -1 117 -1 118 -1 121 -1 32 -1 44 -1 122 -1 16 -1 132 -1 45 -1 70 -1 72 -1 139 -1 143 -1 2 -1 144 -1 168 -1 43 -1 179 -1 180 -1 210 -1 4 -1 19 -1 23 -1 245 -1 59 -1 253 -1 255 -1 12 -1 68 -1 -2
4 -1 6 -1 34 -1 5 -1 60 -1 82 -1 8 -1 1 -1 54 -1 14 -1 37 -1 17 -1 35 -1 21 -1 24 -1 68 -1 22 -1 9 -1 26 -1 18 -1 27 -1 110 -1 16 -1 28 -1 112 -1 7 -1 11 -1 113 -1 36 -1 47 -1 117 -1 12 -1 29 -1 118 -1 52 -1 120 -1 132 -1 49 -1 50 -1 67 -1 69 -1 133 -1 33 -1 48 -1 136 -1 70 -1 139 -1 143 -1 145 -1 32 -1 149 -1 150 -1 173 -1 38 -1 210 -1 15 -1 245 -1 56 -1 62 -1 248 -1 51 -1 253 -1 255 -1 25 -1 -2
8 -1 9 -1 14 -1 25 -1 30 -1 20 -1 16 -1 61 -1 26 -1 1 -1 27 -1 68 -1 73 -1 51 -1 78 -1 79 -1 110 -1 114 -1 32 -1 50 -1 117 -1 118 -1 65 -1 119 -1 17 -1 21 -1 29 -1 35 -1 132 -1 63 -1 133 -1 139 -1 4 -1 23 -1 143 -1 24 -1 28 -1 31 -1 144 -1 37 -1 146 -1 149 -1 150 -1 171 -1 33 -1 53 -1 180 -1 56 -1 181 -1 52 -1 189 -1 190 -1 210 -1 6 -1 18 -1 245 -1 253 -1 60 -1 255 -1 -2
1 -1 8 -1 79 -1 11 -1 9 -1 70 -1 17 -1 18 -1 76 -1 20 -1 68 -1 26 -1 27 -1 35 -1 15 -1 16 -1 36 -1 25 -1 28 -1 73 -1 51 -1 78 -1 67 -1 110 -1 118 -1 132 -1 69 -1 72 -1 136 -1 75 -1 139 -1 143 -1 199 -1 245 -1 12 -1 33 -1 37 -1 43 -1 50 -1 253 -1 255 -1 52 -1 266 -1 3 -1 -2
8 -1 1 -1 6 -1 9 -1 58 -1 79 -1 11 -1 34 -1 35 -1 59 -1 74 -1 17 -1 5 -1 55 -1 18 -1 40 -1 20 -1 12 -1 26 -1 27 -1 28 -1 70 -1 36 -1 46 -1 68 -1 113 -1 10 -1 73 -1 117 -1 118 -1 121 -1 132 -1 47 -1 50 -1 76 -1 133 -1 136 -1 51 -1 143 -1 144 -1 146 -1 32 -1 33 -1 195 -1 245 -1 15 -1 25 -1 30 -1 52 -1 57 -1 250 -1 253 -1 45 -1 266 -1 -2
8 -1 1 -1 10 -1 9 -1 19 -1 26 -1 13 -1 27 -1 51 -1 14 -1 17 -1 6 -1 18 -1 67 -1 22 -1 41 -1 20 -1 31 -1 114 -1 133 -1 3 -1 36 -1 143 -1 245 -1 60 -1 246 -1 7 -1 253 -1 34 -1 44 -1 266 -1 -2
11 -1 24 -1 33 -1 17 -1 14 -1 18 -1 44 -1 28 -1 36 -1 35 -1 47 -1 46 -1 19 -1 32 -1 69 -1 26 -1 78 -1 79 -1 45 -1 110 -1 5 -1 117 -1 1 -1 139 -1 143 -1 199 -1 39 -1 201 -1 247 -1 10 -1 21 -1 253 -1 16 -1 -2
5 -1 27 -1 36 -1 8 -1 9 -1 40 -1 11 -1 18 -1 17 -1 7 -1 42 -1 20 -1 26 -1 1 -1 28 -1 35 -1 46 -1 22 -1 69 -1 34 -1 78 -1 16 -1 79 -1 110 -1 4 -1 30 -1 117 -1 118 -1 41 -1 132 -1 38 -1 39 -1 139 -1 143 -1 144 -1 199 -1 247 -1 6 -1 253 -1 14 -1 15 -1 262 -1 24 -1 -2
5 -1 33 -1 36 -1 8 -1 10 -1 9 -1 53 -1 11 -1 22 -1 17 -1 18 -1 48 -1 28 -1 41 -1 35 -1 52 -1 46 -1 3 -1 47 -1 16 -1 39 -1 110 -1 6 -1 43 -1 117 -1 1 -1 118 -1 119 -1 2 -1 132 -1 45 -1 139 -1 42 -1 143 -1 199 -1 245 -1 26 -1 247 -1 253 -1 14 -1 262 -1 29 -1 -2
4 -1 1 -1 2 -1 5 -1 24 -1 54 -1 8 -1 3 -1 9 -1 61 -1 10 -1 55 -1 11 -1 26 -1 42 -1 17 -1 38 -1 18 -1 31 -1 28 -1 35 -1 12 -1 36 -1 67 -1 41 -1 44 -1 68 -1 22 -1 78 -1 13 -1 32 -1 79 -1 58 -1 94 -1 21 -1 27 -1 105 -1 50 -1 108 -1 109 -1 110 -1 52 -1 117 -1 118 -1 119 -1 20 -1 123 -1 139 -1 51 -1 143 -1 56 -1 171 -1 199 -1 245 -1 33 -1 39 -1 247 -1 7 -1 253 -1 262 -1 43 -1 -2
5 -1 36 -1 41 -1 8 -1 30 -1 9 -1 51 -1 14 -1 50 -1 17 -1 32 -1 18 -1 53 -1 35 -1 1 -1 11 -1 43 -1 48 -1 13 -1 40 -1 98 -1 20 -1 28 -1 108 -1 6 -1 109 -1 112 -1 117 -1 118 -1 33 -1 121 -1 16 -1 27 -1 132 -1 49 -1 133 -1 7 -1 139 -1 46 -1 143 -1 47 -1 144 -1 146 -1 149 -1 150 -1 31 -1 214 -1 247 -1 253 -1 254 -1 262 -1 21 -1 -2
11 -1 14 -1 18 -1 13 -1 29 -1 45 -1 17 -1 4 -1 19 -1 52 -1 98 -1 41 -1 108 -1 8 -1 109 -1 51 -1 112 -1 7 -1 117 -1 2 -1 118 -1 121 -1 12 -1 25 -1 133 -1 27 -1 139 -1 30 -1 42 -1 143 -1 1 -1 28 -1 144 -1 145 -1 26 -1 149 -1 150 -1 171 -1 10 -1 247 -1 253 -1 35 -1 254 -1 33 -1 262 -1 15 -1 21 -1 -2
10 -1 12 -1 14 -1 13 -1 28 -1 52 -1 17 -1 1 -1 15 -1 18 -1 58 -1 35 -1 6 -1 23 -1 36 -1 98 -1 47 -1 108 -1 109 -1 55 -1 112 -1 32 -1 117 -1 118 -1 43 -1 121 -1 16 -1 27 -1 132 -1 51 -1 53 -1 133 -1 2 -1 139 -1 49 -1 143 -1 33 -1 50 -1 144 -1 145 -1 4 -1 146 -1 34 -1 48 -1 149 -1 150 -1 57 -1 153 -1 171 -1 247 -1 7 -1 253 -1 31 -1 38 -1 254 -1 20 -1 262 -1 40 -1 -2
9 -1 2 -1 11 -1 10 -1 19 -1 20 -1 13 -1 37 -1 41 -1 14 -1 42 -1 60 -1 17 -1 5 -1 18 -1 62 -1 35 -1 15 -1 32 -1 36 -1 54 -1 48 -1 7 -1 98 -1 38 -1 108 -1 30 -1 109 -1 110 -1 6 -1 12 -1 114 -1 24 -1 117 -1 1 -1 118 -1 121 -1 29 -1 132 -1 139 -1 58 -1 143 -1 3 -1 39 -1 144 -1 146 -1 28 -1 147 -1 57 -1 149 -1 150 -1 171 -1 49 -1 180 -1 59 -1 247 -1 253 -1 40 -1 46 -1 254 -1 262 -1 56 -1 -2
9 -1 4 -1 13 -1 22 -1 26 -1 14 -1 44 -1 52 -1 17 -1 8 -1 40 -1 18 -1 34 -1 35 -1 5 -1 21 -1 36 -1 46 -1 50 -1 31 -1 98 -1 43 -1 108 -1 29 -1 109 -1 49 -1 112 -1 42 -1 114 -1 10 -1 117 -1 6 -1 118 -1 51 -1 121 -1 25 -1 30 -1 132 -1 1 -1 2 -1 139 -1 38 -1 143 -1 144 -1 146 -1 16 -1 149 -1 150 -1 171 -1 179 -1 180 -1 247 -1 15 -1 253 -1 37 -1 254 -1 20 -1 262 -1 -2
11 -1 9 -1 10 -1 13 -1 26 -1 34 -1 46 -1 59 -1 14 -1 35 -1 45 -1 17 -1 1 -1 18 -1 62 -1 20 -1 58 -1 29 -1 27 -1 48 -1 73 -1 42 -1 78 -1 32 -1 79 -1 60 -1 98 -1 8 -1 57 -1 108 -1 109 -1 112 -1 43 -1 54 -1 114 -1 117 -1 30 -1 118 -1 121 -1 132 -1 55 -1 56 -1 133 -1 139 -1 36 -1 53 -1 143 -1 31 -1 144 -1 146 -1 150 -1 171 -1 214 -1 15 -1 247 -1 4 -1 253 -1 254 -1 24 -1 262 -1 -2
11 -1 18 -1 19 -1 49 -1 83 -1 14 -1 30 -1 31 -1 17 -1 9 -1 20 -1 97 -1 56 -1 51 -1 74 -1 62 -1 63 -1 78 -1 79 -1 70 -1 98 -1 16 -1 76 -1 108 -1 5 -1 109 -1 110 -1 38 -1 47 -1 112 -1 33 -1 117 -1 1 -1 34 -1 118 -1 50 -1 120 -1 132 -1 81 -1 133 -1 139 -1 37 -1 77 -1 143 -1 144 -1 91 -1 145 -1 48 -1 146 -1 61 -1 149 -1 150 -1 66 -1 153 -1 41 -1 175 -1 53 -1 209 -1 245 -1 40 -1 246 -1 72 -1 248 -1 255 -1 84 -1 260 -1 262 -1 28 -1 -2
5 -1 70 -1 80 -1 8 -1 52 -1 9 -1 95 -1 11 -1 12 -1 15 -1 64 -1 79 -1 14 -1 25 -1 26 -1 40 -1 44 -1 17 -1 6 -1 16 -1 36 -1 56 -1 18 -1 29 -1 49 -1 20 -1 31 -1 50 -1 23 -1 68 -1 51 -1 27 -1 98 -1 28 -1 108 -1 1 -1 109 -1 45 -1 110 -1 117 -1 118 -1 37 -1 121 -1 22 -1 132 -1 38 -1 39 -1 81 -1 83 -1 139 -1 35 -1 143 -1 144 -1 59 -1 86 -1 146 -1 149 -1 150 -1 181 -1 55 -1 61 -1 209 -1 245 -1 43 -1 246 -1 71 -1 248 -1 255 -1 85 -1 260 -1 63 -1 262 -1 13 -1 -2
5 -1 58 -1 63 -1 8 -1 39 -1 9 -1 79 -1 10 -1 57 -1 65 -1 11 -1 16 -1 20 -1 14 -1 38 -1 42 -1 17 -1 1 -1 21 -1 43 -1 18 -1 23 -1 59 -1 26 -1 55 -1 27 -1 35 -1 50 -1 36 -1 56 -1 98 -1 108 -1 51 -1 109 -1 73 -1 112 -1 114 -1 7 -1 12 -1 37 -1 117 -1 34 -1 118 -1 120 -1 121 -1 44 -1 125 -1 32 -1 132 -1 64 -1 139 -1 29 -1 62 -1 143 -1 30 -1 144 -1 75 -1 146 -1 53 -1 54 -1 149 -1 150 -1 171 -1 214 -1 217 -1 69 -1 245 -1 40 -1 41 -1 248 -1 253 -1 262 -1 -2
9 -1 21 -1 36 -1 11 -1 39 -1 40 -1 13 -1 58 -1 71 -1 14 -1 8 -1 17 -1 1 -1 10 -1 18 -1 84 -1 20 -1 43 -1 70 -1 26 -1 37 -1 27 -1 30 -1 35 -1 67 -1 48 -1 59 -1 7 -1 73 -1 98 -1 65 -1 72 -1 108 -1 49 -1 109 -1 80 -1 114 -1 68 -1 117 -1 118 -1 120 -1 121 -1 12 -1 132 -1 79 -1 82 -1 139 -1 69 -1 143 -1 77 -1 146 -1 4 -1 149 -1 150 -1 171 -1 29 -1 34 -1 52 -1 175 -1 41 -1 46 -1 245 -1 33 -1 246 -1 54 -1 61 -1 248 -1 6 -1 260 -1 262 -1 64 -1 -2
9 -1 4 -1 15 -1 11 -1 7 -1 17 -1 14 -1 33 -1 41 -1 2 -1 18 -1 55 -1 20 -1 45 -1 26 -1 25 -1 27 -1 35 -1 19 -1 32 -1 36 -1 51 -1 56 -1 59 -1 60 -1 101 -1 24 -1 52 -1 108 -1 10 -1 109 -1 114 -1 1 -1 44 -1 118 -1 121 -1 132 -1 54 -1 139 -1 3 -1 49 -1 143 -1 50 -1 144 -1 145 -1 6 -1 147 -1 53 -1 149 -1 150 -1 171 -1 175 -1 29 -1 180 -1 245 -1 246 -1 248 -1 8 -1 260 -1 31 -1 262 -1 43 -1 -2
11 -1 51 -1 14 -1 66 -1 75 -1 17 -1 1 -1 60 -1 18 -1 56 -1 79 -1 35 -1 40 -1 47 -1 36 -1 64 -1 98 -1 62 -1 68 -1 108 -1 109 -1 112 -1 63 -1 114 -1 50 -1 117 -1 42 -1 118 -1 70 -1 120 -1 6 -1 30 -1 46 -1 73 -1 132 -1 71 -1 139 -1 19 -1 55 -1 65 -1 143 -1 48 -1 49 -1 144 -1 146 -1 41 -1 147 -1 149 -1 29 -1 150 -1 74 -1 162 -1 171 -1 31 -1 39 -1 180 -1 72 -1 245 -1 23 -1 28 -1 246 -1 57 -1 248 -1 4 -1 255 -1 260 -1 37 -1 43 -1 262 -1 61 -1 -2
5 -1 47 -1 74 -1 8 -1 33 -1 9 -1 83 -1 10 -1 41 -1 68 -1 11 -1 13 -1 14 -1 22 -1 29 -1 17 -1 6 -1 15 -1 30 -1 18 -1 23 -1 26 -1 36 -1 27 -1 35 -1 12 -1 69 -1 81 -1 56 -1 49 -1 98 -1 75 -1 101 -1 108 -1 64 -1 109 -1 112 -1 2 -1 114 -1 37 -1 117 -1 31 -1 118 -1 120 -1 132 -1 72 -1 73 -1 133 -1 40 -1 50 -1 139 -1 59 -1 63 -1 143 -1 1 -1 34 -1 51 -1 144 -1 67 -1 146 -1 147 -1 149 -1 150 -1 84 -1 162 -1 46 -1 52 -1 171 -1 66 -1 175 -1 38 -1 43 -1 209 -1 245 -1 25 -1 246 -1 58 -1 65 -1 248 -1 255 -1 48 -1 54 -1 260 -1 39 -1 262 -1 19 -1 -2
10 -1 40 -1 53 -1 11 -1 14 -1 23 -1 24 -1 83 -1 85 -1 17 -1 1 -1 54 -1 18 -1 97 -1 52 -1 58 -1 26 -1 42 -1 27 -1 71 -1 35 -1 76 -1 84 -1 36 -1 32 -1 48 -1 56 -1 98 -1 82 -1 101 -1 19 -1 108 -1 6 -1 70 -1 109 -1 49 -1 114 -1 4 -1 117 -1 118 -1 43 -1 120 -1 12 -1 25 -1 132 -1 133 -1 31 -1 139 -1 50 -1 64 -1 143 -1 51 -1 59 -1 146 -1 33 -1 74 -1 149 -1 60 -1 150 -1 37 -1 162 -1 171 -1 29 -1 245 -1 246 -1 66 -1 75 -1 248 -1 5 -1 9 -1 255 -1 260 -1 41 -1 262 -1 77 -1 87 -1 -2
1 -1 9 -1 65 -1 8 -1 76 -1 14 -1 17 -1 24 -1 26 -1 28 -1 54 -1 64 -1 36 -1 73 -1 72 -1 22 -1 63 -1 78 -1 79 -1 114 -1 10 -1 117 -1 118 -1 127 -1 132 -1 60 -1 139 -1 6 -1 59 -1 143 -1 144 -1 71 -1 146 -1 23 -1 49 -1 149 -1 150 -1 245 -1 21 -1 45 -1 48 -1 249 -1 42 -1 253 -1 34 -1 262 -1 62 -1 -2
1 -1 27 -1 54 -1 8 -1 9 -1 58 -1 14 -1 18 -1 17 -1 22 -1 11 -1 26 -1 28 -1 10 -1 29 -1 35 -1 36 -1 34 -1 62 -1 51 -1 72 -1 52 -1 78 -1 24 -1 79 -1 110 -1 118 -1 139 -1 3 -1 143 -1 144 -1 41 -1 147 -1 13 -1 149 -1 150 -1 245 -1 4 -1 38 -1 249 -1 32 -1 253 -1 262 -1 44 -1 -2
2 -1 4 -1 16 -1 8 -1 1 -1 9 -1 50 -1 52 -1 15 -1 47 -1 17 -1 18 -1 74 -1 48 -1 78 -1 79 -1 133 -1 11 -1 19 -1 143 -1 144 -1 26 -1 146 -1 41 -1 149 -1 150 -1 245 -1 34 -1 45 -1 246 -1 3 -1 14 -1 253 -1 20 -1 24 -1 31 -1 -2
4 -1 19 -1 59 -1 8 -1 1 -1 9 -1 63 -1 28 -1 57 -1 36 -1 47 -1 18 -1 56 -1 53 -1 6 -1 54 -1 72 -1 23 -1 78 -1 79 -1 113 -1 117 -1 118 -1 132 -1 2 -1 3 -1 133 -1 12 -1 143 -1 146 -1 11 -1 58 -1 149 -1 150 -1 195 -1 245 -1 33 -1 35 -1 246 -1 16 -1 250 -1 40 -1 43 -1 253 -1 20 -1 27 -1 29 -1 -2
1 -1 14 -1 55 -1 8 -1 9 -1 61 -1 13 -1 35 -1 17 -1 25 -1 18 -1 64 -1 22 -1 11 -1 57 -1 26 -1 27 -1 28 -1 37 -1 53 -1 30 -1 36 -1 113 -1 33 -1 54 -1 117 -1 118 -1 133 -1 51 -1 143 -1 24 -1 52 -1 146 -1 149 -1 150 -1 195 -1 245 -1 31 -1 246 -1 2 -1 250 -1 40 -1 253 -1 10 -1 -2
1 -1 12 -1 52 -1 4 -1 5 -1 8 -1 6 -1 9 -1 55 -1 13 -1 35 -1 51 -1 17 -1 26 -1 18 -1 28 -1 11 -1 44 -1 30 -1 34 -1 36 -1 113 -1 49 -1 117 -1 118 -1 133 -1 50 -1 146 -1 3 -1 149 -1 150 -1 195 -1 245 -1 246 -1 250 -1 42 -1 253 -1 14 -1 22 -1 -2
4 -1 1 -1 52 -1 9 -1 55 -1 10 -1 35 -1 43 -1 13 -1 17 -1 24 -1 53 -1 25 -1 44 -1 28 -1 11 -1 46 -1 30 -1 12 -1 36 -1 48 -1 54 -1 56 -1 74 -1 139 -1 143 -1 21 -1 144 -1 146 -1 49 -1 149 -1 2 -1 150 -1 167 -1 18 -1 191 -1 245 -1 40 -1 42 -1 246 -1 3 -1 7 -1 253 -1 22 -1 34 -1 273 -1 -2
1 -1 57 -1 68 -1 4 -1 6 -1 47 -1 8 -1 48 -1 9 -1 76 -1 13 -1 49 -1 69 -1 17 -1 29 -1 18 -1 74 -1 37 -1 10 -1 38 -1 113 -1 70 -1 117 -1 32 -1 118 -1 77 -1 127 -1 34 -1 132 -1 67 -1 133 -1 66 -1 136 -1 143 -1 24 -1 35 -1 195 -1 245 -1 42 -1 246 -1 12 -1 250 -1 253 -1 23 -1 26 -1 30 -1 259 -1 19 -1 -2
1 -1 6 -1 50 -1 8 -1 30 -1 5 -1 14 -1 35 -1 36 -1 26 -1 72 -1 7 -1 78 -1 2 -1 110 -1 46 -1 118 -1 143 -1 44 -1 47 -1 245 -1 28 -1 246 -1 253 -1 17 -1 24 -1 266 -1 12 -1 16 -1 33 -1 37 -1 -2
1 -1 14 -1 48 -1 4 -1 8 -1 5 -1 28 -1 6 -1 30 -1 13 -1 31 -1 35 -1 7 -1 36 -1 74 -1 110 -1 41 -1 117 -1 118 -1 139 -1 10 -1 143 -1 3 -1 144 -1 245 -1 33 -1 37 -1 246 -1 12 -1 253 -1 23 -1 27 -1 266 -1 16 -1 20 -1 -2
1 -1 5 -1 44 -1 8 -1 9 -1 49 -1 30 -1 4 -1 35 -1 36 -1 110 -1 42 -1 118 -1 139 -1 3 -1 33 -1 143 -1 43 -1 144 -1 45 -1 245 -1 23 -1 27 -1 246 -1 253 -1 16 -1 20 -1 265 -1 29 -1 38 -1 266 -1 10 -1 13 -1 -2
2 -1 3 -1 63 -1 8 -1 1 -1 9 -1 71 -1 15 -1 33 -1 17 -1 22 -1 18 -1 30 -1 5 -1 58 -1 35 -1 36 -1 69 -1 37 -1 47 -1 74 -1 62 -1 79 -1 110 -1 19 -1 118 -1 57 -1 119 -1 10 -1 139 -1 56 -1 144 -1 65 -1 146 -1 150 -1 66 -1 210 -1 245 -1 11 -1 246 -1 23 -1 27 -1 253 -1 42 -1 255 -1 49 -1 268 -1 6 -1 -2
1 -1 10 -1 70 -1 8 -1 15 -1 29 -1 68 -1 17 -1 6 -1 18 -1 30 -1 65 -1 35 -1 36 -1 41 -1 4 -1 23 -1 110 -1 5 -1 19 -1 117 -1 118 -1 119 -1 133 -1 22 -1 25 -1 139 -1 21 -1 143 -1 210 -1 245 -1 16 -1 48 -1 50 -1 246 -1 26 -1 253 -1 32 -1 39 -1 42 -1 255 -1 55 -1 62 -1 268 -1 11 -1 -2
1 -1 52 -1 65 -1 2 -1 28 -1 40 -1 8 -1 9 -1 21 -1 41 -1 72 -1 30 -1 4 -1 20 -1 35 -1 36 -1 37 -1 24 -1 46 -1 44 -1 19 -1 45 -1 56 -1 110 -1 18 -1 118 -1 119 -1 11 -1 139 -1 6 -1 143 -1 144 -1 25 -1 210 -1 245 -1 12 -1 246 -1 23 -1 253 -1 31 -1 39 -1 255 -1 50 -1 58 -1 268 -1 -2
4 -1 1 -1 44 -1 9 -1 60 -1 15 -1 14 -1 58 -1 17 -1 18 -1 62 -1 28 -1 19 -1 24 -1 29 -1 25 -1 38 -1 30 -1 35 -1 36 -1 41 -1 33 -1 74 -1 6 -1 56 -1 78 -1 79 -1 114 -1 10 -1 16 -1 117 -1 118 -1 20 -1 125 -1 3 -1 7 -1 136 -1 8 -1 141 -1 53 -1 143 -1 52 -1 144 -1 12 -1 219 -1 245 -1 48 -1 51 -1 246 -1 21 -1 26 -1 253 -1 255 -1 256 -1 -2
1 -1 5 -1 32 -1 4 -1 35 -1 65 -1 8 -1 34 -1 9 -1 70 -1 15 -1 69 -1 17 -1 18 -1 71 -1 22 -1 10 -1 26 -1 27 -1 28 -1 38 -1 30 -1 33 -1 37 -1 39 -1 66 -1 41 -1 19 -1 29 -1 74 -1 64 -1 79 -1 110 -1 3 -1 31 -1 117 -1 118 -1 43 -1 119 -1 25 -1 132 -1 36 -1 133 -1 44 -1 60 -1 139 -1 2 -1 143 -1 144 -1 218 -1 221 -1 245 -1 13 -1 58 -1 61 -1 246 -1 40 -1 253 -1 20 -1 23 -1 48 -1 52 -1 259 -1 46 -1 261 -1 7 -1 -2
2 -1 52 -1 64 -1 8 -1 1 -1 21 -1 40 -1 9 -1 66 -1 14 -1 51 -1 17 -1 39 -1 18 -1 28 -1 10 -1 26 -1 41 -1 30 -1 53 -1 35 -1 11 -1 42 -1 110 -1 6 -1 117 -1 118 -1 60 -1 125 -1 15 -1 22 -1 139 -1 32 -1 143 -1 144 -1 146 -1 63 -1 149 -1 34 -1 150 -1 210 -1 245 -1 29 -1 33 -1 246 -1 253 -1 20 -1 25 -1 266 -1 48 -1 -2
4 -1 1 -1 47 -1 9 -1 53 -1 28 -1 36 -1 46 -1 14 -1 7 -1 54 -1 72 -1 12 -1 78 -1 79 -1 113 -1 117 -1 118 -1 132 -1 49 -1 50 -1 133 -1 143 -1 145 -1 6 -1 149 -1 150 -1 195 -1 245 -1 21 -1 24 -1 246 -1 8 -1 250 -1 32 -1 41 -1 253 -1 13 -1 17 -1 256 -1 25 -1 30 -1 -2
1 -1 59 -1 64 -1 8 -1 9 -1 42 -1 15 -1 61 -1 17 -1 20 -1 18 -1 28 -1 48 -1 29 -1 13 -1 30 -1 35 -1 31 -1 36 -1 63 -1 46 -1 58 -1 53 -1 54 -1 113 -1 40 -1 117 -1 38 -1 118 -1 125 -1 25 -1 132 -1 60 -1 133 -1 41 -1 57 -1 143 -1 32 -1 145 -1 149 -1 150 -1 195 -1 245 -1 246 -1 16 -1 250 -1 45 -1 253 -1 256 -1 34 -1 39 -1 -2
1 -1 16 -1 42 -1 4 -1 3 -1 5 -1 8 -1 6 -1 9 -1 63 -1 23 -1 60 -1 80 -1 24 -1 14 -1 26 -1 43 -1 28 -1 30 -1 15 -1 35 -1 10 -1 36 -1 71 -1 110 -1 41 -1 117 -1 118 -1 66 -1 119 -1 120 -1 133 -1 7 -1 136 -1 48 -1 57 -1 139 -1 13 -1 143 -1 144 -1 218 -1 245 -1 39 -1 68 -1 246 -1 11 -1 247 -1 47 -1 49 -1 253 -1 22 -1 59 -1 254 -1 259 -1 55 -1 -2
1 -1 97 -1 126 -1 2 -1 11 -1 27 -1 4 -1 10 -1 14 -1 38 -1 53 -1 15 -1 12 -1 19 -1 17 -1 20 -1 18 -1 23 -1 62 -1 108 -1 24 -1 5 -1 51 -1 26 -1 52 -1 121 -1 28 -1 8 -1 56 -1 58 -1 80 -1 86 -1 30 -1 16 -1 49 -1 64 -1 71 -1 93 -1 107 -1 35 -1 9 -1 50 -1 59 -1 72 -1 87 -1 36 -1 39 -1 109 -1 41 -1 44 -1 110 -1 118 -1 61 -1 120 -1 7 -1 132 -1 48 -1 139 -1 47 -1 141 -1 113 -1 143 -1 177 -1 37 -1 219 -1 245 -1 32 -1 103 -1 246 -1 6 -1 82 -1 84 -1 253 -1 21 -1 63 -1 254 -1 67 -1 69 -1 256 -1 75 -1 259 -1 -2
1 -1 20 -1 109 -1 8 -1 9 -1 117 -1 10 -1 73 -1 79 -1 94 -1 97 -1 13 -1 62 -1 66 -1 15 -1 108 -1 17 -1 67 -1 80 -1 98 -1 18 -1 19 -1 81 -1 22 -1 26 -1 65 -1 24 -1 16 -1 25 -1 27 -1 30 -1 60 -1 35 -1 36 -1 89 -1 48 -1 63 -1 107 -1 53 -1 52 -1 54 -1 113 -1 34 -1 87 -1 78 -1 110 -1 59 -1 118 -1 119 -1 28 -1 124 -1 41 -1 51 -1 132 -1 5 -1 58 -1 139 -1 57 -1 143 -1 64 -1 70 -1 144 -1 91 -1 219 -1 245 -1 246 -1 253 -1 29 -1 84 -1 86 -1 92 -1 260 -1 72 -1 -2
1 -1 14 -1 50 -1 4 -1 57 -1 69 -1 8 -1 51 -1 9 -1 85 -1 10 -1 67 -1 72 -1 90 -1 91 -1 13 -1 58 -1 61 -1 39 -1 52 -1 15 -1 16 -1 25 -1 82 -1 83 -1 17 -1 26 -1 53 -1 62 -1 73 -1 18 -1 112 -1 19 -1 104 -1 22 -1 12 -1 56 -1 27 -1 29 -1 68 -1 71 -1 30 -1 54 -1 35 -1 55 -1 36 -1 48 -1 60 -1 76 -1 23 -1 81 -1 78 -1 79 -1 102 -1 110 -1 5 -1 115 -1 65 -1 117 -1 118 -1 80 -1 119 -1 7 -1 124 -1 45 -1 132 -1 2 -1 139 -1 6 -1 143 -1 3 -1 64 -1 144 -1 219 -1 245 -1 46 -1 92 -1 246 -1 253 -1 86 -1 260 -1 66 -1 -2
1 -1 12 -1 47 -1 79 -1 96 -1 4 -1 61 -1 72 -1 8 -1 48 -1 74 -1 9 -1 109 -1 13 -1 68 -1 73 -1 14 -1 42 -1 55 -1 17 -1 56 -1 18 -1 105 -1 19 -1 80 -1 94 -1 22 -1 10 -1 65 -1 26 -1 66 -1 27 -1 28 -1 63 -1 70 -1 30 -1 44 -1 90 -1 35 -1 45 -1 71 -1 36 -1 69 -1 76 -1 23 -1 78 -1 110 -1 113 -1 62 -1 93 -1 117 -1 118 -1 119 -1 24 -1 121 -1 52 -1 132 -1 60 -1 133 -1 139 -1 144 -1 145 -1 57 -1 91 -1 149 -1 40 -1 150 -1 219 -1 3 -1 245 -1 92 -1 101 -1 246 -1 7 -1 253 -1 15 -1 21 -1 89 -1 265 -1 -2
1 -1 24 -1 40 -1 4 -1 8 -1 16 -1 17 -1 9 -1 63 -1 22 -1 44 -1 26 -1 27 -1 65 -1 30 -1 14 -1 42 -1 35 -1 36 -1 74 -1 45 -1 78 -1 79 -1 64 -1 110 -1 3 -1 25 -1 38 -1 115 -1 43 -1 58 -1 117 -1 10 -1 118 -1 41 -1 123 -1 23 -1 31 -1 125 -1 132 -1 39 -1 139 -1 143 -1 18 -1 144 -1 209 -1 210 -1 245 -1 51 -1 61 -1 253 -1 48 -1 255 -1 11 -1 12 -1 -2
1 -1 3 -1 55 -1 4 -1 2 -1 9 -1 58 -1 15 -1 27 -1 37 -1 17 -1 18 -1 22 -1 28 -1 35 -1 26 -1 30 -1 6 -1 24 -1 34 -1 25 -1 36 -1 73 -1 110 -1 12 -1 117 -1 118 -1 124 -1 139 -1 21 -1 143 -1 144 -1 42 -1 210 -1 245 -1 11 -1 32 -1 46 -1 253 -1 43 -1 259 -1 -2
1 -1 9 -1 26 -1 4 -1 33 -1 55 -1 8 -1 27 -1 57 -1 30 -1 13 -1 29 -1 35 -1 36 -1 47 -1 114 -1 21 -1 28 -1 117 -1 118 -1 51 -1 124 -1 6 -1 10 -1 132 -1 31 -1 133 -1 139 -1 11 -1 143 -1 144 -1 46 -1 209 -1 3 -1 245 -1 43 -1 52 -1 253 -1 37 -1 40 -1 -2
1 -1 15 -1 36 -1 4 -1 37 -1 75 -1 8 -1 6 -1 9 -1 83 -1 13 -1 41 -1 52 -1 17 -1 5 -1 18 -1 84 -1 28 -1 30 -1 29 -1 16 -1 35 -1 10 -1 110 -1 14 -1 113 -1 20 -1 117 -1 118 -1 123 -1 49 -1 124 -1 132 -1 46 -1 78 -1 133 -1 45 -1 53 -1 74 -1 139 -1 143 -1 144 -1 146 -1 149 -1 150 -1 195 -1 245 -1 31 -1 51 -1 54 -1 247 -1 19 -1 21 -1 250 -1 57 -1 253 -1 42 -1 255 -1 11 -1 -2
1 -1 8 -1 49 -1 9 -1 52 -1 14 -1 17 -1 24 -1 4 -1 26 -1 28 -1 2 -1 30 -1 15 -1 35 -1 3 -1 36 -1 78 -1 110 -1 48 -1 118 -1 120 -1 21 -1 139 -1 39 -1 143 -1 40 -1 245 -1 7 -1 27 -1 253 -1 259 -1 11 -1 265 -1 38 -1 -2
1 -1 12 -1 32 -1 8 -1 9 -1 55 -1 14 -1 24 -1 30 -1 13 -1 20 -1 35 -1 36 -1 47 -1 48 -1 53 -1 54 -1 110 -1 27 -1 113 -1 117 -1 28 -1 118 -1 119 -1 21 -1 132 -1 133 -1 5 -1 29 -1 143 -1 2 -1 144 -1 146 -1 31 -1 149 -1 25 -1 150 -1 195 -1 245 -1 6 -1 26 -1 250 -1 39 -1 253 -1 15 -1 268 -1 17 -1 19 -1 -2
1 -1 16 -1 19 -1 8 -1 2 -1 20 -1 22 -1 9 -1 31 -1 39 -1 14 -1 32 -1 47 -1 17 -1 28 -1 35 -1 33 -1 53 -1 110 -1 27 -1 113 -1 44 -1 117 -1 118 -1 120 -1 12 -1 143 -1 4 -1 6 -1 34 -1 45 -1 146 -1 7 -1 149 -1 5 -1 29 -1 150 -1 195 -1 245 -1 23 -1 25 -1 250 -1 40 -1 253 -1 255 -1 258 -1 10 -1 -2
1 -1 14 -1 47 -1 8 -1 2 -1 9 -1 53 -1 15 -1 12 -1 19 -1 17 -1 10 -1 18 -1 22 -1 48 -1 26 -1 4 -1 27 -1 46 -1 13 -1 54 -1 110 -1 118 -1 6 -1 120 -1 21 -1 24 -1 144 -1 3 -1 191 -1 245 -1 30 -1 252 -1 11 -1 253 -1 16 -1 20 -1 258 -1 5 -1 262 -1 33 -1 39 -1 268 -1 23 -1 -2
1 -1 10 -1 27 -1 8 -1 2 -1 9 -1 33 -1 23 -1 26 -1 63 -1 114 -1 118 -1 132 -1 31 -1 32 -1 133 -1 5 -1 143 -1 144 -1 28 -1 146 -1 25 -1 149 -1 7 -1 150 -1 29 -1 184 -1 189 -1 190 -1 245 -1 3 -1 18 -1 253 -1 12 -1 16 -1 258 -1 -2
1 -1 14 -1 52 -1 8 -1 2 -1 9 -1 58 -1 15 -1 12 -1 53 -1 17 -1 18 -1 23 -1 13 -1 55 -1 26 -1 27 -1 47 -1 33 -1 50 -1 28 -1 54 -1 63 -1 34 -1 96 -1 39 -1 41 -1 108 -1 109 -1 46 -1 114 -1 115 -1 51 -1 117 -1 118 -1 57 -1 132 -1 133 -1 11 -1 143 -1 144 -1 146 -1 32 -1 149 -1 150 -1 45 -1 184 -1 189 -1 190 -1 56 -1 195 -1 245 -1 4 -1 6 -1 22 -1 250 -1 35 -1 253 -1 20 -1 258 -1 262 -1 -2
48 -1 7 -1 60 -1 53 -1 5 -1 113 -1 57 -1 117 -1 1 -1 118 -1 120 -1 15 -1 22 -1 132 -1 58 -1 59 -1 143 -1 56 -1 146 -1 10 -1 149 -1 150 -1 168 -1 3 -1 180 -1 191 -1 245 -1 36 -1 43 -1 246 -1 19 -1 26 -1 247 -1 252 -1 8 -1 45 -1 253 -1 17 -1 -2
4 -1 1 -1 14 -1 8 -1 15 -1 22 -1 24 -1 20 -1 66 -1 26 -1 28 -1 6 -1 44 -1 35 -1 39 -1 36 -1 9 -1 48 -1 40 -1 59 -1 53 -1 31 -1 54 -1 110 -1 7 -1 111 -1 13 -1 29 -1 117 -1 118 -1 34 -1 120 -1 12 -1 132 -1 61 -1 62 -1 139 -1 16 -1 143 -1 144 -1 170 -1 191 -1 193 -1 209 -1 245 -1 246 -1 2 -1 247 -1 52 -1 252 -1 37 -1 253 -1 43 -1 47 -1 -2
2 -1 38 -1 61 -1 4 -1 1 -1 8 -1 31 -1 9 -1 11 -1 13 -1 52 -1 14 -1 28 -1 17 -1 6 -1 29 -1 18 -1 59 -1 22 -1 10 -1 26 -1 27 -1 45 -1 30 -1 35 -1 19 -1 39 -1 36 -1 32 -1 48 -1 33 -1 58 -1 53 -1 110 -1 118 -1 120 -1 132 -1 57 -1 139 -1 3 -1 143 -1 56 -1 144 -1 184 -1 189 -1 190 -1 191 -1 209 -1 245 -1 20 -1 25 -1 246 -1 247 -1 252 -1 37 -1 253 -1 43 -1 -2
1 -1 11 -1 24 -1 4 -1 2 -1 5 -1 28 -1 35 -1 8 -1 3 -1 25 -1 9 -1 41 -1 14 -1 23 -1 36 -1 15 -1 43 -1 58 -1 17 -1 20 -1 37 -1 18 -1 65 -1 22 -1 10 -1 26 -1 27 -1 47 -1 29 -1 30 -1 6 -1 39 -1 46 -1 53 -1 110 -1 117 -1 118 -1 42 -1 120 -1 13 -1 132 -1 62 -1 63 -1 133 -1 34 -1 139 -1 143 -1 144 -1 38 -1 40 -1 146 -1 149 -1 150 -1 163 -1 168 -1 21 -1 184 -1 189 -1 190 -1 191 -1 210 -1 245 -1 31 -1 246 -1 247 -1 59 -1 61 -1 252 -1 45 -1 253 -1 50 -1 55 -1 -2
4 -1 12 -1 15 -1 8 -1 7 -1 9 -1 43 -1 10 -1 30 -1 36 -1 13 -1 16 -1 45 -1 61 -1 14 -1 80 -1 81 -1 17 -1 37 -1 62 -1 22 -1 28 -1 29 -1 38 -1 71 -1 35 -1 39 -1 113 -1 72 -1 118 -1 132 -1 25 -1 79 -1 133 -1 24 -1 143 -1 144 -1 145 -1 73 -1 150 -1 245 -1 23 -1 26 -1 47 -1 55 -1 246 -1 60 -1 67 -1 247 -1 248 -1 57 -1 59 -1 253 -1 31 -1 258 -1 -2
4 -1 1 -1 49 -1 9 -1 60 -1 10 -1 69 -1 74 -1 13 -1 41 -1 48 -1 14 -1 22 -1 23 -1 17 -1 12 -1 34 -1 18 -1 31 -1 76 -1 30 -1 47 -1 65 -1 26 -1 45 -1 27 -1 77 -1 36 -1 46 -1 35 -1 3 -1 25 -1 54 -1 110 -1 113 -1 29 -1 68 -1 117 -1 118 -1 70 -1 120 -1 20 -1 132 -1 21 -1 28 -1 72 -1 73 -1 133 -1 37 -1 44 -1 143 -1 144 -1 32 -1 145 -1 149 -1 150 -1 163 -1 168 -1 51 -1 173 -1 209 -1 245 -1 11 -1 62 -1 246 -1 57 -1 247 -1 19 -1 253 -1 258 -1 -2
2 -1 37 -1 49 -1 4 -1 28 -1 34 -1 8 -1 21 -1 35 -1 9 -1 56 -1 13 -1 32 -1 14 -1 45 -1 15 -1 55 -1 73 -1 17 -1 23 -1 50 -1 18 -1 86 -1 24 -1 1 -1 36 -1 27 -1 41 -1 29 -1 30 -1 40 -1 110 -1 117 -1 31 -1 118 -1 123 -1 10 -1 16 -1 132 -1 71 -1 72 -1 139 -1 42 -1 143 -1 22 -1 144 -1 20 -1 47 -1 51 -1 209 -1 3 -1 245 -1 44 -1 48 -1 246 -1 7 -1 61 -1 68 -1 247 -1 248 -1 54 -1 253 -1 38 -1 258 -1 -2
2 -1 1 -1 5 -1 39 -1 43 -1 4 -1 46 -1 60 -1 8 -1 31 -1 44 -1 9 -1 15 -1 69 -1 13 -1 14 -1 26 -1 70 -1 87 -1 17 -1 20 -1 32 -1 62 -1 18 -1 52 -1 94 -1 24 -1 11 -1 42 -1 68 -1 88 -1 64 -1 27 -1 48 -1 28 -1 36 -1 53 -1 21 -1 41 -1 110 -1 6 -1 117 -1 118 -1 82 -1 123 -1 132 -1 49 -1 139 -1 30 -1 143 -1 47 -1 144 -1 146 -1 149 -1 150 -1 163 -1 50 -1 209 -1 245 -1 22 -1 23 -1 58 -1 246 -1 73 -1 83 -1 247 -1 65 -1 67 -1 253 -1 258 -1 40 -1 -2
2 -1 1 -1 5 -1 32 -1 35 -1 53 -1 71 -1 8 -1 24 -1 46 -1 9 -1 11 -1 41 -1 78 -1 13 -1 57 -1 14 -1 75 -1 15 -1 30 -1 17 -1 48 -1 58 -1 18 -1 84 -1 23 -1 55 -1 72 -1 36 -1 80 -1 110 -1 4 -1 22 -1 113 -1 54 -1 70 -1 114 -1 43 -1 117 -1 44 -1 118 -1 73 -1 123 -1 33 -1 39 -1 132 -1 45 -1 52 -1 62 -1 63 -1 133 -1 61 -1 64 -1 139 -1 10 -1 20 -1 143 -1 21 -1 144 -1 27 -1 74 -1 145 -1 146 -1 149 -1 47 -1 150 -1 29 -1 76 -1 209 -1 245 -1 82 -1 88 -1 246 -1 31 -1 248 -1 6 -1 253 -1 255 -1 258 -1 51 -1 -2
1 -1 25 -1 44 -1 5 -1 9 -1 8 -1 10 -1 45 -1 59 -1 68 -1 79 -1 23 -1 27 -1 48 -1 26 -1 17 -1 66 -1 28 -1 16 -1 22 -1 30 -1 31 -1 62 -1 35 -1 36 -1 69 -1 41 -1 43 -1 6 -1 74 -1 50 -1 60 -1 78 -1 7 -1 110 -1 113 -1 47 -1 117 -1 32 -1 118 -1 127 -1 143 -1 12 -1 144 -1 65 -1 245 -1 246 -1 24 -1 247 -1 61 -1 248 -1 55 -1 56 -1 253 -1 -2
15 -1 17 -1 28 -1 14 -1 18 -1 38 -1 24 -1 6 -1 12 -1 43 -1 57 -1 26 -1 1 -1 13 -1 27 -1 59 -1 30 -1 16 -1 35 -1 36 -1 31 -1 44 -1 20 -1 110 -1 118 -1 119 -1 5 -1 9 -1 132 -1 53 -1 54 -1 136 -1 144 -1 209 -1 3 -1 10 -1 245 -1 32 -1 47 -1 50 -1 246 -1 7 -1 247 -1 248 -1 41 -1 42 -1 253 -1 23 -1 29 -1 259 -1 19 -1 -2
44 -1 12 -1 16 -1 115 -1 1 -1 20 -1 118 -1 25 -1 245 -1 6 -1 7 -1 24 -1 33 -1 253 -1 17 -1 259 -1 11 -1 13 -1 -2
2 -1 41 -1 51 -1 8 -1 36 -1 15 -1 40 -1 17 -1 37 -1 22 -1 19 -1 39 -1 26 -1 27 -1 43 -1 29 -1 35 -1 42 -1 46 -1 53 -1 73 -1 78 -1 12 -1 79 -1 50 -1 110 -1 1 -1 113 -1 117 -1 120 -1 3 -1 6 -1 133 -1 139 -1 143 -1 145 -1 149 -1 38 -1 173 -1 25 -1 191 -1 193 -1 205 -1 245 -1 9 -1 10 -1 30 -1 253 -1 28 -1 259 -1 18 -1 -2
15 -1 5 -1 32 -1 17 -1 1 -1 18 -1 35 -1 46 -1 31 -1 53 -1 54 -1 113 -1 4 -1 30 -1 117 -1 118 -1 133 -1 3 -1 29 -1 143 -1 145 -1 149 -1 150 -1 34 -1 168 -1 173 -1 191 -1 193 -1 245 -1 2 -1 20 -1 252 -1 6 -1 9 -1 253 -1 13 -1 -2
15 -1 28 -1 39 -1 17 -1 25 -1 21 -1 19 -1 26 -1 23 -1 1 -1 5 -1 6 -1 27 -1 38 -1 30 -1 11 -1 35 -1 36 -1 33 -1 46 -1 37 -1 53 -1 73 -1 18 -1 78 -1 79 -1 110 -1 24 -1 113 -1 117 -1 118 -1 120 -1 2 -1 123 -1 9 -1 133 -1 143 -1 144 -1 145 -1 146 -1 149 -1 150 -1 173 -1 180 -1 191 -1 193 -1 205 -1 245 -1 3 -1 253 -1 16 -1 20 -1 259 -1 8 -1 10 -1 -2
36 -1 16 -1 20 -1 46 -1 5 -1 31 -1 53 -1 3 -1 115 -1 1 -1 12 -1 118 -1 133 -1 10 -1 144 -1 146 -1 15 -1 150 -1 18 -1 173 -1 180 -1 19 -1 191 -1 193 -1 245 -1 2 -1 4 -1 22 -1 253 -1 271 -1 6 -1 -2
1 -1 34 -1 14 -1 4 -1 17 -1 24 -1 114 -1 30 -1 146 -1 10 -1 16 -1 149 -1 7 -1 150 -1 20 -1 173 -1 13 -1 245 -1 3 -1 253 -1 259 -1 -2
2 -1 45 -1 50 -1 4 -1 10 -1 39 -1 8 -1 40 -1 14 -1 5 -1 17 -1 3 -1 28 -1 6 -1 35 -1 47 -1 46 -1 53 -1 54 -1 113 -1 117 -1 1 -1 133 -1 143 -1 146 -1 149 -1 195 -1 245 -1 16 -1 246 -1 19 -1 22 -1 250 -1 253 -1 32 -1 36 -1 259 -1 27 -1 -2
4 -1 8 -1 41 -1 1 -1 9 -1 49 -1 14 -1 20 -1 80 -1 17 -1 10 -1 22 -1 19 -1 26 -1 28 -1 50 -1 35 -1 46 -1 34 -1 53 -1 32 -1 71 -1 55 -1 78 -1 51 -1 113 -1 115 -1 29 -1 117 -1 12 -1 30 -1 133 -1 27 -1 195 -1 245 -1 31 -1 44 -1 247 -1 52 -1 54 -1 57 -1 59 -1 63 -1 64 -1 70 -1 250 -1 36 -1 253 -1 23 -1 -2
5 -1 18 -1 33 -1 59 -1 60 -1 8 -1 6 -1 57 -1 9 -1 38 -1 13 -1 1 -1 14 -1 34 -1 20 -1 4 -1 22 -1 10 -1 26 -1 36 -1 2 -1 15 -1 67 -1 79 -1 114 -1 120 -1 132 -1 47 -1 48 -1 56 -1 58 -1 143 -1 144 -1 245 -1 41 -1 54 -1 253 -1 254 -1 -2
1 -1 55 -1 62 -1 2 -1 28 -1 31 -1 100 -1 116 -1 8 -1 32 -1 63 -1 65 -1 86 -1 9 -1 129 -1 11 -1 118 -1 13 -1 18 -1 61 -1 14 -1 79 -1 98 -1 17 -1 99 -1 140 -1 19 -1 69 -1 90 -1 21 -1 108 -1 122 -1 23 -1 68 -1 26 -1 12 -1 91 -1 27 -1 35 -1 77 -1 117 -1 125 -1 36 -1 85 -1 95 -1 110 -1 57 -1 115 -1 70 -1 126 -1 58 -1 120 -1 7 -1 132 -1 3 -1 6 -1 64 -1 136 -1 139 -1 29 -1 59 -1 143 -1 60 -1 127 -1 245 -1 84 -1 88 -1 107 -1 253 -1 76 -1 82 -1 93 -1 101 -1 128 -1 259 -1 -2
2 -1 76 -1 79 -1 4 -1 15 -1 27 -1 8 -1 28 -1 48 -1 50 -1 1 -1 22 -1 44 -1 75 -1 24 -1 33 -1 77 -1 26 -1 34 -1 31 -1 43 -1 35 -1 32 -1 36 -1 13 -1 57 -1 71 -1 20 -1 55 -1 78 -1 6 -1 74 -1 110 -1 7 -1 113 -1 17 -1 23 -1 117 -1 118 -1 121 -1 3 -1 123 -1 53 -1 132 -1 72 -1 80 -1 133 -1 18 -1 21 -1 139 -1 51 -1 143 -1 11 -1 52 -1 56 -1 68 -1 144 -1 153 -1 54 -1 69 -1 179 -1 180 -1 245 -1 38 -1 247 -1 9 -1 253 -1 16 -1 29 -1 256 -1 30 -1 289 -1 -2
2 -1 25 -1 50 -1 4 -1 1 -1 8 -1 17 -1 51 -1 57 -1 9 -1 13 -1 58 -1 63 -1 14 -1 30 -1 18 -1 43 -1 24 -1 22 -1 66 -1 26 -1 15 -1 37 -1 20 -1 53 -1 41 -1 71 -1 79 -1 19 -1 110 -1 118 -1 132 -1 55 -1 56 -1 139 -1 16 -1 143 -1 144 -1 245 -1 62 -1 253 -1 34 -1 39 -1 254 -1 42 -1 46 -1 259 -1 27 -1 265 -1 7 -1 -2
4 -1 1 -1 12 -1 8 -1 30 -1 37 -1 9 -1 21 -1 46 -1 51 -1 13 -1 2 -1 18 -1 16 -1 47 -1 23 -1 26 -1 3 -1 27 -1 68 -1 41 -1 17 -1 71 -1 55 -1 79 -1 73 -1 110 -1 113 -1 34 -1 117 -1 20 -1 118 -1 19 -1 49 -1 120 -1 29 -1 132 -1 10 -1 61 -1 62 -1 133 -1 36 -1 136 -1 38 -1 45 -1 143 -1 7 -1 59 -1 144 -1 25 -1 48 -1 209 -1 245 -1 14 -1 54 -1 63 -1 247 -1 249 -1 40 -1 253 -1 32 -1 286 -1 -2
2 -1 40 -1 57 -1 8 -1 35 -1 9 -1 17 -1 22 -1 14 -1 46 -1 33 -1 23 -1 44 -1 26 -1 34 -1 73 -1 12 -1 78 -1 1 -1 110 -1 10 -1 20 -1 111 -1 56 -1 114 -1 36 -1 51 -1 117 -1 5 -1 52 -1 118 -1 132 -1 4 -1 7 -1 133 -1 43 -1 136 -1 48 -1 53 -1 139 -1 13 -1 143 -1 54 -1 144 -1 58 -1 245 -1 18 -1 55 -1 255 -1 19 -1 32 -1 256 -1 37 -1 41 -1 -2
1 -1 3 -1 2 -1 33 -1 36 -1 55 -1 63 -1 8 -1 4 -1 12 -1 16 -1 51 -1 64 -1 70 -1 9 -1 40 -1 14 -1 35 -1 18 -1 23 -1 27 -1 10 -1 22 -1 46 -1 6 -1 60 -1 69 -1 44 -1 45 -1 28 -1 73 -1 110 -1 111 -1 117 -1 118 -1 39 -1 120 -1 68 -1 132 -1 37 -1 62 -1 139 -1 5 -1 66 -1 143 -1 34 -1 245 -1 31 -1 53 -1 65 -1 247 -1 7 -1 253 -1 21 -1 25 -1 26 -1 41 -1 47 -1 -2
1 -1 28 -1 44 -1 8 -1 15 -1 9 -1 55 -1 29 -1 32 -1 17 -1 18 -1 45 -1 24 -1 22 -1 34 -1 26 -1 14 -1 27 -1 51 -1 35 -1 36 -1 42 -1 54 -1 115 -1 20 -1 40 -1 117 -1 13 -1 118 -1 120 -1 23 -1 30 -1 132 -1 3 -1 33 -1 133 -1 21 -1 143 -1 31 -1 144 -1 7 -1 146 -1 149 -1 4 -1 150 -1 53 -1 173 -1 245 -1 246 -1 248 -1 253 -1 255 -1 43 -1 -2
2 -1 14 -1 23 -1 8 -1 9 -1 36 -1 48 -1 28 -1 50 -1 59 -1 24 -1 39 -1 51 -1 26 -1 27 -1 64 -1 17 -1 20 -1 35 -1 11 -1 115 -1 52 -1 117 -1 13 -1 118 -1 120 -1 32 -1 40 -1 132 -1 43 -1 143 -1 16 -1 25 -1 38 -1 144 -1 56 -1 146 -1 53 -1 149 -1 150 -1 68 -1 173 -1 34 -1 245 -1 49 -1 246 -1 21 -1 248 -1 37 -1 253 -1 29 -1 255 -1 55 -1 58 -1 -2
2 -1 1 -1 22 -1 8 -1 38 -1 47 -1 9 -1 30 -1 63 -1 74 -1 113 -1 61 -1 117 -1 118 -1 120 -1 51 -1 60 -1 132 -1 65 -1 133 -1 27 -1 143 -1 20 -1 144 -1 146 -1 28 -1 50 -1 149 -1 150 -1 173 -1 37 -1 245 -1 44 -1 49 -1 246 -1 16 -1 23 -1 248 -1 36 -1 39 -1 253 -1 31 -1 255 -1 56 -1 -2
8 -1 24 -1 35 -1 9 -1 57 -1 71 -1 37 -1 55 -1 26 -1 25 -1 27 -1 67 -1 34 -1 36 -1 58 -1 69 -1 113 -1 32 -1 48 -1 114 -1 117 -1 16 -1 118 -1 65 -1 120 -1 56 -1 132 -1 59 -1 60 -1 139 -1 28 -1 143 -1 20 -1 144 -1 41 -1 66 -1 146 -1 149 -1 14 -1 150 -1 173 -1 40 -1 45 -1 245 -1 49 -1 246 -1 23 -1 248 -1 39 -1 43 -1 253 -1 255 -1 53 -1 63 -1 -2
1 -1 35 -1 36 -1 2 -1 12 -1 54 -1 106 -1 8 -1 13 -1 38 -1 23 -1 69 -1 80 -1 24 -1 57 -1 58 -1 26 -1 37 -1 59 -1 27 -1 89 -1 101 -1 67 -1 104 -1 108 -1 39 -1 109 -1 91 -1 110 -1 16 -1 117 -1 118 -1 70 -1 120 -1 50 -1 55 -1 132 -1 33 -1 34 -1 43 -1 45 -1 133 -1 32 -1 136 -1 66 -1 139 -1 42 -1 60 -1 143 -1 46 -1 61 -1 144 -1 78 -1 163 -1 179 -1 22 -1 180 -1 209 -1 53 -1 211 -1 246 -1 247 -1 72 -1 84 -1 253 -1 -2
8 -1 36 -1 44 -1 9 -1 68 -1 83 -1 13 -1 77 -1 15 -1 53 -1 63 -1 17 -1 35 -1 64 -1 18 -1 87 -1 21 -1 70 -1 79 -1 24 -1 46 -1 26 -1 65 -1 27 -1 98 -1 23 -1 80 -1 11 -1 45 -1 39 -1 76 -1 78 -1 71 -1 97 -1 110 -1 10 -1 60 -1 115 -1 117 -1 3 -1 67 -1 118 -1 62 -1 120 -1 40 -1 132 -1 4 -1 6 -1 31 -1 32 -1 82 -1 133 -1 28 -1 136 -1 139 -1 16 -1 143 -1 1 -1 29 -1 33 -1 61 -1 144 -1 86 -1 163 -1 25 -1 174 -1 179 -1 22 -1 66 -1 180 -1 210 -1 41 -1 58 -1 211 -1 227 -1 73 -1 230 -1 231 -1 246 -1 247 -1 253 -1 -2
1 -1 74 -1 76 -1 8 -1 13 -1 34 -1 67 -1 9 -1 35 -1 39 -1 86 -1 69 -1 15 -1 54 -1 62 -1 17 -1 36 -1 63 -1 18 -1 22 -1 72 -1 24 -1 60 -1 26 -1 43 -1 61 -1 27 -1 53 -1 82 -1 44 -1 45 -1 40 -1 87 -1 78 -1 79 -1 98 -1 110 -1 12 -1 117 -1 6 -1 118 -1 124 -1 47 -1 56 -1 132 -1 4 -1 31 -1 33 -1 66 -1 88 -1 133 -1 28 -1 139 -1 16 -1 19 -1 143 -1 20 -1 29 -1 64 -1 144 -1 11 -1 96 -1 163 -1 174 -1 83 -1 179 -1 68 -1 180 -1 209 -1 41 -1 211 -1 227 -1 71 -1 230 -1 65 -1 231 -1 232 -1 80 -1 235 -1 85 -1 246 -1 247 -1 253 -1 84 -1 -2
8 -1 15 -1 19 -1 9 -1 37 -1 42 -1 13 -1 54 -1 76 -1 17 -1 46 -1 18 -1 81 -1 22 -1 72 -1 23 -1 3 -1 4 -1 24 -1 67 -1 26 -1 1 -1 45 -1 68 -1 27 -1 14 -1 90 -1 35 -1 7 -1 36 -1 62 -1 44 -1 28 -1 108 -1 109 -1 78 -1 86 -1 110 -1 5 -1 43 -1 117 -1 118 -1 55 -1 120 -1 29 -1 132 -1 2 -1 133 -1 12 -1 136 -1 73 -1 139 -1 143 -1 144 -1 52 -1 77 -1 163 -1 30 -1 174 -1 80 -1 179 -1 180 -1 34 -1 210 -1 211 -1 25 -1 246 -1 31 -1 247 -1 253 -1 59 -1 255 -1 41 -1 -2
10 -1 9 -1 31 -1 17 -1 2 -1 18 -1 37 -1 70 -1 11 -1 42 -1 78 -1 6 -1 173 -1 34 -1 245 -1 25 -1 254 -1 16 -1 22 -1 -2
15 -1 29 -1 40 -1 17 -1 18 -1 53 -1 24 -1 20 -1 41 -1 26 -1 8 -1 27 -1 28 -1 58 -1 61 -1 35 -1 10 -1 21 -1 36 -1 32 -1 38 -1 44 -1 5 -1 45 -1 110 -1 115 -1 25 -1 117 -1 118 -1 52 -1 124 -1 7 -1 12 -1 132 -1 1 -1 2 -1 139 -1 16 -1 19 -1 143 -1 144 -1 187 -1 189 -1 13 -1 190 -1 33 -1 245 -1 246 -1 31 -1 247 -1 9 -1 22 -1 -2
1 -1 41 -1 58 -1 2 -1 11 -1 24 -1 4 -1 74 -1 78 -1 8 -1 32 -1 59 -1 9 -1 30 -1 13 -1 39 -1 68 -1 17 -1 27 -1 18 -1 75 -1 25 -1 26 -1 35 -1 31 -1 36 -1 54 -1 67 -1 76 -1 49 -1 44 -1 79 -1 110 -1 23 -1 117 -1 3 -1 118 -1 28 -1 120 -1 38 -1 43 -1 123 -1 19 -1 139 -1 143 -1 6 -1 12 -1 16 -1 22 -1 144 -1 163 -1 184 -1 20 -1 21 -1 189 -1 190 -1 210 -1 245 -1 51 -1 66 -1 246 -1 33 -1 37 -1 247 -1 46 -1 248 -1 272 -1 -2
1 -1 23 -1 43 -1 8 -1 9 -1 55 -1 24 -1 12 -1 44 -1 26 -1 27 -1 58 -1 110 -1 6 -1 41 -1 117 -1 118 -1 51 -1 124 -1 15 -1 132 -1 2 -1 139 -1 10 -1 143 -1 7 -1 144 -1 5 -1 163 -1 11 -1 17 -1 179 -1 180 -1 20 -1 184 -1 13 -1 189 -1 190 -1 21 -1 199 -1 45 -1 202 -1 52 -1 210 -1 18 -1 245 -1 30 -1 32 -1 35 -1 39 -1 248 -1 262 -1 40 -1 278 -1 -2
1 -1 26 -1 50 -1 8 -1 11 -1 9 -1 60 -1 14 -1 29 -1 55 -1 17 -1 19 -1 18 -1 62 -1 110 -1 10 -1 49 -1 117 -1 4 -1 118 -1 59 -1 124 -1 133 -1 6 -1 139 -1 54 -1 143 -1 7 -1 144 -1 163 -1 20 -1 199 -1 52 -1 201 -1 202 -1 245 -1 40 -1 43 -1 46 -1 53 -1 246 -1 30 -1 34 -1 248 -1 15 -1 -2
8 -1 3 -1 17 -1 9 -1 38 -1 50 -1 14 -1 1 -1 7 -1 18 -1 20 -1 35 -1 16 -1 36 -1 49 -1 113 -1 55 -1 117 -1 118 -1 62 -1 123 -1 10 -1 132 -1 59 -1 61 -1 133 -1 57 -1 143 -1 2 -1 58 -1 144 -1 63 -1 145 -1 11 -1 39 -1 149 -1 150 -1 171 -1 13 -1 195 -1 197 -1 198 -1 245 -1 47 -1 248 -1 250 -1 23 -1 27 -1 -2
1 -1 14 -1 18 -1 8 -1 19 -1 22 -1 9 -1 45 -1 52 -1 35 -1 13 -1 36 -1 44 -1 51 -1 47 -1 28 -1 53 -1 15 -1 54 -1 113 -1 12 -1 115 -1 6 -1 117 -1 7 -1 118 -1 56 -1 124 -1 132 -1 49 -1 50 -1 133 -1 143 -1 144 -1 46 -1 145 -1 39 -1 149 -1 150 -1 171 -1 38 -1 195 -1 197 -1 5 -1 198 -1 245 -1 33 -1 247 -1 17 -1 250 -1 23 -1 25 -1 262 -1 41 -1 -2
2 -1 23 -1 29 -1 50 -1 57 -1 8 -1 10 -1 45 -1 13 -1 22 -1 40 -1 15 -1 1 -1 12 -1 17 -1 18 -1 54 -1 24 -1 27 -1 35 -1 4 -1 11 -1 36 -1 25 -1 110 -1 9 -1 113 -1 16 -1 19 -1 117 -1 118 -1 124 -1 3 -1 132 -1 47 -1 133 -1 139 -1 143 -1 5 -1 144 -1 146 -1 149 -1 150 -1 245 -1 37 -1 246 -1 30 -1 34 -1 247 -1 259 -1 21 -1 -2
14 -1 1 -1 3 -1 24 -1 41 -1 17 -1 19 -1 18 -1 13 -1 47 -1 23 -1 28 -1 26 -1 27 -1 115 -1 20 -1 117 -1 118 -1 40 -1 124 -1 9 -1 132 -1 2 -1 133 -1 15 -1 143 -1 8 -1 12 -1 144 -1 30 -1 146 -1 25 -1 149 -1 150 -1 29 -1 245 -1 254 -1 -2
2 -1 22 -1 26 -1 4 -1 12 -1 16 -1 8 -1 5 -1 17 -1 9 -1 29 -1 14 -1 13 -1 31 -1 58 -1 67 -1 56 -1 18 -1 37 -1 73 -1 19 -1 52 -1 54 -1 24 -1 42 -1 27 -1 34 -1 60 -1 41 -1 25 -1 44 -1 3 -1 45 -1 35 -1 53 -1 59 -1 78 -1 46 -1 79 -1 110 -1 11 -1 113 -1 32 -1 80 -1 117 -1 120 -1 43 -1 68 -1 132 -1 28 -1 69 -1 72 -1 133 -1 30 -1 66 -1 139 -1 143 -1 144 -1 75 -1 210 -1 227 -1 65 -1 232 -1 246 -1 61 -1 247 -1 33 -1 253 -1 38 -1 40 -1 -2
4 -1 13 -1 18 -1 8 -1 2 -1 9 -1 23 -1 14 -1 43 -1 66 -1 17 -1 39 -1 71 -1 22 -1 51 -1 65 -1 26 -1 27 -1 72 -1 41 -1 12 -1 44 -1 45 -1 30 -1 68 -1 57 -1 78 -1 79 -1 110 -1 24 -1 113 -1 31 -1 117 -1 25 -1 120 -1 69 -1 132 -1 1 -1 70 -1 133 -1 37 -1 139 -1 143 -1 5 -1 38 -1 40 -1 52 -1 56 -1 67 -1 144 -1 3 -1 210 -1 227 -1 232 -1 246 -1 59 -1 247 -1 32 -1 253 -1 36 -1 -2
5 -1 6 -1 11 -1 8 -1 1 -1 9 -1 16 -1 20 -1 40 -1 42 -1 26 -1 36 -1 27 -1 45 -1 41 -1 7 -1 22 -1 44 -1 2 -1 72 -1 46 -1 54 -1 78 -1 79 -1 60 -1 110 -1 114 -1 31 -1 65 -1 117 -1 118 -1 25 -1 139 -1 143 -1 144 -1 24 -1 175 -1 209 -1 246 -1 21 -1 35 -1 253 -1 49 -1 -2
1 -1 2 -1 27 -1 34 -1 68 -1 70 -1 4 -1 13 -1 19 -1 8 -1 20 -1 62 -1 9 -1 40 -1 42 -1 53 -1 24 -1 31 -1 26 -1 7 -1 39 -1 35 -1 58 -1 41 -1 44 -1 45 -1 110 -1 11 -1 29 -1 113 -1 37 -1 117 -1 118 -1 32 -1 132 -1 3 -1 139 -1 16 -1 143 -1 30 -1 38 -1 144 -1 6 -1 48 -1 210 -1 246 -1 18 -1 28 -1 46 -1 253 -1 50 -1 -2
4 -1 7 -1 55 -1 8 -1 3 -1 9 -1 69 -1 20 -1 48 -1 67 -1 24 -1 11 -1 41 -1 26 -1 6 -1 42 -1 27 -1 73 -1 114 -1 47 -1 80 -1 117 -1 39 -1 132 -1 1 -1 2 -1 77 -1 78 -1 133 -1 45 -1 59 -1 143 -1 5 -1 43 -1 74 -1 144 -1 72 -1 245 -1 56 -1 246 -1 19 -1 34 -1 253 -1 46 -1 51 -1 -2
5 -1 1 -1 52 -1 9 -1 60 -1 11 -1 47 -1 17 -1 43 -1 24 -1 8 -1 26 -1 4 -1 27 -1 29 -1 37 -1 56 -1 44 -1 45 -1 114 -1 117 -1 143 -1 35 -1 144 -1 50 -1 57 -1 245 -1 42 -1 246 -1 12 -1 21 -1 253 -1 -2
1 -1 29 -1 39 -1 8 -1 22 -1 9 -1 49 -1 31 -1 26 -1 19 -1 27 -1 68 -1 32 -1 40 -1 78 -1 21 -1 79 -1 55 -1 114 -1 24 -1 41 -1 117 -1 118 -1 45 -1 132 -1 43 -1 44 -1 136 -1 28 -1 143 -1 23 -1 42 -1 144 -1 246 -1 253 -1 33 -1 -2
1 -1 34 -1 47 -1 8 -1 26 -1 9 -1 55 -1 21 -1 35 -1 41 -1 10 -1 27 -1 62 -1 11 -1 33 -1 36 -1 51 -1 60 -1 68 -1 37 -1 78 -1 24 -1 79 -1 64 -1 113 -1 30 -1 45 -1 114 -1 117 -1 118 -1 65 -1 136 -1 246 -1 23 -1 253 -1 -2
5 -1 1 -1 39 -1 67 -1 68 -1 8 -1 60 -1 9 -1 44 -1 14 -1 57 -1 17 -1 40 -1 18 -1 64 -1 24 -1 45 -1 52 -1 26 -1 38 -1 27 -1 59 -1 114 -1 132 -1 54 -1 56 -1 143 -1 144 -1 61 -1 174 -1 50 -1 246 -1 12 -1 37 -1 253 -1 43 -1 -2
4 -1 8 -1 52 -1 64 -1 110 -1 1 -1 53 -1 111 -1 124 -1 21 -1 78 -1 83 -1 22 -1 66 -1 24 -1 45 -1 26 -1 46 -1 67 -1 27 -1 100 -1 72 -1 69 -1 89 -1 79 -1 101 -1 120 -1 65 -1 132 -1 5 -1 7 -1 33 -1 39 -1 84 -1 86 -1 119 -1 136 -1 41 -1 62 -1 117 -1 141 -1 123 -1 127 -1 143 -1 10 -1 32 -1 40 -1 63 -1 87 -1 118 -1 121 -1 170 -1 70 -1 81 -1 177 -1 88 -1 179 -1 82 -1 181 -1 189 -1 190 -1 91 -1 245 -1 58 -1 99 -1 105 -1 249 -1 20 -1 253 -1 90 -1 -2
5 -1 9 -1 84 -1 8 -1 1 -1 105 -1 14 -1 17 -1 19 -1 45 -1 66 -1 39 -1 18 -1 27 -1 75 -1 44 -1 63 -1 22 -1 33 -1 34 -1 26 -1 10 -1 20 -1 35 -1 29 -1 48 -1 65 -1 42 -1 36 -1 74 -1 113 -1 85 -1 118 -1 132 -1 67 -1 68 -1 143 -1 6 -1 69 -1 72 -1 144 -1 170 -1 40 -1 60 -1 173 -1 177 -1 179 -1 61 -1 180 -1 181 -1 64 -1 189 -1 190 -1 245 -1 76 -1 81 -1 87 -1 95 -1 249 -1 16 -1 23 -1 253 -1 -2
5 -1 6 -1 83 -1 8 -1 1 -1 9 -1 101 -1 14 -1 16 -1 17 -1 43 -1 65 -1 37 -1 18 -1 24 -1 74 -1 19 -1 15 -1 63 -1 22 -1 30 -1 31 -1 26 -1 32 -1 27 -1 73 -1 35 -1 39 -1 46 -1 88 -1 97 -1 36 -1 66 -1 44 -1 61 -1 78 -1 38 -1 79 -1 70 -1 113 -1 132 -1 64 -1 136 -1 143 -1 144 -1 170 -1 173 -1 10 -1 181 -1 62 -1 189 -1 190 -1 245 -1 86 -1 93 -1 249 -1 20 -1 253 -1 -2
5 -1 1 -1 58 -1 9 -1 75 -1 14 -1 37 -1 40 -1 72 -1 76 -1 17 -1 33 -1 59 -1 18 -1 44 -1 82 -1 19 -1 34 -1 26 -1 27 -1 56 -1 43 -1 113 -1 117 -1 132 -1 45 -1 46 -1 78 -1 80 -1 136 -1 12 -1 143 -1 47 -1 144 -1 64 -1 173 -1 177 -1 181 -1 38 -1 189 -1 30 -1 190 -1 245 -1 22 -1 25 -1 73 -1 246 -1 48 -1 54 -1 247 -1 253 -1 41 -1 -2
4 -1 1 -1 44 -1 8 -1 77 -1 80 -1 9 -1 55 -1 20 -1 26 -1 49 -1 24 -1 17 -1 61 -1 63 -1 2 -1 18 -1 57 -1 27 -1 70 -1 31 -1 15 -1 35 -1 69 -1 36 -1 25 -1 52 -1 59 -1 60 -1 113 -1 81 -1 117 -1 132 -1 51 -1 53 -1 141 -1 79 -1 143 -1 50 -1 75 -1 144 -1 153 -1 23 -1 245 -1 14 -1 73 -1 253 -1 -2
1 -1 109 -1 110 -1 2 -1 34 -1 37 -1 4 -1 53 -1 72 -1 5 -1 10 -1 21 -1 8 -1 22 -1 38 -1 101 -1 9 -1 86 -1 14 -1 66 -1 75 -1 17 -1 59 -1 18 -1 81 -1 19 -1 24 -1 87 -1 90 -1 26 -1 30 -1 76 -1 27 -1 93 -1 114 -1 132 -1 6 -1 143 -1 12 -1 144 -1 78 -1 170 -1 56 -1 177 -1 64 -1 179 -1 60 -1 181 -1 69 -1 189 -1 190 -1 245 -1 25 -1 84 -1 100 -1 253 -1 74 -1 -2
1 -1 71 -1 73 -1 4 -1 9 -1 30 -1 8 -1 53 -1 37 -1 14 -1 42 -1 68 -1 17 -1 36 -1 18 -1 20 -1 45 -1 67 -1 24 -1 26 -1 5 -1 27 -1 63 -1 65 -1 62 -1 114 -1 117 -1 132 -1 70 -1 143 -1 66 -1 144 -1 49 -1 58 -1 245 -1 44 -1 48 -1 246 -1 29 -1 253 -1 33 -1 -2
2 -1 59 -1 62 -1 4 -1 1 -1 21 -1 8 -1 52 -1 9 -1 27 -1 10 -1 13 -1 16 -1 17 -1 18 -1 25 -1 23 -1 22 -1 41 -1 48 -1 26 -1 14 -1 35 -1 30 -1 54 -1 120 -1 132 -1 50 -1 51 -1 133 -1 6 -1 143 -1 7 -1 144 -1 177 -1 181 -1 189 -1 190 -1 245 -1 32 -1 34 -1 246 -1 3 -1 253 -1 12 -1 24 -1 -2
1 -1 62 -1 65 -1 4 -1 22 -1 8 -1 49 -1 9 -1 28 -1 19 -1 44 -1 57 -1 24 -1 11 -1 21 -1 26 -1 7 -1 38 -1 27 -1 63 -1 36 -1 114 -1 23 -1 117 -1 132 -1 59 -1 61 -1 143 -1 144 -1 245 -1 34 -1 37 -1 41 -1 53 -1 246 -1 10 -1 253 -1 -2
