50	98	0.8	62	15	46	0.5
50	104	0.7	57	16	51	1.9
52	101	0.7	57	15	53	0.4
49	96	0.7	58	15	49	0.5
49	94	0.7	59	15	50	1.4
48	97	0.7	62	15	47	1.3
48	97	0.7	58	15	50	1.3
48	97	0.7	59	15	51	0.2
52	98	0.7	60	16	50	1.3
48	94	0.8	58	15	52	1.2
48	93	0.7	57	15	54	1.7
45	93	0.7	57	15	52	2.7
49	97	0.7	56	15	53	1.2
44	88	0.7	58	15	50	2.1
44	89	0.7	57	15	50	1.1
44	91	0.7	53	15	56	2.1
47	94	0.7	53	15	56	0.5
42	85	0.7	55	15	57	0.9
44	89	0.7	54	15	55	0.7
44	92	0.7	55	15	55	1.4
41	85	0.7	54	15	57	0.8
46	91	0.7	50	15	58	0.6
42	87	0.7	50	15	59	1
43	87	0.7	55	16	59	0.9
41	83	0.8	55	15	56	2
41	81	0.7	46	15	58	0.7
40	83	0.8	52	15	59	1.4
40	81	0.7	53	15	58	1.7
41	83	0.8	46	16	60	0.8
40	79	0.8	45	15	64	1.2
40	79	0.8	50	15	62	1
39	79	0.7	53	15	59	1.8
40	79	0.7	50	16	63	0.8
40	83	0.7	45	15	62	1.4
40	83	0.8	44	16	65	2.5
42	84	0.7	43	16	68	1.2
41	84	0.8	43	15	67	1.2
40	81	0.8	44	16	68	1.4
41	84	0.7	45	15	66	1.4
41	87	0.8	44	15	70	0.6
42	87	0.7	42	15	69	2
40	84	0.7	42	15	69	0.4
40	83	0.7	42	15	72	0.8		41	83	0.7	45	15	72	1.1
41	84	0.7	48	14	67	2.1
42	85	0.8	50	16	65	1.3
46	91	0.8	43	16	67	1.4
46	89	0.7	41	16	70	1.5
43	84	0.8	40	15	74	1.2
41	81	0.8	37	15	75	1.6
42	89	0.8	37	15	76	1.8
42	89	0.8	35	15	76	1.5
42	87	0.8	36	15	77	0.9
40	83	0.8	36	15	77	1.8
44	88	0.8	40	15	74	0.7
43	85	0.8	41	15	73	1.2
44	92	0.8	41	15	70	1.9
43	84	0.8	39	16	72	1.7
43	89	0.7	41	14	72	0.6
43	87	0.7	41	15	71	1.2
44	89	0.8	41	15	72	1.3
45	91	0.7	40	14	73	1
44	93	0.8	45	15	71	0.9
51	97	0.7	45	15	71	1
44	89	0.7	45	15	70	1.2
48	93	0.7	52	16	61	1.4
48	93	0.7	53	15	61	1.3
46	91	0.7	54	15	62	1.5
50	96	0.8	52	15	63	0.8
48	93	0.8	54	16	60	1.4
48	94	0.8	54	16	60	0.8
42	85	0.7	46	15	63	1.6
43	89	0.7	45	16	67	0.9
43	87	0.8	47	15	63	1.2
42	85	0.8	46	15	65	0.9
43	84	0.7	40	15	75	1
42	83	0.7	41	15	75	0.3
42	87	0.8	46	15	70	1
43	88	0.7	47	15	69	0.6
40	80	0.7	42	15	70	0.5
41	83	0.7	47	15	68	0.7
39	78	0.7	48	15	66	1.1
39	79	0.8	42	15	70	0.9
37	75	0.8	43	15	71	0.8
38	75	0.8	43	15	71	0.3
36	68	0.7	37	15	76	1.8
36	74	0.7	33	14	78	1
39	79	0.7	39	15	79	1.1
39	81	0.7	44	15	75	1.2
44	89	0.8	52	15	67	1.4
45	91	0.7	52	15	66	1.3
43	88	0.7	51	15	66	1.3
45	91	0.8	53	15	66	0.4
48	92	0.8	58	16	60	0.6
47	91	0.7	57	16	60	1.9
45	92	0.7	59	15	63	0.7
48	96	0.8	63	14	59	3.8
46	91	0.8	59	14	60	2.1
49	96	0.8	58	15	58	0.8
50	94	0.7	57	15	58	1.8
53	98	0.8	58	16	56	0.5
48	97	0.8	58	15	59	0.8
49	94	0.8	59	16	60	1.2
48	92	0.8	69	15	54	0.5
48	93	0.8	63	15	55	1.2
48	96	0.8	60	15	56	0.7
53	98	0.7	60	15	61	1.2
50	97	0.7	61	16	58	1
52	94	0.7	58	15	60	0.9
55	100	0.7	56	16	63	0.7
55	102	0.8	57	15	65	0.7
49	97	0.7	63	15	56	1.8
50	93	0.7	61	15	57	0.4
53	98	0.8	60	14	59	1
52	97	0.8	60	15	61	1
52	96	0.7	68	16	56	1.3
49	93	0.7	66	15	56	0.8
52	98	0.8	66	14	54	0.8
52	96	0.7	61	14	58	1.7
51	96	0.8	57	15	64	0.8
54	101	0.7	60	15	67	0.9
47	93	0.7	59	15	60	0.7
49	94	0.7	59	16	61	1.3
46	89	0.7	56	15	65	1.1
46	93	0.7	53	14	66	2.6
48	93	0.7	57	15	64	1.2
48	93	0.7	55	14	63	0.3
48	97	0.7	57	15	66	0.6
44	89	0.7	62	15	65	0.3
48	94	0.7	63	15	61	0.9
51	98	0.7	61	16	60	0.8
48	93	0.7	60	16	62	0.7
48	96	0.7	59	16	64	0.6
51	100	0.7	61	16	60	1.2
52	97	0.7	62	15	59	0.5
52	98	0.7	69	14	60	0.6
51	100	0.7	71	15	56	0.3
52	98	0.7	64	15	54	0.4
50	97	0.7	66	15	56	1.3
52	96	0.8	57	16	63	1
43	88	0.8	55	17	65	0.5
48	94	0.7	54	15	66	2.1
47	93	0.8	53	15	67	0.5
48	93	0.7	56	16	64	1
51	98	0.7	53	16	65	1.1
48	94	0.7	55	16	68	0.6
47	94	0.8	58	15	64	0.9
51	96	0.7	62	15	61	0.5
46	94	0.7	63	15	58	0.5
52	97	0.8	59	15	62	0.9
47	94	0.7	61	15	62	1
51	102	0.7	61	16	59	0.5
48	93	0.7	61	16	60	1
51	97	0.7	62	16	58	1.5
50	98	0.7	60	16	60	0.8
50	98	0.7	59	15	60	0.4
51	101	0.7	65	15	54	0.8
50	98	0.7	66	15	54	0.6
49	96	0.7	79	15	44	0.8
51	97	0.7	80	15	39	0.6
52	100	0.7	75	14	42	0.7
56	102	0.7	76	15	44	0.5
56	102	0.7	78	16	42	0.4
53	104	0.7	81	15	41	0.6
52	98	0.8	84	15	67	0.7
46	91	0.7	82	15	75	1.3
44	96	0.8	74	15	47	0.6
46	91	0.8	77	15	42	0.6
44	92	0.7	79	16	42	0.7
45	93	0.7	78	16	40	0.2
44	91	0.7	88	15	69	0.9
44	88	0.7	85	15	87	0.5
44	88	0.8	84	16	112	0.4
47	92	0.8	85	15	114	0.4
56	105	0.7	80	16	116	0.5
49	97	0.7	58	16	117	0.2
49	101	0.7	32	15	112	1.1
44	88	0.8	84	15	115	0.7
44	91	0.8	98	15	114	0.5
46	91	0.8	97	15	114	0.7
45	89	0.7	75	16	116	0.4
45	91	0.7	54	16	114	0.8
44	89	0.7	85	16	116	0.5
44	92	0.8	80	16	115	0.6
44	92	0.7	96	15	111	0.4
48	96	0.8	69	15	110	0.3
49	97	0.7	40	16	113	0.4
52	98	0.7	68	15	114	0.4
54	104	0.7	97	16	114	0.2
51	101	0.7	38	15	114	0.2
49	97	0.7	35	16	111	0.7
53	100	0.7	100	16	112	0.2
49	96	0.7	53	15	108	0.3
48	96	0.7	100	16	109	0.3
48	96	0.8	94	15	111	0.3
52	98	0.8	89	15	112	0.6
47	93	0.8	95	15	108	0.5
46	92	0.8	95	16	110	0.4
45	92	0.8	93	17	113	0.6
48	96	0.8	93	16	113	0.8
52	100	0.7	92	16	112	0.9
46	91	0.8	93	16	113	0.8
48	96	0.7	91	15	112	0.7
47	94	0.8	92	17	111	0.7
47	97	0.8	95	15	113	0.6
48	97	0.7	97	16	113	0.5
52	101	0.7	91	16	112	0.6
55	106	0.7	96	17	110	0.3
48	98	0.8	95	16	111	0.8
52	100	0.8	93	16	110	0.2
53	101	0.8	95	16	107	0.1
50	98	0.7	93	16	105	0.3
48	97	0.7	89	16	109	0.4
54	104	0.8	97	16	108	0.4
49	97	0.7	100	16	106	0.5
52	100	0.7	99	16	107	0.4
52	98	0.7	93	16	108	0.3
52	101	0.7	91	16	108	0.2
52	100	0.8	93	16	106	0.7
52	101	0.7	92	17	109	0.8
57	109	0.7	91	16	107	0.2
48	96	0.8	92	16	106	0.2
50	98	0.7	88	16	110	0.3
48	97	0.7	89	16	109	0.2
55	102	0.8	93	17	108	0.5
50	100	0.8	90	17	108	0.3
52	100	0.8	92	16	112	0.3
59	109	0.8	100	17	112	0.3
50	97	0.8	95	16	109	0.7
59	104	0.7	31	16	107	0.3
56	104	0.7	43	16	106	0.3
52	104	0.8	97	16	105	0.1
56	105	0.8	72	16	107	0.1
57	105	0.8	78	17	114	0.3
56	104	0.8	48	17	111	0.4
56	105	0.8	43	17	111	0.3
56	104	0.8	42	17	110	0.4
60	106	0.8	91	18	112	0.3
60	109	0.8	44	17	110	0.1
59	106	0.8	91	17	111	0.1
60	109	0.8	92	17	105	0.3
58	105	0.8	83	17	101	0.2
60	109	0.8	94	18	103	0.1
60	109	0.8	69	17	105	0.3
63	111	0.8	83	17	111	0.8
60	115	0.8	52	17	109	0.4
65	114	0.8	86	17	109	0.5
59	106	0.8	39	17	108	0.2
63	111	0.8	79	17	111	0.4
63	110	0.8	79	17	110	0.5
63	110	0.8	79	17	108	0.2
58	106	0.8	88	17	107	0.5
64	113	0.8	37	17	108	0.4
58	106	0.8	81	17	107	0.3
61	110	0.8	70	17	106	0.4
60	111	0.8	53	17	105	0.4
60	110	0.8	66	17	106	0.4
60	107	0.8	66	17	105	0.3
60	109	0.8	32	17	108	0.4
58	107	0.8	79	17	106	0.2
61	109	0.8	84	17	111	0.3
59	109	0.8	36	17	108	0.4
57	106	0.8	84	17	109	0.4
60	110	0.8	79	17	108	0.5
59	109	0.8	48	17	108	0.3
61	109	0.8	63	17	108	0.3
67	115	0.8	66	17	109	0.5
60	109	0.8	85	16	107	0.4
64	114	0.8	83	17	109	0.3
63	111	0.8	46	16	108	0.7
64	111	0.8	38	16	108	0.8
69	119	0.7	31	16	107	1
68	126	0.8	93	17	104	0.6
63	114	0.8	88	16	106	1.3
68	127	0.8	84	16	108	1
72	123	0.8	84	16	103	0.6
73	127	0.8	85	16	102	0.9
70	124	0.8	80	16	101	0.9
72	128	0.8	79	16	101	0.4
70	123	0.7	77	16	103	0.4
68	126	0.7	78	16	104	1
68	122	0.8	78	15	104	0.9
70	119	0.8	77	16	103	0.4
76	136	0.7	77	16	102	0.6
70	122	0.8	76	16	101	0.7
69	123	0.8	78	16	101	0.3
72	133	0.8	78	16	104	0.8
72	133	0.8	76	16	103	0.6
72	127	0.8	75	16	101	0.3
71	120	0.7	73	16	100	0.3
66	118	0.7	72	16	102	0.7
68	122	0.7	72	17	101	0.8
68	128	0.8	72	16	101	1
68	122	0.8	72	16	101	0.6
73	133	0.7	73	16	101	0.5
73	130	0.8	75	16	100	0.9
73	137	0.8	75	16	100	1.2
76	133	0.8	76	16	100	1.2
70	124	0.7	74	16	101	0.9
79	137	0.8	75	16	99	0.4
74	135	0.7	75	16	99	0.8
69	123	0.7	82	16	102	0.2
79	137	0.8	75	15	100	0.7
76	135	0.8	73	16	101	0.4
73	126	0.7	72	16	101	0.9
70	118	0.8	76	15	100	0.9
76	135	0.7	74	16	101	1.3
68	123	0.7	71	16	101	1.3
73	143	0.8	66	16	89	1.3
75	130	0.8	66	16	76	0.8
74	135	0.7	68	16	96	0.7
71	124	0.7	69	15	100	1.1
77	137	0.8	70	16	100	0.4
73	130	0.7	70	15	100	0.7
73	132	0.8	69	16	101	0.6
73	131	0.7	68	15	100	0.2
72	132	0.7	70	15	99	1
73	137	0.7	69	15	99	0.5
76	130	0.7	73	15	99	0.3
73	127	0.8	75	16	98	0.8
73	130	0.8	73	17	99	1
72	132	0.7	74	16	100	1
76	140	0.7	73	15	99	0.5
75	132	0.8	73	15	99	0.4
71	126	0.7	74	16	99	0.5
74	132	0.7	73	16	99	0.7
75	139	0.7	72	16	96	1.2
75	128	0.8	70	17	98	0.7
69	127	0.8	69	16	98	0.4
76	135	0.7	72	16	98	0.6
74	140	0.8	71	16	98	0.8
72	130	0.8	71	14	98	1.9
74	132	0.7	70	15	100	1.6
73	132	0.8	69	15	100	0.3
68	122	0.7	69	16	99	1.8
76	130	0.7	69	15	100	0.9
71	123	0.8	68	17	100	2.7
70	127	0.8	65	15	92	0.9
69	124	0.7	67	15	99	0.5
70	124	0.8	67	16	100	0.8
70	124	0.8	69	15	99	0.5
77	140	0.8	67	15	99	0.7
75	136	0.8	67	16	99	1.7
70	118	0.7	66	16	100	0.9
73	132	0.7	65	15	98	0.6
72	133	0.7	68	16	98	0.4
68	123	0.7	69	16	98	0.4
71	128	0.7	67	15	97	1.5
72	127	0.7	67	15	97	0.7
70	120	0.7	68	16	99	0.4
75	133	0.7	69	16	98	0.9
73	130	0.8	70	16	98	0.8
75	136	0.8	69	16	98	0.4
69	127	0.7	71	16	98	0.3
73	124	0.7	70	16	98	0.4
71	126	0.8	69	17	99	0.7
76	137	0.8	67	17	99	0.8
68	115	0.7	67	16	92	0.9
71	124	0.7	67	16	97	0.8
71	128	0.8	68	15	99	0.5
72	128	0.8	68	16	99	0.6
77	136	0.7	69	15	98	0.3
71	127	0.7	67	15	98	0.7
71	131	0.7	67	15	98	0.3
66	119	0.7	66	15	98	0.4
66	122	0.7	61	16	74	0.9
68	117	0.7	65	16	65	0.4
66	115	0.7	69	15	97	1.1
63	115	0.7	64	16	91	0.6
61	110	0.7	67	15	57	0.7
59	109	0.7	65	15	60	0.5
62	110	0.8	63	16	50	0.5
67	122	0.7	62	16	43	0.5
67	115	0.8	62	16	49	0.7
60	113	0.8	62	15	94	0.3
60	111	0.7	61	16	78	0.8
62	115	0.7	62	16	59	0.8
57	109	0.8	58	15	43	0.5
57	106	0.7	60	14	46	0.3
59	107	0.7	62	15	49	0.5
60	111	0.7	62	15	42	1.3
55	104	0.7	61	15	46	1
57	113	0.8	60	15	40	0.3
56	109	0.7	61	16	45	0.3
53	104	0.7	63	15	57	0.4
56	104	0.7	62	15	48	0.2
54	104	0.7	58	16	49	0.7
55	105	0.7	56	15	46	0.4
57	110	0.7	60	16	39	0.2
55	106	0.7	60	16	40	0.5
51	100	0.8	58	15	39	0.2
48	100	0.7	60	15	39	0.5
54	104	0.7	55	14	39	0.5
52	105	0.7	55	15	41	0.7
49	101	0.7	52	15	42	0.3
46	93	0.8	55	16	42	0.8
49	97	0.7	54	15	42	0.4
48	94	0.7	56	15	40	0.6
48	96	0.7	56	15	41	0.9
51	101	0.8	56	16	41	0.7
44	91	0.7	59	15	38	0.3
48	96	0.7	59	16	38	0.4
45	91	0.7	59	15	38	0.8
45	92	0.7	59	15	40	0.9
45	93	0.7	54	15	41	0.3
44	87	0.7	55	15	42	0.9
45	91	0.7	60	15	42	0.7
45	91	0.7	59	15	41	0.2
44	88	0.7	57	15	39	0.4
45	92	0.7	56	14	38	0.7
46	94	0.8	53	15	45	0.3
43	87	0.7	55	15	44	0.2
48	100	0.7	61	15	45	0.7
48	102	0.7	60	16	45	0.9
44	91	0.7	56	16	38	0.8
48	101	0.7	56	15	40	0.6
44	89	0.7	51	16	43	0.2
44	88	0.7	53	15	44	0.6
41	84	0.7	54	15	42	0.6
44	93	0.7	54	15	43	1.3
43	91	0.7	54	16	42	1.7
44	93	0.7	62	15	43	0.2
41	81	0.7	60	15	71	0.2
41	88	0.7	59	15	53	0.6
42	84	0.7	60	14	43	0.6
40	81	0.7	55	16	40	0.7
43	89	0.7	57	15	42	0.5
40	80	0.7	52	15	44	1
44	88	0.7	51	15	47	0.8
40	79	0.7	50	15	47	0.3
40	85	0.7	49	15	48	0.5
39	80	0.7	54	15	44	0.2
38	75	0.7	54	16	43	0.5
40	85	0.7	56	15	46	0.5
40	80	0.7	54	15	45	0.7
41	87	0.7	55	15	42	1.6
40	83	0.7	54	15	43	1.8
40	87	0.7	48	14	46	0.7
38	78	0.7	49	14	47	0.3
42	84	0.8	58	15	42	0.3
43	88	0.7	57	16	41	0.7
41	83	0.7	54	15	42	0.4
41	87	0.7	56	15	42	2.1
42	89	0.7	56	15	44	0.8
44	87	0.7	57	15	43	0.3
44	92	0.7	56	16	39	1
43	87	0.7	53	15	40	2.3
44	88	0.7	51	15	42	0.7
42	84	0.7	51	15	44	0.5
44	88	0.7	50	16	45	0.8
43	87	0.7	51	15	46	0.5
43	88	0.7	61	16	40	0.4
44	89	0.7	66	15	46	0.3
44	91	0.7	64	15	75	0.4
43	85	0.7	63	16	85	0.3
43	88	0.7	63	16	79	1.2
43	87	0.7	59	15	46	0.5
44	89	0.7	60	15	50	0.6
45	96	0.6	60	15	67	0.2
45	91	0.7	68	14	88	0.2
45	92	0.7	52	15	60	0.2
45	93	0.7	51	16	47	0.3
44	91	0.7	50	16	41	0.4
44	91	0.7	49	16	46	0.8
44	93	0.7	51	16	46	0.9
46	96	0.7	49	16	44	0.4
45	89	0.8	46	16	44	0.2
45	93	0.7	50	15	40	0.1
46	97	0.7	52	16	40	0.2
49	100	0.7	52	16	47	1.1
49	98	0.7	57	14	43	0.4
52	101	0.7	57	16	68	0.5
53	105	0.7	57	15	78	0.3
57	107	0.7	62	16	91	0.5
63	109	0.8	64	16	91	0.5
55	106	0.7	72	15	90	1
61	111	0.7	69	15	91	1.3
61	111	0.7	71	16	90	0.6
64	114	0.7	72	15	90	0.6
65	118	0.7	75	16	90	1.3
72	126	0.7	74	16	90	0.9
64	115	0.7	72	16	90	1
64	114	0.7	71	16	90	0.8
72	127	0.7	72	16	90	0.3
68	123	0.8	72	15	89	0.3
68	122	0.7	71	15	90	0.2
68	122	0.7	73	15	89	0.3
67	120	0.8	74	16	90	1
69	122	0.7	73	16	90	0.6
68	123	0.8	72	17	90	0.4
65	117	0.7	74	16	91	0.3
60	114	0.7	74	16	89	0.2
65	117	0.7	77	16	90	0.9
67	114	0.7	73	15	91	0.5
66	123	0.7	74	15	91	0.5
72	123	0.7	75	14	91	0.6
68	119	0.7	73	15	90	0.3
71	128	0.7	73	15	90	0.3









