-0.7	-1.4	1.7	1.2	-2.7	1.8	3.2	2.4	1.3	0.6	-0.5	-0.6	-1.4	-0.8	-0.3	-0.2	-0.6	-0.2	0.1	0.1	4.1	4.9	16.5	10.3	1.5	1.5	2.7	1.8	1.6	0.1
-1.3	-2.3	-3.9	0.3	-3.2	2	3.9	2.3	1.4	0.4	0.1	0	0.9	-0.1	0	0.1	0.2	0.2	0.2	0	4.6	5.5	18.1	11.2	1.8	1.4	2.6	1.8	1.6	0
-1.3	-2.5	-6.7	1.2	-3.5	2.2	4.6	2.5	1.6	0.2	0.2	0.1	1	-0.1	0.1	0.5	0.6	0.5	0.3	0.7	5.2	6.4	20.8	12.4	2.4	1.4	2.5	1.7	1.6	0
0.9	0.6	3.5	5.8	-1.9	1.8	4.1	2.3	1.6	-0.6	-0.1	-0.2	-0.8	0.1	-0.3	0.1	0.3	0.3	0	0	5.9	7.4	24.9	13.8	3.1	1.3	2.3	1.6	1.6	-0.1
2.3	2.4	10.1	7.8	-0.7	1.6	3.7	2.2	1.5	-0.6	-1.2	-1.6	-4.5	-2.4	-0.9	-0.1	0	0.3	0	-0.4	6.6	8.3	28.1	14.9	3.7	1.2	2	1.5	1.6	0
4.2	5	18.8	11.4	0.9	1.7	3.7	2.1	1.5	-0.3	-1.3	-1.7	-1.9	-2.5	-1.3	0.2	0.6	0.1	-0.3	0.2	7.2	9.2	31	15.9	4.3	1.2	1.8	1.4	1.6	0.1
6.1	7.5	27.3	15.2	2.4	1.7	3.2	2.3	1.9	-0.2	0	-0.1	1.9	0.3	-0.4	0.3	0.5	0.7	0.1	-0.1	7.7	9.9	33.4	16.7	4.9	1.1	1.5	1.3	1.6	0.2
6.4	8.1	29.7	15.1	3.2	1.2	2.2	1.2	1.5	-0.1	0.1	0.1	-0.1	0.1	0.1	0.3	0.6	0.5	0.2	0.1	8.1	10.4	34.7	17	5.4	0.9	1.1	1.1	1.6	0.3
8	10.3	38.3	17.4	4.8	1	1.6	0.7	1.8	-0.1	0.6	0.8	2	1.4	0.4	0.2	0.4	0	0.2	0	8.5	11	36.1	17.6	6	0.9	0.8	1.1	1.6	0.3
8.3	10.7	38	16.7	5.7	0.9	0.8	0.8	1.9	0.3	1.1	1.4	4.8	2.9	0.4	0.2	0.5	-0.2	0.4	0	8.7	11.3	35.3	17.6	6.4	0.9	0.6	1.2	1.6	0.5
8.8	11.4	33	17.9	6.6	0.9	0.5	1.4	1.5	0.7	0.5	0.7	1.3	1.9	0.1	0.1	0.2	-0.1	0.2	-0.1	8.9	11.6	34	18.1	6.8	0.8	0.5	1.4	1.4	0.6
9.1	11.8	35	18.2	7	0.8	0.5	1.4	1.3	0.6	-0.2	-0.2	-1.3	0.6	-0.5	0	-0.1	0.2	0.1	0.2	9.1	11.8	35	18.2	7	0.8	0.5	1.4	1.3	0.6
10.3	13.4	44.2	19.7	8.2	1	1.4	1	1.4	0.4	-1.2	-1.6	-6.8	-1.7	-0.9	0	0.1	-0.3	0.1	-0.1	8.1	10.7	34.4	15.8	6.6	0.4	1.4	-0.2	0.5	-0.6
12.9	17	60.5	25	10.1	1	1.6	1.2	1.4	0.1	0	-0.1	-2.1	0.9	-0.3	0.4	0.8	0.4	0.4	-0.2	7.9	10.4	33.5	15.4	6.5	0.3	1.4	-0.3	0.4	-0.7
13.5	17.9	66.5	25.7	10.8	0.6	1	0.8	0.8	-0.1	2.5	3.3	12.1	4.4	1.8	0.1	0.2	0.3	0.3	-0.2	7.3	9.8	30.7	14.5	6.1	0.2	1.4	-0.5	0.3	-0.8
10.7	14.2	49.4	20.4	8.9	0.4	0.7	0.4	0.4	0.2	1.2	1.5	5.5	1.9	0.9	0	-0.1	0.2	-0.1	0	6.7	8.9	26.7	13.2	5.6	0.2	1.5	-0.6	0.2	-0.8
9.5	12.7	41.8	18.3	8	0.3	0.9	0	0.1	-0.1	0.7	0.9	3	0.9	0.7	0	0	0.3	0	-0.2	6.2	8.2	23.9	12.3	5.2	0.2	1.6	-0.7	0.2	-1
9	12	38.7	17.9	7.5	0.3	1	-0.4	0.5	-0.3	0.5	0.6	5.2	0.8	0.1	0.1	0	0.2	0	0.2	5.7	7.6	21.4	11.5	4.8	0.2	1.6	-0.8	0.2	-1.1
8.8	11.8	35.1	18	7.4	0.3	1.4	-0.8	0.3	-0.6	0.3	0.5	3.9	0.2	0.3	-0.2	-0.5	-0.3	-0.2	0.1	5.1	6.8	18.5	10.4	4.3	0.1	1.8	-0.9	0.2	-1.2
9	12	36.4	18.8	7.4	0.5	2.2	-0.6	0.5	-0.8	1.6	2.1	6.5	2.1	1.7	0.1	0	0	0.4	0.1	4.4	5.8	15.4	9	3.7	0.1	1.8	-0.9	0.2	-1.3
6.8	9.1	24.9	15.2	5.4	0.3	1.8	-0.6	0.3	-0.9	0.9	1.2	1.8	0.8	1.3	0.1	-0.3	0.2	0.3	0.4	3.3	4.4	10.7	6.7	2.8	0	1.7	-1	0.1	-1.5
4.4	5.8	12.3	10.1	3.4	0.1	2	-0.8	0	-1.4	1.6	2	1	3.9	1.3	0.2	0.2	0.3	0	0.3	2.1	2.8	6.6	4	2	-0.1	1.7	-1.1	0	-1.7
1.7	2.3	6.8	2.9	1.7	-0.2	1.6	-1.3	-0.1	-1.8	0.8	1.1	2.8	2.1	0.4	0	0.2	0	0	-0.2	1	1.4	3.9	1	1.3	-0.2	1.6	-1.3	0	-1.8
0.3	0.5	1	-0.8	1	-0.2	1.6	-1.3	0	-1.8	1	1.2	5.5	1.8	0.7	0.2	0.7	-0.2	0.1	-0.1	0.3	0.5	1	-0.8	1	-0.2	1.6	-1.3	0	-1.8
-0.4	-0.5	-0.4	-1.6	0	-0.4	0.9	-1.8	-0.4	-1.8	1.1	1.4	3.3	2.6	0.8	0.1	0.5	-0.2	0	-0.3	-1.8	-2.7	-5.2	-5.6	-1.3	0.5	2.9	-1	-0.3	-1.8
-1.5	-1.8	-3.6	-4.2	-0.8	-0.8	0.1	-1.8	-0.5	-1.8	0.5	0.7	0.8	1.5	0.4	0.1	0.3	0	0	-0.2	-2	-2.9	-5.7	-5.9	-1.4	0.5	3.1	-1	-0.3	-1.8
-2.1	-2.7	-5.1	-6	-1.2	-0.5	0.8	-1.7	-0.7	-1.8	0	0.1	-0.1	0.2	0	-0.1	-0.2	-0.1	-0.1	0	-2	-3	-5.9	-6.1	-1.5	0.7	3.4	-0.9	-0.3	-1.8
-2.1	-2.8	-4.8	-6.2	-1.3	-0.1	2.1	-1.7	-0.8	-1.9	0.1	0.2	0.6	0.3	0.1	-0.1	0	-0.2	-0.1	-0.3	-2	-3	-6	-6.1	-1.5	0.8	3.7	-0.8	-0.3	-1.8
-2	-3	-5.8	-6.4	-1.4	0.6	3.1	-1.3	-0.4	-1.5	0.3	0.4	1.6	0.5	0.2	0.1	0.2	-0.2	0.5	-0.4	-2	-3	-6.1	-6.1	-1.6	0.9	3.9	-0.7	-0.2	-1.8
-2.4	-3.5	-7.1	-6.9	-1.8	0.7	3.7	-1.1	-0.8	-1.6	0.4	0.5	3.1	0.9	0.1	0.1	0.6	-0.3	-0.2	0	-2	-3	-6.1	-6.1	-1.6	1	4	-0.6	-0.2	-1.9
-3	-4.2	-10.5	-8.5	-2	0.6	3.2	-0.8	-0.3	-1.8	0.4	0.5	4.9	0.7	0.2	0.1	0.3	-0.1	0	-0.1	-1.9	-3	-6	-5.9	-1.5	1	4.1	-0.5	-0.1	-1.9
-3.7	-5.1	-14.8	-9.9	-2.4	0.5	2.9	-0.6	-0.2	-1.7	-0.4	-0.5	-1.7	-1.1	-0.2	-0.3	-0.5	-0.1	-0.1	-0.2	-1.7	-2.7	-5	-5.4	-1.5	1.1	4.3	-0.5	0	-1.9
-3.1	-4.5	-11.6	-8.8	-2.2	0.9	3.7	-0.6	-0.1	-1.7	-1.3	-1.8	-7.2	-3.3	-0.7	-0.1	-0.1	-0.2	-0.1	-0.1	-1.2	-2.1	-2.5	-4.3	-1.2	1.2	4.6	-0.4	0	-2
-1.5	-2.4	-4	-5.2	-1.2	1.2	4.5	-0.5	0.1	-1.9	-1	-1.2	-3.5	-2.7	-0.5	-0.2	-0.3	-0.3	-0.2	-0.1	-0.6	-1.3	0.6	-2.7	-0.9	1.3	4.9	-0.4	0.1	-2
-0.4	-1	1.1	-2.2	-0.7	1.4	5.1	-0.3	0.1	-2	-0.5	-0.7	-2.3	-1.3	-0.3	0	0	-0.1	0.1	-0.2	-0.2	-0.7	2.9	-1.5	-0.7	1.4	5.1	-0.3	0.1	-2.1
0.1	-0.4	4.7	-0.8	-0.6	1.3	5.1	-0.3	0	-2.3	0	0	0.8	0.3	-0.1	0	0	0	-0.1	-0.1	0.1	-0.4	4.7	-0.8	-0.6	1.3	5.1	-0.3	0	-2.3
-0.5	-1.2	2.6	-2.6	-0.9	1.3	5	-0.1	0.1	-2.4	0	0	0.1	0	0.1	-0.2	-0.3	-0.2	-0.1	-0.3	-0.3	-0.8	2.4	-2.6	-0.3	0.9	2.7	1.1	0.4	-1.2
-1.4	-2.5	-1.4	-5	-1.6	1.6	5.4	0.3	0.1	-2.1	-0.1	-0.2	-0.8	-0.4	-0.1	0.3	1.1	0	-0.3	-0.2	-0.3	-0.7	2.3	-2.6	-0.3	0.9	2.4	1.2	0.4	-1.1
-1.6	-2.6	-1.9	-5.6	-1.5	1.4	4.4	0.6	0.4	-1.8	0.1	0	0.2	0	-0.1	0.3	1.1	0	-0.2	-0.1	-0.2	-0.5	2.7	-2.3	-0.1	0.8	2.1	1.3	0.5	-1
-1.2	-2	0.6	-4.8	-1.2	1.1	3.3	0.9	0.8	-1.8	0.1	0	-0.5	0	0	0.5	1	0.1	0.3	0.1	0	-0.3	3.3	-2	0	0.8	1.9	1.4	0.5	-1
-0.8	-1.3	2.8	-3.5	-0.8	0.7	2.6	0.9	0.6	-2	-0.1	-0.2	0.2	0	-0.3	0.2	0.8	0	0.1	-0.5	0.1	-0.1	3.6	-1.6	0.2	0.7	1.7	1.5	0.4	-0.8
-0.3	-0.7	3.2	-2.9	-0.2	0.8	2	1.3	0.8	-1.2	-0.2	-0.3	-0.7	-0.8	-0.1	0	0	0.1	0.2	-0.1	0.2	0.1	3.8	-1.3	0.3	0.7	1.6	1.6	0.4	-0.7
0	-0.3	4.5	-2.1	0	0.9	2.2	1.6	0.5	-0.9	-0.3	-0.4	-0.1	-1	-0.2	0	0	0	0.1	0	0.3	0.2	3.8	-1.1	0.4	0.7	1.5	1.6	0.3	-0.6
0.6	0.6	6.1	-0.6	0.5	0.9	2.2	1.5	0.4	-0.8	0.2	0.2	1.9	0.2	0	0.1	0.4	0	0.1	-0.2	0.4	0.3	3.7	-0.9	0.5	0.7	1.4	1.6	0.3	-0.5
0.9	0.9	5.3	0	0.9	0.9	1.9	1.7	0.3	-0.6	0.3	0.4	0.8	0.5	0.3	0.2	0.6	-0.1	0	-0.2	0.3	0.3	3.1	-0.9	0.5	0.6	1.2	1.6	0.3	-0.5
0.4	0.3	4.2	-0.6	0.4	0.5	1.2	1.7	0.3	-0.7	0.1	0.2	1.7	0.3	0	0	0.2	-0.1	-0.1	-0.2	0.2	0	2.4	-1.2	0.3	0.5	0.9	1.6	0.2	-0.4
0.1	-0.1	1.8	-1.5	0.3	0.4	0.8	1.6	0.2	-0.6	-0.1	0	1.1	0.1	-0.2	-0.1	0.1	-0.1	-0.1	-0.5	0.1	-0.1	1.5	-1.5	0.3	0.5	0.8	1.6	0.2	-0.3
0.1	-0.1	1.2	-1.6	0.3	0.6	0.8	1.6	0.3	0	-0.6	-0.8	-1.2	-1.5	-0.4	0	-0.1	0.2	0	-0.1	0.1	-0.1	1.2	-1.6	0.3	0.6	0.8	1.6	0.3	0
0.9	1	3.8	0.8	0.8	0.7	0.9	1.6	0.4	0.2	-1	-1.3	-3.9	-2.5	-0.6	0	0.1	0.2	-0.1	0	3.5	4.6	8.8	6.3	3.5	0.5	0.5	0.8	1	-0.2
2.7	3.3	9.2	4.6	2.2	0.8	1.1	1.5	0.8	0.1	-0.2	-0.3	-1.3	-1.1	0	0.2	0.2	0.4	0.1	0.1	3.8	4.9	9.3	6.9	3.7	0.5	0.5	0.7	1.1	-0.2
3.3	4.2	12.4	6.7	2.5	0.7	0.9	1.2	1	-0.1	0.4	0.6	2.8	0.9	0.2	0	-0.1	0.3	0.2	-0.2	3.9	5.1	9.3	7.1	3.9	0.4	0.4	0.6	1.1	-0.2
3.6	4.6	11.7	7.3	2.9	0.8	0.9	1.1	1.1	0.2	0.6	0.7	1.6	1.4	0.4	0.1	0.3	0	0.1	-0.1	4	5.2	9	7.1	4	0.4	0.4	0.6	1.1	-0.2
4.1	5.2	12.1	7.8	3.5	0.7	0.7	1.1	1.2	0.2	0.4	0.5	0.6	0.6	0.4	0.3	0.3	0.4	0.3	0.2	4	5.2	8.6	7.1	4.2	0.4	0.3	0.5	1.1	-0.3
4.6	6	13.4	9	4.1	0.6	0.7	0.7	1.1	-0.2	0.1	0.1	0.6	-0.1	0.1	0.2	0.2	0.4	-0.1	0.2	4	5.2	8.1	7	4.3	0.3	0.2	0.4	1.1	-0.4
4.7	6.1	11.5	8.8	4.6	0.4	0.7	0.3	1.1	-0.5	0.3	0.4	1.3	0.6	0.3	0	0.1	-0.1	0	0	3.9	5.1	7.3	6.7	4.3	0.3	0.2	0.4	1.1	-0.4
4.1	5.4	8.1	7.4	4.4	0.3	0.3	0.3	1.1	-0.7	0.4	0.5	1.1	0.8	0.3	0	0.1	0.1	0	-0.1	3.7	4.9	6.5	6.3	4.2	0.2	0.1	0.4	1.1	-0.4
3.4	4.5	6.1	5.7	3.9	0.1	0.1	0.2	0.9	-0.6	-0.2	-0.2	-0.2	-0.1	-0.2	-0.1	-0.1	-0.2	0	-0.2	3.6	4.8	6.1	6	4.2	0.2	0	0.4	1.1	-0.3
3.1	4.1	5	5.1	3.7	0.2	0	0.3	0.9	-0.3	-0.2	-0.2	-0.8	-0.5	0	-0.2	-0.2	-0.2	-0.1	-0.1	3.7	4.9	6.1	6.1	4.3	0.3	0	0.5	1.1	-0.2
3.7	4.8	6.4	5.9	4.2	0.3	0	0.5	1.1	-0.1	-0.1	-0.1	0.6	0	-0.2	0	0	0	-0.1	0.1	4	5.2	6.6	6.6	4.6	0.3	0	0.6	1.3	-0.2
4.3	5.7	6.8	7.3	4.9	0.3	0	0.8	1.4	-0.3	0.3	0.3	1.3	0.9	0	0.1	0	0.2	0.1	0	4.3	5.7	6.8	7.3	4.9	0.3	0	0.8	1.4	-0.3
4.9	6.4	9.1	8.1	5.5	0.5	0.2	0.6	1.6	-0.2	0.8	0.9	1.1	1.2	0.8	0.2	0.2	0.2	0.3	0	6.3	8.3	20.7	11.5	6.1	0.7	0.6	1.2	1.3	-0.1
5.8	7.5	10.8	9.7	6.3	0.6	0.4	0.7	1.7	0	0.5	0.6	1.7	1	0.3	0.1	0	0.1	0.2	-0.1	6.4	8.5	21.9	11.9	6.1	0.7	0.6	1.2	1.3	-0.1
6.9	9	14.7	11.6	7.5	0.8	0.6	0.9	1.9	0	0.7	0.9	2.1	1.4	0.6	0.1	-0.1	0.1	0.3	0.1	6.5	8.6	23.2	12.1	6.1	0.7	0.7	1.3	1.2	-0.1
6.9	9.1	17.2	11.9	7.3	0.7	0.7	1.2	1.3	0	1	1.3	2	1.9	1	0.1	0.2	0.1	0.2	-0.1	6.5	8.6	24.2	12.2	6	0.7	0.7	1.3	1.2	-0.1
6.3	8.3	18.2	11	6.4	0.6	0.7	1.4	0.8	0	0.9	1.2	1.8	1.7	1	0.1	0.3	0	0.2	-0.1	6.4	8.5	25.2	12.2	5.8	0.6	0.7	1.3	1.2	-0.2
5.5	7.3	15.8	9.3	5.8	0.5	0.4	1.2	0.6	0	0.2	0.2	-1.1	-0.2	0.5	0	0.1	0	-0.1	0	6.4	8.6	26.2	12.4	5.7	0.7	0.6	1.3	1.2	-0.2
5.5	7.3	18.3	10	5.4	0.5	0.1	1.3	1	0.1	-0.2	-0.2	-1.7	-0.7	0.1	-0.1	-0.2	0	0	-0.2	6.6	8.8	28.1	12.9	5.7	0.7	0.7	1.3	1.3	-0.2
5.5	7.3	22.7	11.1	4.6	0.6	0.3	1.5	1.1	0.2	-0.3	-0.4	-0.8	-0.7	-0.2	-0.1	-0.2	0	-0.2	0	6.8	9.1	30.2	13.5	5.8	0.7	0.8	1.3	1.4	-0.3
6.4	8.4	28.3	13	5.2	0.7	0.5	1.5	1.4	-0.1	-0.4	-0.6	-1.2	-0.8	-0.4	-0.1	-0.2	0	-0.1	0.1	7.2	9.5	32.2	14.1	6	0.8	0.9	1.3	1.5	-0.4
7.6	10.1	33.7	14.9	6.5	0.7	0.7	1.3	1.4	-0.4	0.3	0.5	0.6	0.3	0.5	0	-0.2	0	0.1	0.1	7.4	9.9	33.6	14.5	6.3	0.8	1.1	1.2	1.5	-0.5
7.8	10.4	36.1	15.5	6.6	0.8	1.1	1.3	1.5	-0.6	0.6	0.7	1	1.2	0.5	0.1	0	0.2	0.2	-0.1	7.3	9.7	33.5	14.2	6.2	0.8	1.2	1.2	1.5	-0.6
6.9	9.1	31	12.9	5.9	0.8	1.3	1.1	1.5	-0.6	0.8	1.1	3.5	1.7	0.6	0.2	0.3	0	0.4	0.1	6.9	9.1	31	12.9	5.9	0.8	1.3	1.1	1.5	-0.6
5.5	7.2	21.1	9.8	5.1	0.8	1.3	1.3	1.3	-0.8	1.6	2	2.7	2.7	1.6	0.3	0.4	0.3	0.4	0.1	-1.4	-1.8	-4.6	-3.3	-1	0	0.6	0.9	0	-1.5
3.3	4.3	14.8	5.8	2.9	0.4	0.9	1.1	0.7	-1	1.5	2	5.2	2.7	1.4	0.2	0.3	0.2	0.4	0	-2	-2.6	-6.7	-4.4	-1.6	-0.1	0.5	0.8	-0.1	-1.5
1.2	1.6	7.9	1.9	0.9	0.1	0.6	0.9	0.2	-1.2	0.7	1	4.4	1.7	0.4	0	0	0.4	-0.3	0	-2.5	-3.3	-8.7	-5.4	-2	-0.2	0.4	0.8	-0.2	-1.6
0.1	0.1	2.1	-0.2	0.1	0	0.3	0.7	0.5	-1.5	0.5	0.6	2.9	1.1	0.2	0	0.1	0.2	-0.2	-0.1	-2.9	-3.8	-10.4	-6.1	-2.3	-0.2	0.4	0.8	-0.2	-1.6
-0.8	-1	-3.2	-2.3	-0.4	0	0.1	0.8	0.7	-1.3	0.2	0.3	-0.3	0.1	0.4	-0.1	-0.1	-0.2	0	0	-3.2	-4.3	-11.9	-6.9	-2.6	-0.2	0.4	0.8	-0.3	-1.6
-1.7	-2.3	-5.6	-4.5	-1.2	0	0.2	1.1	0.6	-1.4	0.2	0.3	1	0.4	0.1	0	-0.2	0.1	0.3	0.1	-3.6	-4.7	-13	-7.5	-2.9	-0.2	0.5	0.8	-0.4	-1.7
-2.6	-3.5	-8.2	-6.1	-2	-0.1	0.6	1	0	-1.7	-0.2	-0.3	1.9	0.3	-0.6	0	0	0.2	0.1	-0.1	-3.9	-5.1	-14.2	-8	-3.2	-0.3	0.5	0.8	-0.6	-1.7
-2.8	-3.7	-9.6	-7.2	-1.8	-0.2	0.6	0.7	-0.3	-1.7	0.5	0.7	3.8	0.9	0.4	0	0	-0.1	0.1	-0.3	-4.1	-5.5	-15.4	-8.3	-3.5	-0.3	0.5	0.7	-0.7	-1.7
-3.4	-4.5	-13	-7.7	-2.5	-0.2	0.7	0.7	-0.5	-1.7	0.7	1	2.9	0.9	0.9	-0.1	0.1	-0.2	-0.1	-0.2	-4.5	-5.9	-16.9	-8.6	-3.9	-0.4	0.5	0.7	-0.8	-1.7
-4.3	-5.7	-16.3	-8.8	-3.6	-0.2	0.7	0.8	-0.6	-1.7	0.5	0.7	2.4	0.8	0.5	0.1	0.2	0	0.2	-0.1	-4.8	-6.4	-18.1	-8.9	-4.3	-0.4	0.4	0.7	-0.9	-1.7
-4.9	-6.5	-18.2	-8.9	-4.5	-0.4	0.4	0.7	-1	-1.7	-0.3	-0.5	-2.8	-1	-0.1	0.1	0.2	0	0.2	-0.1	-5.1	-6.7	-19	-9	-4.7	-0.5	0.3	0.7	-1.1	-1.7
-5.3	-6.9	-19.8	-9.1	-4.9	-0.5	0.2	0.7	-1.2	-1.6	-0.5	-0.7	-4.3	-1.1	-0.2	0.1	0.2	0.3	0.1	-0.1	-5.3	-6.9	-19.8	-9.1	-4.9	-0.5	0.2	0.7	-1.2	-1.6
-5.9	-7.6	-19.7	-10.3	-5.4	-0.4	-0.1	0.7	-0.9	-1.1	-0.6	-0.8	-2.7	-1.1	-0.5	0	0.1	0.1	-0.1	-0.1	-5.2	-6.7	-19.7	-9.5	-4.3	-0.3	0	0.7	-0.7	-0.8
-5.9	-7.6	-19.9	-10.7	-5.2	-0.4	-0.2	0.7	-0.9	-1	-0.5	-0.7	-1.1	-1.1	-0.5	-0.1	-0.1	0	-0.1	-0.2	-5.2	-6.7	-19.7	-9.5	-4.2	-0.3	0	0.7	-0.7	-0.8
-5.9	-7.6	-20.8	-10.8	-4.9	-0.4	-0.2	0.8	-1	-0.8	-0.4	-0.5	-1.1	-0.5	-0.4	-0.1	-0.3	0.1	0	-0.1	-5.1	-6.6	-19.7	-9.4	-4.1	-0.2	0	0.7	-0.7	-0.7
-5.95	-7.72	-21.23	-11.36	-4.82	-0.25	0.03	0.83	-1.02	-0.58	-0.4	-0.56	-2.19	-0.93	-0.27	0.07	-0.09	0.39	0.06	0.12	-4.99	-6.46	-19.54	-9.21	-3.97	-0.23	0.02	0.64	-0.63	-0.74
-5.92	-7.66	-20.87	-11.11	-4.86	-0.33	0.14	0.59	-1.15	-0.78	-0.78	-1.03	-2.46	-1.96	-0.52	-0.03	0.05	0.04	-0.13	-0.09	-4.87	-6.31	-19.34	-8.95	-3.86	-0.22	0.02	0.62	-0.58	-0.76
-5.37	-6.95	-19.44	-9.68	-4.53	-0.28	0.17	0.54	-1	-0.75	-0.68	-0.88	-1.48	-1.2	-0.7	-0.05	0.13	0.01	-0.24	-0.17	-4.72	-6.12	-19.13	-8.64	-3.72	-0.21	0	0.63	-0.5	-0.75
-4.81	-6.24	-18.52	-8.48	-4.05	-0.23	0.06	0.51	-0.73	-0.65	-0.43	-0.56	-0.11	-0.86	-0.47	-0.03	0	0.01	-0.15	0.01	-4.61	-5.98	-19.08	-8.47	-3.58	-0.2	-0.03	0.64	-0.42	-0.75
-4.61	-5.95	-19.22	-7.91	-3.79	-0.29	0.11	0.48	-0.58	-1.07	-0.09	-0.11	-0.5	0.32	-0.25	-0.05	0.06	0.02	-0.02	-0.27	-4.57	-5.93	-19.19	-8.47	-3.49	-0.19	-0.05	0.67	-0.36	-0.78
-4.57	-5.92	-19.63	-8.27	-3.53	-0.23	0.09	0.51	-0.55	-0.87	-0.26	-0.32	-1.09	-0.4	-0.23	-0.07	0.09	-0.21	-0.08	-0.19	-4.56	-5.92	-19.18	-8.61	-3.42	-0.17	-0.09	0.71	-0.3	-0.7
-4.56	-5.93	-19.56	-8.37	-3.5	-0.14	-0.03	0.74	-0.4	-0.62	-0.07	-0.09	-0.29	0.44	-0.3	-0.01	0	-0.02	-0.07	0.06	-4.56	-5.92	-19.04	-8.72	-3.38	-0.14	-0.15	0.78	-0.22	-0.64
-4.8	-6.24	-20.12	-9.21	-3.53	-0.13	-0.14	0.75	-0.18	-0.63	-0.73	-0.97	-4.08	-1.16	-0.62	0.02	0.03	-0.01	0.02	0.01	-4.56	-5.92	-18.78	-8.89	-3.32	-0.14	-0.2	0.8	-0.13	-0.66
-4.32	-5.6	-17.45	-8.58	-3.1	-0.15	-0.26	0.84	-0.08	-0.68	-1.09	-1.42	-4.5	-2.41	-0.71	-0.06	-0.05	0.22	-0.09	-0.2	-4.32	-5.6	-17.45	-8.58	-3.1	-0.15	-0.26	0.84	-0.08	-0.68
-3.32	-4.29	-13.2	-6.36	-2.51	-0.16	-0.29	0.57	0.01	-0.58	-0.63	-0.82	-2.84	-1.53	-0.34	-0.03	-0.07	0.09	-0.08	0	-1.89	-2.47	-6.5	-2.99	-1.84	-0.02	0.16	0.69	0.09	-0.83
-2.69	-3.49	-10.65	-4.69	-2.25	-0.13	-0.15	0.5	0.07	-0.69	-0.49	-0.64	-2.26	-1.24	-0.23	-0.04	-0.09	0.12	-0.16	0.03	-1.76	-2.3	-5.91	-2.68	-1.78	0	0.2	0.7	0.1	-0.85
-2.24	-2.95	-8.87	-3.68	-2.05	0.04	0.17	0.51	0.28	-0.69	-0.4	-0.6	-1.71	-1.05	-0.31	0.02	-0.05	0.17	-0.09	0.12	-1.67	-2.19	-5.44	-2.48	-1.74	0.01	0.24	0.72	0.1	-0.87
-1.8	-2.39	-6.68	-2.72	-1.83	0.11	0.35	0.65	0.36	-0.83	-0.4	-0.5	-1.74	-0.64	-0.31	0	0.03	0.16	-0.07	-0.08	-1.6	-2.1	-5.06	-2.35	-1.7	0.01	0.25	0.75	0.08	-0.89
-1.2	-1.65	-4.44	-1.48	-1.45	0.24	0.62	0.67	0.44	-0.78	-0.2	-0.27	-0.71	-0.39	-0.17	0.02	0.09	-0.01	0.02	-0.05	-1.58	-2.07	-4.87	-2.31	-1.69	-0.01	0.24	0.76	0.04	-0.9
-0.87	-1.22	-3.37	-0.78	-1.19	0.26	0.71	0.74	0.42	-0.88	-0.09	-0.12	-0.36	0.12	-0.2	0	0.02	-0.01	0.03	-0.07	-1.63	-2.13	-4.93	-2.42	-1.72	-0.04	0.18	0.77	-0.02	-0.91
-1.11	-1.53	-4	-1.46	-1.31	0.23	0.69	0.79	0.31	-0.89	-0.21	-0.25	-0.96	-0.24	-0.19	-0.09	0.05	-0.02	0	-0.43	-1.76	-2.27	-5.17	-2.69	-1.81	-0.09	0.09	0.78	-0.09	-0.92
-1.45	-1.95	-4.87	-2.04	-1.62	0.17	0.41	0.82	0.17	-0.6	-0.06	-0.08	-1.01	-0.07	0.01	0.01	0.04	0.05	0.02	-0.07	-1.88	-2.42	-5.4	-2.93	-1.91	-0.15	-0.03	0.77	-0.17	-0.92
-2	-2.61	-6.06	-3.06	-2.07	-0.06	0.08	0.73	-0.05	-0.78	-0.25	-0.33	-1	-0.5	-0.19	0.02	-0.03	0.01	0.07	0.07	-1.99	-2.54	-5.53	-3.14	-1.98	-0.24	-0.13	0.76	-0.25	-1
-2.3	-2.95	-6.66	-3.81	-2.21	-0.21	-0.22	0.83	-0.11	-0.94	-0.32	-0.42	-0.99	-0.47	-0.34	0	-0.11	-0.01	0.15	0.04	-1.99	-2.51	-5.35	-3.17	-1.95	-0.29	-0.21	0.77	-0.32	-1.08
-2.02	-2.54	-5.33	-3.22	-1.97	-0.33	-0.3	0.77	-0.33	-1.06	-0.2	-0.3	-0.88	-0.48	-0.17	0	-0.09	0.07	0.11	-0.04	-1.8	-2.3	-4.69	-2.85	-1.82	-0.34	-0.2	0.74	-0.42	-1.15
-1.64	-2.05	-4.05	-2.48	-1.66	-0.35	-0.09	0.72	-0.51	-1.24	-0.05	-0.05	0.43	-0.04	-0.1	-0.06	-0.08	-0.05	0.01	-0.1	-1.64	-2.05	-4.05	-2.48	-1.66	-0.35	-0.09	0.72	-0.51	-1.24
-1.36	-1.78	-4.05	-2.04	-1.45	0.01	0.58	1.08	-0.39	-1.14	0.01	0.01	0	0.22	-0.08	0	0.08	0.03	-0.02	-0.11	-1.91	-2.57	-5.71	-3.08	-2.03	0.19	0.71	1.22	-0.15	-0.9
-1.42	-1.91	-4.18	-2.45	-1.44	0.11	0.76	1.19	-0.41	-1.04	-0.03	-0.08	-0.3	-0.19	-0.02	0.12	0.23	0.13	0.05	0.03	-1.96	-2.64	-5.86	-3.17	-2.09	0.21	0.73	1.23	-0.13	-0.88
-1.51	-1.97	-4.09	-2.57	-1.5	-0.03	0.53	1.21	-0.64	-1.05	0	-0.03	0.65	-0.07	-0.08	0.09	0.13	0.31	-0.01	-0.02	-2.01	-2.71	-6.02	-3.24	-2.15	0.22	0.72	1.23	-0.1	-0.87
-1.34	-1.75	-4	-2.04	-1.4	-0.06	0.4	1.03	-0.58	-0.93	0.23	0.26	0.63	0.62	0.06	0.13	0.3	0.17	0.01	-0.03	-2.07	-2.8	-6.23	-3.31	-2.22	0.25	0.74	1.24	-0.04	-0.85
-1.63	-2.14	-4.18	-2.36	-1.85	0	0.48	1.08	-0.41	-0.98	0.14	0.17	0.39	0.32	0.09	0.04	0.17	0.06	0	-0.16	-2.16	-2.92	-6.49	-3.47	-2.32	0.28	0.79	1.26	0.02	-0.84
-2.27	-2.98	-5.99	-3.23	-2.58	-0.02	0.41	1.04	-0.51	-0.86	-0.33	-0.43	-1	-0.57	-0.32	-0.03	0	0.04	-0.08	-0.06	-2.23	-3.03	-6.8	-3.62	-2.39	0.32	0.83	1.29	0.09	-0.81
-2.7	-3.53	-8.55	-4.18	-2.75	-0.03	0.38	1.03	-0.52	-0.81	-0.55	-0.68	-1.85	-0.83	-0.51	-0.15	-0.23	0.01	-0.15	-0.14	-2.23	-3.04	-6.93	-3.68	-2.36	0.38	0.9	1.33	0.18	-0.81
-2.87	-3.79	-8.99	-5.13	-2.65	0.09	0.44	1.23	-0.27	-0.81	-0.62	-0.75	-2.26	-1.11	-0.44	-0.22	-0.28	-0.04	-0.2	-0.25	-2.13	-2.95	-6.61	-3.59	-2.28	0.46	1.01	1.39	0.33	-0.81
-2.62	-3.52	-8.23	-4.79	-2.46	0.29	0.57	1.31	0.09	-0.6	-0.55	-0.68	-1.63	-1.27	-0.33	-0.13	-0.34	0.11	0.01	-0.09	-1.95	-2.74	-6.02	-3.2	-2.19	0.56	1.15	1.43	0.48	-0.8
-1.92	-2.68	-5.61	-3.2	-2.15	0.51	1.18	1.38	0.27	-0.79	-0.03	0	0.42	0.13	-0.11	-0.12	-0.19	-0.07	-0.07	-0.08	-1.73	-2.47	-5.27	-2.67	-2.1	0.65	1.34	1.48	0.61	-0.87
-1.63	-2.37	-5.22	-2.59	-1.98	0.74	1.56	1.5	0.63	-0.84	0.15	0.21	0.46	0.28	0.15	-0.02	0.13	0.02	-0.07	-0.22	-1.63	-2.37	-5.1	-2.4	-2.08	0.71	1.42	1.52	0.78	-0.91
-1.64	-2.37	-4.97	-2.2	-2.18	0.68	1.28	1.54	0.93	-0.98	0.24	0.22	0.43	0.4	0.12	0.29	0.59	0.31	0.13	0	-1.64	-2.37	-4.97	-2.2	-2.18	0.68	1.28	1.54	0.93	-0.98
-1.94	-2.71	-6.1	-2.44	-2.49	0.53	0.88	1.32	0.8	-0.77	-0.06	-0.11	-0.14	-0.19	-0.07	0.1	0.25	0.14	-0.04	-0.02	-1.72	-2.49	-2.42	-1.98	-2.74	0.82	1.4	2.05	0.86	-0.92
-2.2	-2.99	-5.34	-2.74	-2.87	0.34	0.5	1.51	0.62	-0.92	-0.12	-0.15	-0.21	-0.31	-0.07	-0.01	0.01	0.14	-0.18	0.02	-1.7	-2.47	-2.09	-1.94	-2.76	0.84	1.45	2.12	0.87	-0.94
-2.76	-3.68	-6.44	-3.44	-3.5	0.23	0.3	1.55	0.53	-1.01	0.16	0.2	0.74	0.48	0.02	0.06	0	0.13	0.05	0.1	-1.65	-2.42	-1.76	-1.86	-2.75	0.89	1.55	2.18	0.89	-0.94
-3.55	-4.68	-7.84	-4.95	-4.24	0.14	0.27	1.61	0.28	-1.12	-0.06	-0.14	0.45	0.3	-0.39	0.2	0.38	0.22	0.18	-0.09	-1.53	-2.28	-1.23	-1.69	-2.66	0.97	1.69	2.25	0.93	-0.93
-3.48	-4.59	-8.3	-5.23	-3.94	0.2	0.46	1.68	0.27	-1.22	-0.52	-0.69	-1.51	-0.58	-0.66	0.01	0.1	0.03	-0.09	-0.04	-1.27	-1.97	-0.39	-1.28	-2.47	1.07	1.87	2.34	1.02	-0.91
-2.87	-3.87	-6.15	-4.5	-3.36	0.44	0.79	1.94	0.62	-1.21	-0.77	-1	-3.69	-1.54	-0.49	-0.03	-0.04	0.03	-0.1	-0.01	-0.95	-1.6	0.78	-0.7	-2.25	1.2	2.08	2.43	1.12	-0.86
-2.08	-2.93	-2.88	-2.99	-2.91	0.73	1.29	2.11	0.91	-1.21	-0.73	-0.94	-2.33	-1.8	-0.41	-0.04	-0.17	0.2	0.11	-0.14	-0.63	-1.22	1.97	-0.06	-2.07	1.33	2.29	2.51	1.21	-0.81
-1.4	-2.09	-1.46	-1.12	-2.58	0.91	1.8	2.08	0.95	-1.24	-0.37	-0.48	-1.44	-0.76	-0.25	-0.02	-0.14	0.03	0.16	-0.04	-0.34	-0.87	2.97	0.54	-1.9	1.45	2.49	2.6	1.27	-0.72
-0.7	-1.24	2.19	0.12	-2.21	1.14	2.18	2.14	1.11	-1.08	0.16	0.18	1.17	0.38	-0.01	0.1	0.26	0.18	0.19	-0.29	-0.07	-0.56	4.14	0.96	-1.73	1.59	2.67	2.73	1.35	-0.59
-0.32	-0.83	3.69	0.82	-2.03	1.4	2.39	2.59	1.22	-0.72	0.27	0.32	0.84	0.76	0.07	0.11	0.18	0.06	0.29	-0.13	0.15	-0.33	4.82	1.25	-1.57	1.74	2.84	2.92	1.43	-0.43
0.03	-0.47	4.7	1.2	-1.75	1.69	2.63	3.06	1.45	-0.4	0.14	0.21	0.72	0.68	-0.05	-0.08	-0.15	0.06	0.23	-0.36	0.38	-0.08	5.4	1.46	-1.34	1.9	3.06	3.09	1.53	-0.29
0.73	0.32	6.12	1.73	-0.92	2.11	3.49	3.12	1.61	-0.17	-0.1	-0.1	-0.8	0.2	-0.2	0.1	0.2	0.1	0	0.2	0.73	0.32	6.12	1.73	-0.92	2.11	3.49	3.12	1.61	-0.17
1.69	1.43	9.42	2.87	-0.03	2.52	4.29	3.6	2.1	-0.46	-0.3	-0.4	0.7	-0.5	-0.5	-0.1	-0.1	0.3	-0.2	-0.2	6.03	6.6	15.39	9.21	4.58	4.17	7.41	4.22	4.02	-0.56
2.72	2.61	10.6	4.12	1.12	3.09	5.23	3.82	2.83	-0.41	-0.7	-0.9	-1.4	-1	-0.7	-0.1	-0.2	0.2	-0.3	-0.1	6.44	7.09	15.97	9.81	5.01	4.33	7.7	4.28	4.2	-0.57
5	5.24	15.12	7.86	3.1	4.22	7.36	4.48	3.86	-0.34	-0.7	-0.8	-0.8	-1.1	-0.7	0	0	0.2	-0.2	0	6.82	7.55	16.54	10.41	5.41	4.45	7.96	4.32	4.34	-0.59
6.52	7.11	17.16	10.65	4.56	4.62	8.25	4.54	4.43	-0.6	0	-0.1	-0.1	0	-0.1	0.3	0.6	0.3	0.2	-0.2	7.02	7.81	16.7	10.7	5.67	4.48	8.03	4.31	4.4	-0.62
7.25	8.01	18.75	11.59	5.39	4.79	8.32	4.64	4.67	-0.32	0.1	0.07	0.8	0.18	-0.06	0.26	0.43	0.28	0.25	-0.02	7.09	7.9	16.64	10.71	5.81	4.46	8	4.28	4.39	-0.62
7.54	8.4	18.09	12.07	5.85	4.75	8.59	4.45	4.46	-0.49	0	-0.04	-0.33	0.02	-0.03	0.25	0.46	0.2	0.19	-0.01	7.06	7.88	16.33	10.58	5.87	4.41	7.96	4.23	4.35	-0.66
7.12	7.88	16.74	11.13	5.57	4.65	8.46	4.44	4.23	-0.48	0	-0.08	-0.9	0.09	-0.07	0.14	0.33	0.18	0.15	-0.18	6.98	7.8	16.04	10.34	5.87	4.36	7.85	4.19	4.33	-0.69
6.79	7.45	17.1	9.89	5.41	4.6	8.3	4.39	4.36	-0.53	0.3	0.38	2.21	0.48	0.14	0.21	0.23	0.09	0.32	0.13	6.96	7.78	15.9	10.18	5.94	4.3	7.73	4.14	4.35	-0.73
6.82	7.49	17.43	9.9	5.46	4.64	8.4	4.5	4.41	-0.64	0.5	0.6	2.65	1.09	0.17	0.36	0.47	0.62	0.3	0.07	7	7.86	15.58	10.25	6.07	4.22	7.58	4.07	4.35	-0.78
7.31	8.22	16.83	10.5	6.39	4.36	7.97	4.13	4.48	-0.93	0.6	0.68	1.83	1.14	0.35	0.4	0.41	0.52	0.52	0.19	7.06	7.99	14.95	10.37	6.28	4.08	7.31	3.93	4.33	-0.83
7.23	8.21	14.26	10.56	6.59	4.09	7.32	3.89	4.33	-0.8	0.8	1	2.09	1.21	0.8	0.33	0.69	0.12	0.38	-0.13	6.94	7.87	14.01	10.3	6.22	3.94	6.98	3.83	4.26	-0.78
6.64	7.5	13.75	10	5.8	3.8	6.6	3.8	4.2	-0.8	0.9	0.97	2.32	1.29	0.69	0.54	0.97	0.54	0.49	-0.08	6.64	7.53	13.75	10.04	5.85	3.8	6.64	3.76	4.19	-0.76
-0.7	-1.4	1.7	1.2	-2.7	1.8	3.2	2.4	1.3	0.6	-0.5	-0.6	-1.4	-0.8	-0.3	-0.2	-0.6	-0.2	0.1	0.1	4.1	4.9	16.5	10.3	1.5	1.5	2.7	1.8	1.6	0.1
-1.3	-2.3	-3.9	0.3	-3.2	2	3.9	2.3	1.4	0.4	0.1	0	0.9	-0.1	0	0.1	0.2	0.2	0.2	0	4.6	5.5	18.1	11.2	1.8	1.4	2.6	1.8	1.6	0
-1.3	-2.5	-6.7	1.2	-3.5	2.2	4.6	2.5	1.6	0.2	0.2	0.1	1	-0.1	0.1	0.5	0.6	0.5	0.3	0.7	5.2	6.4	20.8	12.4	2.4	1.4	2.5	1.7	1.6	0
0.9	0.6	3.5	5.8	-1.9	1.8	4.1	2.3	1.6	-0.6	-0.1	-0.2	-0.8	0.1	-0.3	0.1	0.3	0.3	0	0	5.9	7.4	24.9	13.8	3.1	1.3	2.3	1.6	1.6	-0.1
2.3	2.4	10.1	7.8	-0.7	1.6	3.7	2.2	1.5	-0.6	-1.2	-1.6	-4.5	-2.4	-0.9	-0.1	0	0.3	0	-0.4	6.6	8.3	28.1	14.9	3.7	1.2	2	1.5	1.6	0
4.2	5	18.8	11.4	0.9	1.7	3.7	2.1	1.5	-0.3	-1.3	-1.7	-1.9	-2.5	-1.3	0.2	0.6	0.1	-0.3	0.2	7.2	9.2	31	15.9	4.3	1.2	1.8	1.4	1.6	0.1
6.1	7.5	27.3	15.2	2.4	1.7	3.2	2.3	1.9	-0.2	0	-0.1	1.9	0.3	-0.4	0.3	0.5	0.7	0.1	-0.1	7.7	9.9	33.4	16.7	4.9	1.1	1.5	1.3	1.6	0.2
6.4	8.1	29.7	15.1	3.2	1.2	2.2	1.2	1.5	-0.1	0.1	0.1	-0.1	0.1	0.1	0.3	0.6	0.5	0.2	0.1	8.1	10.4	34.7	17	5.4	0.9	1.1	1.1	1.6	0.3
8	10.3	38.3	17.4	4.8	1	1.6	0.7	1.8	-0.1	0.6	0.8	2	1.4	0.4	0.2	0.4	0	0.2	0	8.5	11	36.1	17.6	6	0.9	0.8	1.1	1.6	0.3
8.3	10.7	38	16.7	5.7	0.9	0.8	0.8	1.9	0.3	1.1	1.4	4.8	2.9	0.4	0.2	0.5	-0.2	0.4	0	8.7	11.3	35.3	17.6	6.4	0.9	0.6	1.2	1.6	0.5
8.8	11.4	33	17.9	6.6	0.9	0.5	1.4	1.5	0.7	0.5	0.7	1.3	1.9	0.1	0.1	0.2	-0.1	0.2	-0.1	8.9	11.6	34	18.1	6.8	0.8	0.5	1.4	1.4	0.6
9.1	11.8	35	18.2	7	0.8	0.5	1.4	1.3	0.6	-0.2	-0.2	-1.3	0.6	-0.5	0	-0.1	0.2	0.1	0.2	9.1	11.8	35	18.2	7	0.8	0.5	1.4	1.3	0.6
10.3	13.4	44.2	19.7	8.2	1	1.4	1	1.4	0.4	-1.2	-1.6	-6.8	-1.7	-0.9	0	0.1	-0.3	0.1	-0.1	8.1	10.7	34.4	15.8	6.6	0.4	1.4	-0.2	0.5	-0.6
12.9	17	60.5	25	10.1	1	1.6	1.2	1.4	0.1	0	-0.1	-2.1	0.9	-0.3	0.4	0.8	0.4	0.4	-0.2	7.9	10.4	33.5	15.4	6.5	0.3	1.4	-0.3	0.4	-0.7
13.5	17.9	66.5	25.7	10.8	0.6	1	0.8	0.8	-0.1	2.5	3.3	12.1	4.4	1.8	0.1	0.2	0.3	0.3	-0.2	7.3	9.8	30.7	14.5	6.1	0.2	1.4	-0.5	0.3	-0.8
10.7	14.2	49.4	20.4	8.9	0.4	0.7	0.4	0.4	0.2	1.2	1.5	5.5	1.9	0.9	0	-0.1	0.2	-0.1	0	6.7	8.9	26.7	13.2	5.6	0.2	1.5	-0.6	0.2	-0.8
9.5	12.7	41.8	18.3	8	0.3	0.9	0	0.1	-0.1	0.7	0.9	3	0.9	0.7	0	0	0.3	0	-0.2	6.2	8.2	23.9	12.3	5.2	0.2	1.6	-0.7	0.2	-1
9	12	38.7	17.9	7.5	0.3	1	-0.4	0.5	-0.3	0.5	0.6	5.2	0.8	0.1	0.1	0	0.2	0	0.2	5.7	7.6	21.4	11.5	4.8	0.2	1.6	-0.8	0.2	-1.1
8.8	11.8	35.1	18	7.4	0.3	1.4	-0.8	0.3	-0.6	0.3	0.5	3.9	0.2	0.3	-0.2	-0.5	-0.3	-0.2	0.1	5.1	6.8	18.5	10.4	4.3	0.1	1.8	-0.9	0.2	-1.2
9	12	36.4	18.8	7.4	0.5	2.2	-0.6	0.5	-0.8	1.6	2.1	6.5	2.1	1.7	0.1	0	0	0.4	0.1	4.4	5.8	15.4	9	3.7	0.1	1.8	-0.9	0.2	-1.3
6.8	9.1	24.9	15.2	5.4	0.3	1.8	-0.6	0.3	-0.9	0.9	1.2	1.8	0.8	1.3	0.1	-0.3	0.2	0.3	0.4	3.3	4.4	10.7	6.7	2.8	0	1.7	-1	0.1	-1.5
4.4	5.8	12.3	10.1	3.4	0.1	2	-0.8	0	-1.4	1.6	2	1	3.9	1.3	0.2	0.2	0.3	0	0.3	2.1	2.8	6.6	4	2	-0.1	1.7	-1.1	0	-1.7
1.7	2.3	6.8	2.9	1.7	-0.2	1.6	-1.3	-0.1	-1.8	0.8	1.1	2.8	2.1	0.4	0	0.2	0	0	-0.2	1	1.4	3.9	1	1.3	-0.2	1.6	-1.3	0	-1.8
0.3	0.5	1	-0.8	1	-0.2	1.6	-1.3	0	-1.8	1	1.2	5.5	1.8	0.7	0.2	0.7	-0.2	0.1	-0.1	0.3	0.5	1	-0.8	1	-0.2	1.6	-1.3	0	-1.8
-0.4	-0.5	-0.4	-1.6	0	-0.4	0.9	-1.8	-0.4	-1.8	1.1	1.4	3.3	2.6	0.8	0.1	0.5	-0.2	0	-0.3	-1.8	-2.7	-5.2	-5.6	-1.3	0.5	2.9	-1	-0.3	-1.8
-1.5	-1.8	-3.6	-4.2	-0.8	-0.8	0.1	-1.8	-0.5	-1.8	0.5	0.7	0.8	1.5	0.4	0.1	0.3	0	0	-0.2	-2	-2.9	-5.7	-5.9	-1.4	0.5	3.1	-1	-0.3	-1.8
-2.1	-2.7	-5.1	-6	-1.2	-0.5	0.8	-1.7	-0.7	-1.8	0	0.1	-0.1	0.2	0	-0.1	-0.2	-0.1	-0.1	0	-2	-3	-5.9	-6.1	-1.5	0.7	3.4	-0.9	-0.3	-1.8
-2.1	-2.8	-4.8	-6.2	-1.3	-0.1	2.1	-1.7	-0.8	-1.9	0.1	0.2	0.6	0.3	0.1	-0.1	0	-0.2	-0.1	-0.3	-2	-3	-6	-6.1	-1.5	0.8	3.7	-0.8	-0.3	-1.8
-2	-3	-5.8	-6.4	-1.4	0.6	3.1	-1.3	-0.4	-1.5	0.3	0.4	1.6	0.5	0.2	0.1	0.2	-0.2	0.5	-0.4	-2	-3	-6.1	-6.1	-1.6	0.9	3.9	-0.7	-0.2	-1.8
-2.4	-3.5	-7.1	-6.9	-1.8	0.7	3.7	-1.1	-0.8	-1.6	0.4	0.5	3.1	0.9	0.1	0.1	0.6	-0.3	-0.2	0	-2	-3	-6.1	-6.1	-1.6	1	4	-0.6	-0.2	-1.9
-3	-4.2	-10.5	-8.5	-2	0.6	3.2	-0.8	-0.3	-1.8	0.4	0.5	4.9	0.7	0.2	0.1	0.3	-0.1	0	-0.1	-1.9	-3	-6	-5.9	-1.5	1	4.1	-0.5	-0.1	-1.9
-3.7	-5.1	-14.8	-9.9	-2.4	0.5	2.9	-0.6	-0.2	-1.7	-0.4	-0.5	-1.7	-1.1	-0.2	-0.3	-0.5	-0.1	-0.1	-0.2	-1.7	-2.7	-5	-5.4	-1.5	1.1	4.3	-0.5	0	-1.9
-3.1	-4.5	-11.6	-8.8	-2.2	0.9	3.7	-0.6	-0.1	-1.7	-1.3	-1.8	-7.2	-3.3	-0.7	-0.1	-0.1	-0.2	-0.1	-0.1	-1.2	-2.1	-2.5	-4.3	-1.2	1.2	4.6	-0.4	0	-2
-1.5	-2.4	-4	-5.2	-1.2	1.2	4.5	-0.5	0.1	-1.9	-1	-1.2	-3.5	-2.7	-0.5	-0.2	-0.3	-0.3	-0.2	-0.1	-0.6	-1.3	0.6	-2.7	-0.9	1.3	4.9	-0.4	0.1	-2
-0.4	-1	1.1	-2.2	-0.7	1.4	5.1	-0.3	0.1	-2	-0.5	-0.7	-2.3	-1.3	-0.3	0	0	-0.1	0.1	-0.2	-0.2	-0.7	2.9	-1.5	-0.7	1.4	5.1	-0.3	0.1	-2.1
0.1	-0.4	4.7	-0.8	-0.6	1.3	5.1	-0.3	0	-2.3	0	0	0.8	0.3	-0.1	0	0	0	-0.1	-0.1	0.1	-0.4	4.7	-0.8	-0.6	1.3	5.1	-0.3	0	-2.3
-0.5	-1.2	2.6	-2.6	-0.9	1.3	5	-0.1	0.1	-2.4	0	0	0.1	0	0.1	-0.2	-0.3	-0.2	-0.1	-0.3	-0.3	-0.8	2.4	-2.6	-0.3	0.9	2.7	1.1	0.4	-1.2
-1.4	-2.5	-1.4	-5	-1.6	1.6	5.4	0.3	0.1	-2.1	-0.1	-0.2	-0.8	-0.4	-0.1	0.3	1.1	0	-0.3	-0.2	-0.3	-0.7	2.3	-2.6	-0.3	0.9	2.4	1.2	0.4	-1.1
-1.6	-2.6	-1.9	-5.6	-1.5	1.4	4.4	0.6	0.4	-1.8	0.1	0	0.2	0	-0.1	0.3	1.1	0	-0.2	-0.1	-0.2	-0.5	2.7	-2.3	-0.1	0.8	2.1	1.3	0.5	-1
-1.2	-2	0.6	-4.8	-1.2	1.1	3.3	0.9	0.8	-1.8	0.1	0	-0.5	0	0	0.5	1	0.1	0.3	0.1	0	-0.3	3.3	-2	0	0.8	1.9	1.4	0.5	-1
-0.8	-1.3	2.8	-3.5	-0.8	0.7	2.6	0.9	0.6	-2	-0.1	-0.2	0.2	0	-0.3	0.2	0.8	0	0.1	-0.5	0.1	-0.1	3.6	-1.6	0.2	0.7	1.7	1.5	0.4	-0.8
-0.3	-0.7	3.2	-2.9	-0.2	0.8	2	1.3	0.8	-1.2	-0.2	-0.3	-0.7	-0.8	-0.1	0	0	0.1	0.2	-0.1	0.2	0.1	3.8	-1.3	0.3	0.7	1.6	1.6	0.4	-0.7
0	-0.3	4.5	-2.1	0	0.9	2.2	1.6	0.5	-0.9	-0.3	-0.4	-0.1	-1	-0.2	0	0	0	0.1	0	0.3	0.2	3.8	-1.1	0.4	0.7	1.5	1.6	0.3	-0.6
0.6	0.6	6.1	-0.6	0.5	0.9	2.2	1.5	0.4	-0.8	0.2	0.2	1.9	0.2	0	0.1	0.4	0	0.1	-0.2	0.4	0.3	3.7	-0.9	0.5	0.7	1.4	1.6	0.3	-0.5
0.9	0.9	5.3	0	0.9	0.9	1.9	1.7	0.3	-0.6	0.3	0.4	0.8	0.5	0.3	0.2	0.6	-0.1	0	-0.2	0.3	0.3	3.1	-0.9	0.5	0.6	1.2	1.6	0.3	-0.5
0.4	0.3	4.2	-0.6	0.4	0.5	1.2	1.7	0.3	-0.7	0.1	0.2	1.7	0.3	0	0	0.2	-0.1	-0.1	-0.2	0.2	0	2.4	-1.2	0.3	0.5	0.9	1.6	0.2	-0.4
0.1	-0.1	1.8	-1.5	0.3	0.4	0.8	1.6	0.2	-0.6	-0.1	0	1.1	0.1	-0.2	-0.1	0.1	-0.1	-0.1	-0.5	0.1	-0.1	1.5	-1.5	0.3	0.5	0.8	1.6	0.2	-0.3
0.1	-0.1	1.2	-1.6	0.3	0.6	0.8	1.6	0.3	0	-0.6	-0.8	-1.2	-1.5	-0.4	0	-0.1	0.2	0	-0.1	0.1	-0.1	1.2	-1.6	0.3	0.6	0.8	1.6	0.3	0
0.9	1	3.8	0.8	0.8	0.7	0.9	1.6	0.4	0.2	-1	-1.3	-3.9	-2.5	-0.6	0	0.1	0.2	-0.1	0	3.5	4.6	8.8	6.3	3.5	0.5	0.5	0.8	1	-0.2
2.7	3.3	9.2	4.6	2.2	0.8	1.1	1.5	0.8	0.1	-0.2	-0.3	-1.3	-1.1	0	0.2	0.2	0.4	0.1	0.1	3.8	4.9	9.3	6.9	3.7	0.5	0.5	0.7	1.1	-0.2
3.3	4.2	12.4	6.7	2.5	0.7	0.9	1.2	1	-0.1	0.4	0.6	2.8	0.9	0.2	0	-0.1	0.3	0.2	-0.2	3.9	5.1	9.3	7.1	3.9	0.4	0.4	0.6	1.1	-0.2
3.6	4.6	11.7	7.3	2.9	0.8	0.9	1.1	1.1	0.2	0.6	0.7	1.6	1.4	0.4	0.1	0.3	0	0.1	-0.1	4	5.2	9	7.1	4	0.4	0.4	0.6	1.1	-0.2
4.1	5.2	12.1	7.8	3.5	0.7	0.7	1.1	1.2	0.2	0.4	0.5	0.6	0.6	0.4	0.3	0.3	0.4	0.3	0.2	4	5.2	8.6	7.1	4.2	0.4	0.3	0.5	1.1	-0.3
4.6	6	13.4	9	4.1	0.6	0.7	0.7	1.1	-0.2	0.1	0.1	0.6	-0.1	0.1	0.2	0.2	0.4	-0.1	0.2	4	5.2	8.1	7	4.3	0.3	0.2	0.4	1.1	-0.4
4.7	6.1	11.5	8.8	4.6	0.4	0.7	0.3	1.1	-0.5	0.3	0.4	1.3	0.6	0.3	0	0.1	-0.1	0	0	3.9	5.1	7.3	6.7	4.3	0.3	0.2	0.4	1.1	-0.4
4.1	5.4	8.1	7.4	4.4	0.3	0.3	0.3	1.1	-0.7	0.4	0.5	1.1	0.8	0.3	0	0.1	0.1	0	-0.1	3.7	4.9	6.5	6.3	4.2	0.2	0.1	0.4	1.1	-0.4
3.4	4.5	6.1	5.7	3.9	0.1	0.1	0.2	0.9	-0.6	-0.2	-0.2	-0.2	-0.1	-0.2	-0.1	-0.1	-0.2	0	-0.2	3.6	4.8	6.1	6	4.2	0.2	0	0.4	1.1	-0.3
3.1	4.1	5	5.1	3.7	0.2	0	0.3	0.9	-0.3	-0.2	-0.2	-0.8	-0.5	0	-0.2	-0.2	-0.2	-0.1	-0.1	3.7	4.9	6.1	6.1	4.3	0.3	0	0.5	1.1	-0.2
3.7	4.8	6.4	5.9	4.2	0.3	0	0.5	1.1	-0.1	-0.1	-0.1	0.6	0	-0.2	0	0	0	-0.1	0.1	4	5.2	6.6	6.6	4.6	0.3	0	0.6	1.3	-0.2
4.3	5.7	6.8	7.3	4.9	0.3	0	0.8	1.4	-0.3	0.3	0.3	1.3	0.9	0	0.1	0	0.2	0.1	0	4.3	5.7	6.8	7.3	4.9	0.3	0	0.8	1.4	-0.3
4.9	6.4	9.1	8.1	5.5	0.5	0.2	0.6	1.6	-0.2	0.8	0.9	1.1	1.2	0.8	0.2	0.2	0.2	0.3	0	6.3	8.3	20.7	11.5	6.1	0.7	0.6	1.2	1.3	-0.1
5.8	7.5	10.8	9.7	6.3	0.6	0.4	0.7	1.7	0	0.5	0.6	1.7	1	0.3	0.1	0	0.1	0.2	-0.1	6.4	8.5	21.9	11.9	6.1	0.7	0.6	1.2	1.3	-0.1
6.9	9	14.7	11.6	7.5	0.8	0.6	0.9	1.9	0	0.7	0.9	2.1	1.4	0.6	0.1	-0.1	0.1	0.3	0.1	6.5	8.6	23.2	12.1	6.1	0.7	0.7	1.3	1.2	-0.1
6.9	9.1	17.2	11.9	7.3	0.7	0.7	1.2	1.3	0	1	1.3	2	1.9	1	0.1	0.2	0.1	0.2	-0.1	6.5	8.6	24.2	12.2	6	0.7	0.7	1.3	1.2	-0.1
6.3	8.3	18.2	11	6.4	0.6	0.7	1.4	0.8	0	0.9	1.2	1.8	1.7	1	0.1	0.3	0	0.2	-0.1	6.4	8.5	25.2	12.2	5.8	0.6	0.7	1.3	1.2	-0.2
5.5	7.3	15.8	9.3	5.8	0.5	0.4	1.2	0.6	0	0.2	0.2	-1.1	-0.2	0.5	0	0.1	0	-0.1	0	6.4	8.6	26.2	12.4	5.7	0.7	0.6	1.3	1.2	-0.2
5.5	7.3	18.3	10	5.4	0.5	0.1	1.3	1	0.1	-0.2	-0.2	-1.7	-0.7	0.1	-0.1	-0.2	0	0	-0.2	6.6	8.8	28.1	12.9	5.7	0.7	0.7	1.3	1.3	-0.2
5.5	7.3	22.7	11.1	4.6	0.6	0.3	1.5	1.1	0.2	-0.3	-0.4	-0.8	-0.7	-0.2	-0.1	-0.2	0	-0.2	0	6.8	9.1	30.2	13.5	5.8	0.7	0.8	1.3	1.4	-0.3
6.4	8.4	28.3	13	5.2	0.7	0.5	1.5	1.4	-0.1	-0.4	-0.6	-1.2	-0.8	-0.4	-0.1	-0.2	0	-0.1	0.1	7.2	9.5	32.2	14.1	6	0.8	0.9	1.3	1.5	-0.4
7.6	10.1	33.7	14.9	6.5	0.7	0.7	1.3	1.4	-0.4	0.3	0.5	0.6	0.3	0.5	0	-0.2	0	0.1	0.1	7.4	9.9	33.6	14.5	6.3	0.8	1.1	1.2	1.5	-0.5
7.8	10.4	36.1	15.5	6.6	0.8	1.1	1.3	1.5	-0.6	0.6	0.7	1	1.2	0.5	0.1	0	0.2	0.2	-0.1	7.3	9.7	33.5	14.2	6.2	0.8	1.2	1.2	1.5	-0.6
6.9	9.1	31	12.9	5.9	0.8	1.3	1.1	1.5	-0.6	0.8	1.1	3.5	1.7	0.6	0.2	0.3	0	0.4	0.1	6.9	9.1	31	12.9	5.9	0.8	1.3	1.1	1.5	-0.6
5.5	7.2	21.1	9.8	5.1	0.8	1.3	1.3	1.3	-0.8	1.6	2	2.7	2.7	1.6	0.3	0.4	0.3	0.4	0.1	-1.4	-1.8	-4.6	-3.3	-1	0	0.6	0.9	0	-1.5
3.3	4.3	14.8	5.8	2.9	0.4	0.9	1.1	0.7	-1	1.5	2	5.2	2.7	1.4	0.2	0.3	0.2	0.4	0	-2	-2.6	-6.7	-4.4	-1.6	-0.1	0.5	0.8	-0.1	-1.5
1.2	1.6	7.9	1.9	0.9	0.1	0.6	0.9	0.2	-1.2	0.7	1	4.4	1.7	0.4	0	0	0.4	-0.3	0	-2.5	-3.3	-8.7	-5.4	-2	-0.2	0.4	0.8	-0.2	-1.6
0.1	0.1	2.1	-0.2	0.1	0	0.3	0.7	0.5	-1.5	0.5	0.6	2.9	1.1	0.2	0	0.1	0.2	-0.2	-0.1	-2.9	-3.8	-10.4	-6.1	-2.3	-0.2	0.4	0.8	-0.2	-1.6
-0.8	-1	-3.2	-2.3	-0.4	0	0.1	0.8	0.7	-1.3	0.2	0.3	-0.3	0.1	0.4	-0.1	-0.1	-0.2	0	0	-3.2	-4.3	-11.9	-6.9	-2.6	-0.2	0.4	0.8	-0.3	-1.6
-1.7	-2.3	-5.6	-4.5	-1.2	0	0.2	1.1	0.6	-1.4	0.2	0.3	1	0.4	0.1	0	-0.2	0.1	0.3	0.1	-3.6	-4.7	-13	-7.5	-2.9	-0.2	0.5	0.8	-0.4	-1.7
-2.6	-3.5	-8.2	-6.1	-2	-0.1	0.6	1	0	-1.7	-0.2	-0.3	1.9	0.3	-0.6	0	0	0.2	0.1	-0.1	-3.9	-5.1	-14.2	-8	-3.2	-0.3	0.5	0.8	-0.6	-1.7
-2.8	-3.7	-9.6	-7.2	-1.8	-0.2	0.6	0.7	-0.3	-1.7	0.5	0.7	3.8	0.9	0.4	0	0	-0.1	0.1	-0.3	-4.1	-5.5	-15.4	-8.3	-3.5	-0.3	0.5	0.7	-0.7	-1.7
-3.4	-4.5	-13	-7.7	-2.5	-0.2	0.7	0.7	-0.5	-1.7	0.7	1	2.9	0.9	0.9	-0.1	0.1	-0.2	-0.1	-0.2	-4.5	-5.9	-16.9	-8.6	-3.9	-0.4	0.5	0.7	-0.8	-1.7
-4.3	-5.7	-16.3	-8.8	-3.6	-0.2	0.7	0.8	-0.6	-1.7	0.5	0.7	2.4	0.8	0.5	0.1	0.2	0	0.2	-0.1	-4.8	-6.4	-18.1	-8.9	-4.3	-0.4	0.4	0.7	-0.9	-1.7
-4.9	-6.5	-18.2	-8.9	-4.5	-0.4	0.4	0.7	-1	-1.7	-0.3	-0.5	-2.8	-1	-0.1	0.1	0.2	0	0.2	-0.1	-5.1	-6.7	-19	-9	-4.7	-0.5	0.3	0.7	-1.1	-1.7
-5.3	-6.9	-19.8	-9.1	-4.9	-0.5	0.2	0.7	-1.2	-1.6	-0.5	-0.7	-4.3	-1.1	-0.2	0.1	0.2	0.3	0.1	-0.1	-5.3	-6.9	-19.8	-9.1	-4.9	-0.5	0.2	0.7	-1.2	-1.6
-5.9	-7.6	-19.7	-10.3	-5.4	-0.4	-0.1	0.7	-0.9	-1.1	-0.6	-0.8	-2.7	-1.1	-0.5	0	0.1	0.1	-0.1	-0.1	-5.2	-6.7	-19.7	-9.5	-4.3	-0.3	0	0.7	-0.7	-0.8
-5.9	-7.6	-19.9	-10.7	-5.2	-0.4	-0.2	0.7	-0.9	-1	-0.5	-0.7	-1.1	-1.1	-0.5	-0.1	-0.1	0	-0.1	-0.2	-5.2	-6.7	-19.7	-9.5	-4.2	-0.3	0	0.7	-0.7	-0.8
-5.9	-7.6	-20.8	-10.8	-4.9	-0.4	-0.2	0.8	-1	-0.8	-0.4	-0.5	-1.1	-0.5	-0.4	-0.1	-0.3	0.1	0	-0.1	-5.1	-6.6	-19.7	-9.4	-4.1	-0.2	0	0.7	-0.7	-0.7
-5.95	-7.72	-21.23	-11.36	-4.82	-0.25	0.03	0.83	-1.02	-0.58	-0.4	-0.56	-2.19	-0.93	-0.27	0.07	-0.09	0.39	0.06	0.12	-4.99	-6.46	-19.54	-9.21	-3.97	-0.23	0.02	0.64	-0.63	-0.74
-5.92	-7.66	-20.87	-11.11	-4.86	-0.33	0.14	0.59	-1.15	-0.78	-0.78	-1.03	-2.46	-1.96	-0.52	-0.03	0.05	0.04	-0.13	-0.09	-4.87	-6.31	-19.34	-8.95	-3.86	-0.22	0.02	0.62	-0.58	-0.76
-5.37	-6.95	-19.44	-9.68	-4.53	-0.28	0.17	0.54	-1	-0.75	-0.68	-0.88	-1.48	-1.2	-0.7	-0.05	0.13	0.01	-0.24	-0.17	-4.72	-6.12	-19.13	-8.64	-3.72	-0.21	0	0.63	-0.5	-0.75
-4.81	-6.24	-18.52	-8.48	-4.05	-0.23	0.06	0.51	-0.73	-0.65	-0.43	-0.56	-0.11	-0.86	-0.47	-0.03	0	0.01	-0.15	0.01	-4.61	-5.98	-19.08	-8.47	-3.58	-0.2	-0.03	0.64	-0.42	-0.75
-4.61	-5.95	-19.22	-7.91	-3.79	-0.29	0.11	0.48	-0.58	-1.07	-0.09	-0.11	-0.5	0.32	-0.25	-0.05	0.06	0.02	-0.02	-0.27	-4.57	-5.93	-19.19	-8.47	-3.49	-0.19	-0.05	0.67	-0.36	-0.78
-4.57	-5.92	-19.63	-8.27	-3.53	-0.23	0.09	0.51	-0.55	-0.87	-0.26	-0.32	-1.09	-0.4	-0.23	-0.07	0.09	-0.21	-0.08	-0.19	-4.56	-5.92	-19.18	-8.61	-3.42	-0.17	-0.09	0.71	-0.3	-0.7
-4.56	-5.93	-19.56	-8.37	-3.5	-0.14	-0.03	0.74	-0.4	-0.62	-0.07	-0.09	-0.29	0.44	-0.3	-0.01	0	-0.02	-0.07	0.06	-4.56	-5.92	-19.04	-8.72	-3.38	-0.14	-0.15	0.78	-0.22	-0.64
-4.8	-6.24	-20.12	-9.21	-3.53	-0.13	-0.14	0.75	-0.18	-0.63	-0.73	-0.97	-4.08	-1.16	-0.62	0.02	0.03	-0.01	0.02	0.01	-4.56	-5.92	-18.78	-8.89	-3.32	-0.14	-0.2	0.8	-0.13	-0.66
-4.32	-5.6	-17.45	-8.58	-3.1	-0.15	-0.26	0.84	-0.08	-0.68	-1.09	-1.42	-4.5	-2.41	-0.71	-0.06	-0.05	0.22	-0.09	-0.2	-4.32	-5.6	-17.45	-8.58	-3.1	-0.15	-0.26	0.84	-0.08	-0.68
-3.32	-4.29	-13.2	-6.36	-2.51	-0.16	-0.29	0.57	0.01	-0.58	-0.63	-0.82	-2.84	-1.53	-0.34	-0.03	-0.07	0.09	-0.08	0	-1.89	-2.47	-6.5	-2.99	-1.84	-0.02	0.16	0.69	0.09	-0.83
-2.69	-3.49	-10.65	-4.69	-2.25	-0.13	-0.15	0.5	0.07	-0.69	-0.49	-0.64	-2.26	-1.24	-0.23	-0.04	-0.09	0.12	-0.16	0.03	-1.76	-2.3	-5.91	-2.68	-1.78	0	0.2	0.7	0.1	-0.85
-2.24	-2.95	-8.87	-3.68	-2.05	0.04	0.17	0.51	0.28	-0.69	-0.4	-0.6	-1.71	-1.05	-0.31	0.02	-0.05	0.17	-0.09	0.12	-1.67	-2.19	-5.44	-2.48	-1.74	0.01	0.24	0.72	0.1	-0.87
-1.8	-2.39	-6.68	-2.72	-1.83	0.11	0.35	0.65	0.36	-0.83	-0.4	-0.5	-1.74	-0.64	-0.31	0	0.03	0.16	-0.07	-0.08	-1.6	-2.1	-5.06	-2.35	-1.7	0.01	0.25	0.75	0.08	-0.89
-1.2	-1.65	-4.44	-1.48	-1.45	0.24	0.62	0.67	0.44	-0.78	-0.2	-0.27	-0.71	-0.39	-0.17	0.02	0.09	-0.01	0.02	-0.05	-1.58	-2.07	-4.87	-2.31	-1.69	-0.01	0.24	0.76	0.04	-0.9
-0.87	-1.22	-3.37	-0.78	-1.19	0.26	0.71	0.74	0.42	-0.88	-0.09	-0.12	-0.36	0.12	-0.2	0	0.02	-0.01	0.03	-0.07	-1.63	-2.13	-4.93	-2.42	-1.72	-0.04	0.18	0.77	-0.02	-0.91
-1.11	-1.53	-4	-1.46	-1.31	0.23	0.69	0.79	0.31	-0.89	-0.21	-0.25	-0.96	-0.24	-0.19	-0.09	0.05	-0.02	0	-0.43	-1.76	-2.27	-5.17	-2.69	-1.81	-0.09	0.09	0.78	-0.09	-0.92
-1.45	-1.95	-4.87	-2.04	-1.62	0.17	0.41	0.82	0.17	-0.6	-0.06	-0.08	-1.01	-0.07	0.01	0.01	0.04	0.05	0.02	-0.07	-1.88	-2.42	-5.4	-2.93	-1.91	-0.15	-0.03	0.77	-0.17	-0.92
-2	-2.61	-6.06	-3.06	-2.07	-0.06	0.08	0.73	-0.05	-0.78	-0.25	-0.33	-1	-0.5	-0.19	0.02	-0.03	0.01	0.07	0.07	-1.99	-2.54	-5.53	-3.14	-1.98	-0.24	-0.13	0.76	-0.25	-1
-2.3	-2.95	-6.66	-3.81	-2.21	-0.21	-0.22	0.83	-0.11	-0.94	-0.32	-0.42	-0.99	-0.47	-0.34	0	-0.11	-0.01	0.15	0.04	-1.99	-2.51	-5.35	-3.17	-1.95	-0.29	-0.21	0.77	-0.32	-1.08
-2.02	-2.54	-5.33	-3.22	-1.97	-0.33	-0.3	0.77	-0.33	-1.06	-0.2	-0.3	-0.88	-0.48	-0.17	0	-0.09	0.07	0.11	-0.04	-1.8	-2.3	-4.69	-2.85	-1.82	-0.34	-0.2	0.74	-0.42	-1.15
-1.64	-2.05	-4.05	-2.48	-1.66	-0.35	-0.09	0.72	-0.51	-1.24	-0.05	-0.05	0.43	-0.04	-0.1	-0.06	-0.08	-0.05	0.01	-0.1	-1.64	-2.05	-4.05	-2.48	-1.66	-0.35	-0.09	0.72	-0.51	-1.24
-1.36	-1.78	-4.05	-2.04	-1.45	0.01	0.58	1.08	-0.39	-1.14	0.01	0.01	0	0.22	-0.08	0	0.08	0.03	-0.02	-0.11	-1.91	-2.57	-5.71	-3.08	-2.03	0.19	0.71	1.22	-0.15	-0.9
-1.42	-1.91	-4.18	-2.45	-1.44	0.11	0.76	1.19	-0.41	-1.04	-0.03	-0.08	-0.3	-0.19	-0.02	0.12	0.23	0.13	0.05	0.03	-1.96	-2.64	-5.86	-3.17	-2.09	0.21	0.73	1.23	-0.13	-0.88
-1.51	-1.97	-4.09	-2.57	-1.5	-0.03	0.53	1.21	-0.64	-1.05	0	-0.03	0.65	-0.07	-0.08	0.09	0.13	0.31	-0.01	-0.02	-2.01	-2.71	-6.02	-3.24	-2.15	0.22	0.72	1.23	-0.1	-0.87
-1.34	-1.75	-4	-2.04	-1.4	-0.06	0.4	1.03	-0.58	-0.93	0.23	0.26	0.63	0.62	0.06	0.13	0.3	0.17	0.01	-0.03	-2.07	-2.8	-6.23	-3.31	-2.22	0.25	0.74	1.24	-0.04	-0.85
-1.63	-2.14	-4.18	-2.36	-1.85	0	0.48	1.08	-0.41	-0.98	0.14	0.17	0.39	0.32	0.09	0.04	0.17	0.06	0	-0.16	-2.16	-2.92	-6.49	-3.47	-2.32	0.28	0.79	1.26	0.02	-0.84
-2.27	-2.98	-5.99	-3.23	-2.58	-0.02	0.41	1.04	-0.51	-0.86	-0.33	-0.43	-1	-0.57	-0.32	-0.03	0	0.04	-0.08	-0.06	-2.23	-3.03	-6.8	-3.62	-2.39	0.32	0.83	1.29	0.09	-0.81
-2.7	-3.53	-8.55	-4.18	-2.75	-0.03	0.38	1.03	-0.52	-0.81	-0.55	-0.68	-1.85	-0.83	-0.51	-0.15	-0.23	0.01	-0.15	-0.14	-2.23	-3.04	-6.93	-3.68	-2.36	0.38	0.9	1.33	0.18	-0.81
-2.87	-3.79	-8.99	-5.13	-2.65	0.09	0.44	1.23	-0.27	-0.81	-0.62	-0.75	-2.26	-1.11	-0.44	-0.22	-0.28	-0.04	-0.2	-0.25	-2.13	-2.95	-6.61	-3.59	-2.28	0.46	1.01	1.39	0.33	-0.81
-2.62	-3.52	-8.23	-4.79	-2.46	0.29	0.57	1.31	0.09	-0.6	-0.55	-0.68	-1.63	-1.27	-0.33	-0.13	-0.34	0.11	0.01	-0.09	-1.95	-2.74	-6.02	-3.2	-2.19	0.56	1.15	1.43	0.48	-0.8
-1.92	-2.68	-5.61	-3.2	-2.15	0.51	1.18	1.38	0.27	-0.79	-0.03	0	0.42	0.13	-0.11	-0.12	-0.19	-0.07	-0.07	-0.08	-1.73	-2.47	-5.27	-2.67	-2.1	0.65	1.34	1.48	0.61	-0.87
-1.63	-2.37	-5.22	-2.59	-1.98	0.74	1.56	1.5	0.63	-0.84	0.15	0.21	0.46	0.28	0.15	-0.02	0.13	0.02	-0.07	-0.22	-1.63	-2.37	-5.1	-2.4	-2.08	0.71	1.42	1.52	0.78	-0.91
-1.64	-2.37	-4.97	-2.2	-2.18	0.68	1.28	1.54	0.93	-0.98	0.24	0.22	0.43	0.4	0.12	0.29	0.59	0.31	0.13	0	-1.64	-2.37	-4.97	-2.2	-2.18	0.68	1.28	1.54	0.93	-0.98
-1.94	-2.71	-6.1	-2.44	-2.49	0.53	0.88	1.32	0.8	-0.77	-0.06	-0.11	-0.14	-0.19	-0.07	0.1	0.25	0.14	-0.04	-0.02	-1.72	-2.49	-2.42	-1.98	-2.74	0.82	1.4	2.05	0.86	-0.92
-2.2	-2.99	-5.34	-2.74	-2.87	0.34	0.5	1.51	0.62	-0.92	-0.12	-0.15	-0.21	-0.31	-0.07	-0.01	0.01	0.14	-0.18	0.02	-1.7	-2.47	-2.09	-1.94	-2.76	0.84	1.45	2.12	0.87	-0.94
-2.76	-3.68	-6.44	-3.44	-3.5	0.23	0.3	1.55	0.53	-1.01	0.16	0.2	0.74	0.48	0.02	0.06	0	0.13	0.05	0.1	-1.65	-2.42	-1.76	-1.86	-2.75	0.89	1.55	2.18	0.89	-0.94
-3.55	-4.68	-7.84	-4.95	-4.24	0.14	0.27	1.61	0.28	-1.12	-0.06	-0.14	0.45	0.3	-0.39	0.2	0.38	0.22	0.18	-0.09	-1.53	-2.28	-1.23	-1.69	-2.66	0.97	1.69	2.25	0.93	-0.93
-3.48	-4.59	-8.3	-5.23	-3.94	0.2	0.46	1.68	0.27	-1.22	-0.52	-0.69	-1.51	-0.58	-0.66	0.01	0.1	0.03	-0.09	-0.04	-1.27	-1.97	-0.39	-1.28	-2.47	1.07	1.87	2.34	1.02	-0.91
-2.87	-3.87	-6.15	-4.5	-3.36	0.44	0.79	1.94	0.62	-1.21	-0.77	-1	-3.69	-1.54	-0.49	-0.03	-0.04	0.03	-0.1	-0.01	-0.95	-1.6	0.78	-0.7	-2.25	1.2	2.08	2.43	1.12	-0.86
-2.08	-2.93	-2.88	-2.99	-2.91	0.73	1.29	2.11	0.91	-1.21	-0.73	-0.94	-2.33	-1.8	-0.41	-0.04	-0.17	0.2	0.11	-0.14	-0.63	-1.22	1.97	-0.06	-2.07	1.33	2.29	2.51	1.21	-0.81
-1.4	-2.09	-1.46	-1.12	-2.58	0.91	1.8	2.08	0.95	-1.24	-0.37	-0.48	-1.44	-0.76	-0.25	-0.02	-0.14	0.03	0.16	-0.04	-0.34	-0.87	2.97	0.54	-1.9	1.45	2.49	2.6	1.27	-0.72
-0.7	-1.24	2.19	0.12	-2.21	1.14	2.18	2.14	1.11	-1.08	0.16	0.18	1.17	0.38	-0.01	0.1	0.26	0.18	0.19	-0.29	-0.07	-0.56	4.14	0.96	-1.73	1.59	2.67	2.73	1.35	-0.59
-0.32	-0.83	3.69	0.82	-2.03	1.4	2.39	2.59	1.22	-0.72	0.27	0.32	0.84	0.76	0.07	0.11	0.18	0.06	0.29	-0.13	0.15	-0.33	4.82	1.25	-1.57	1.74	2.84	2.92	1.43	-0.43
0.03	-0.47	4.7	1.2	-1.75	1.69	2.63	3.06	1.45	-0.4	0.14	0.21	0.72	0.68	-0.05	-0.08	-0.15	0.06	0.23	-0.36	0.38	-0.08	5.4	1.46	-1.34	1.9	3.06	3.09	1.53	-0.29
0.73	0.32	6.12	1.73	-0.92	2.11	3.49	3.12	1.61	-0.17	-0.1	-0.1	-0.8	0.2	-0.2	0.1	0.2	0.1	0	0.2	0.73	0.32	6.12	1.73	-0.92	2.11	3.49	3.12	1.61	-0.17
1.69	1.43	9.42	2.87	-0.03	2.52	4.29	3.6	2.1	-0.46	-0.3	-0.4	0.7	-0.5	-0.5	-0.1	-0.1	0.3	-0.2	-0.2	6.03	6.6	15.39	9.21	4.58	4.17	7.41	4.22	4.02	-0.56
2.72	2.61	10.6	4.12	1.12	3.09	5.23	3.82	2.83	-0.41	-0.7	-0.9	-1.4	-1	-0.7	-0.1	-0.2	0.2	-0.3	-0.1	6.44	7.09	15.97	9.81	5.01	4.33	7.7	4.28	4.2	-0.57
5	5.24	15.12	7.86	3.1	4.22	7.36	4.48	3.86	-0.34	-0.7	-0.8	-0.8	-1.1	-0.7	0	0	0.2	-0.2	0	6.82	7.55	16.54	10.41	5.41	4.45	7.96	4.32	4.34	-0.59
6.52	7.11	17.16	10.65	4.56	4.62	8.25	4.54	4.43	-0.6	0	-0.1	-0.1	0	-0.1	0.3	0.6	0.3	0.2	-0.2	7.02	7.81	16.7	10.7	5.67	4.48	8.03	4.31	4.4	-0.62
7.25	8.01	18.75	11.59	5.39	4.79	8.32	4.64	4.67	-0.32	0.1	0.07	0.8	0.18	-0.06	0.26	0.43	0.28	0.25	-0.02	7.09	7.9	16.64	10.71	5.81	4.46	8	4.28	4.39	-0.62
7.54	8.4	18.09	12.07	5.85	4.75	8.59	4.45	4.46	-0.49	0	-0.04	-0.33	0.02	-0.03	0.25	0.46	0.2	0.19	-0.01	7.06	7.88	16.33	10.58	5.87	4.41	7.96	4.23	4.35	-0.66
7.12	7.88	16.74	11.13	5.57	4.65	8.46	4.44	4.23	-0.48	0	-0.08	-0.9	0.09	-0.07	0.14	0.33	0.18	0.15	-0.18	6.98	7.8	16.04	10.34	5.87	4.36	7.85	4.19	4.33	-0.69
6.79	7.45	17.1	9.89	5.41	4.6	8.3	4.39	4.36	-0.53	0.3	0.38	2.21	0.48	0.14	0.21	0.23	0.09	0.32	0.13	6.96	7.78	15.9	10.18	5.94	4.3	7.73	4.14	4.35	-0.73
6.82	7.49	17.43	9.9	5.46	4.64	8.4	4.5	4.41	-0.64	0.5	0.6	2.65	1.09	0.17	0.36	0.47	0.62	0.3	0.07	7	7.86	15.58	10.25	6.07	4.22	7.58	4.07	4.35	-0.78
7.31	8.22	16.83	10.5	6.39	4.36	7.97	4.13	4.48	-0.93	0.6	0.68	1.83	1.14	0.35	0.4	0.41	0.52	0.52	0.19	7.06	7.99	14.95	10.37	6.28	4.08	7.31	3.93	4.33	-0.83
7.23	8.21	14.26	10.56	6.59	4.09	7.32	3.89	4.33	-0.8	0.8	1	2.09	1.21	0.8	0.33	0.69	0.12	0.38	-0.13	6.94	7.87	14.01	10.3	6.22	3.94	6.98	3.83	4.26	-0.78
6.64	7.5	13.75	10	5.8	3.8	6.6	3.8	4.2	-0.8	0.9	0.97	2.32	1.29	0.69	0.54	0.97	0.54	0.49	-0.08	6.64	7.53	13.75	10.04	5.85	3.8	6.64	3.76	4.19	-0.76