4.91
4.9
4.89
4.88
4.86
4.84
4.84
4.85
4.85
4.84
4.84
4.83
4.84
4.86
4.85
4.82
4.77
4.75
4.73
4.73
4.74
4.73
4.7
4.69
4.68
4.66
4.62
4.61
4.61
4.6
4.61
4.6
4.6
4.59
4.61
4.6
4.58
4.57
4.57
4.56
4.59
4.59
4.6
4.59
4.56
4.56
4.55
4.53
4.52
4.51
4.46
4.45
4.45
4.46
4.45
4.44
4.44
4.43
4.39
4.38
4.36
4.36
4.37
4.38
4.38
4.4
4.41
4.4
4.41
4.41
4.39
4.37
4.39
4.4
4.38
4.41
4.39
4.4
4.42
4.43
4.42
4.44
4.44
4.44
4.44
4.47
4.47
4.49
4.49
4.48
4.46
4.46
4.45
4.43
4.39
4.38
4.38
4.38
4.39
4.4
4.4
4.41
4.4
4.4
4.39
4.4
4.39
4.37
4.37
4.39
4.38
4.39
4.4
4.42
4.43
4.44
4.43
4.43
4.44
4.4
4.37
4.37
4.35
4.37
4.38
4.36
4.34
4.4
4.39
4.37
4.37
4.36
4.37
4.37
4.34
4.32
4.33
4.33
4.34
4.32
4.32
4.32
4.34
4.36
4.34
4.34
4.34
4.38
4.35
4.34
4.34
4.34
4.35
4.34
4.31
4.32
4.29
4.29
4.29
4.26
4.24
4.22
4.23
4.22
4.23
4.21
4.2
4.19
4.19
4.18
4.18
4.18
4.18
4.18
4.19
4.19
4.19
4.19
4.19
4.22
4.22
4.23
4.24
4.26
4.26
4.28
4.29
4.3
4.32
4.34
4.35
4.37
4.35
4.35
4.32
4.33
4.32
4.34
4.34
4.35
4.36
4.37
4.38
4.37
4.35
4.34
4.29
4.27
4.29
4.31
4.32
4.33
4.31
4.29
4.27
4.27
4.24
4.22
4.23
4.21
4.15
4.15
4.15
4.14
4.15
4.14
4.11
4.09
4.05
4.03
4.02
4
3.99
3.96
3.94
3.96
3.94
3.88
3.8
3.75
3.69
3.64
3.59
3.61
3.59
3.58
3.52
3.43
3.4
3.41
3.39
3.34
3.3
3.26
3.23
3.2
3.2
3.21
3.21
3.2
3.18
3.2
3.27
3.3
3.27
3.26
3.22
3.16
3.14
3.1
3.13
3.13
3.09
3.08
3.08
3.07
3.04
3.03
3.05
3.05
3.05
3
3
3.01
3.02
3.02
3.03
3.02
3.02
3.05
3.07
3.07
3.06
3.09
3.13
3.17
3.2
3.23
3.25
3.27
3.3
3.33
3.35
3.39
3.39
3.39
3.41
3.44
3.46
3.48
3.53
3.59
3.6
3.62
3.66
3.69
3.72
3.73
3.75
3.75
3.82
3.84
3.77
3.74
3.75
3.77
3.81
3.84
3.87
3.88
3.9
3.96
4.02
4.04
4.07
4.06
4.04
4.04
4.04
4.05
4.09
4.13
4.15
4.17
4.18
4.21
4.3
4.3
4.28
4.31
4.36
4.34
4.38
4.47
4.53
4.6
4.55
4.53
4.52
4.54
4.61
4.67
4.71
4.75
4.84
4.78
4.78
4.82
4.81
4.81
4.79
4.8
4.86
4.92
4.95
4.97
4.95
4.95
4.96
4.94
4.91
4.91
4.93
4.95
4.95
5.02
5.05
4.98
4.93
4.88
4.87
4.81
4.62
4.53
4.48
4.4
4.29
4.22
4.21
4.15
4.06
4.02
3.99
3.93
3.89
3.86
3.83
3.82
3.81
3.81
3.8
3.83
3.83
3.83
3.83
3.8
3.78
3.77
3.78
3.74
3.72
3.74
3.74
3.73
3.72
3.68
3.67
3.67
3.71
3.7
3.64
3.64
3.65
3.66
3.67
3.67
3.66
3.64
3.63
3.63
3.64
3.65
3.64
3.65
3.66
3.66
3.65
3.65
3.64
3.64
3.64
3.63
3.65
3.72
3.65
3.62
3.61
3.6
3.6
3.62
3.62
3.61
3.6
3.58
3.58
3.58
3.56
3.57
3.58
3.58
3.58
3.58
3.58
3.59
3.59
3.57
3.57
3.55
3.57
3.58
3.58
3.57
3.6
3.58
3.57
3.54
3.5
3.51
3.51
3.51
3.54
3.59
3.63
3.67
3.75
3.8
3.82
3.81
3.86
3.86
3.85
3.79
3.87
3.93
3.87
3.82
3.84
3.81
3.91
3.77
3.7
3.68
3.71
3.73
3.8
3.77
3.75
3.82
3.81
3.73
3.69
3.72
3.68
3.67
3.67
3.69
3.68
3.68
3.67
3.63
3.6
3.57
3.56
3.55
3.56
3.57
3.57
3.56
3.52
3.53
3.56
3.56
3.58
3.57
3.56
3.56
3.55
3.54
3.51
3.5
3.46
3.44
3.43
3.43
3.42
3.45
3.35
3.29
