12863
12389
12155
12072
12160
12568
13236
14190
15213
15647
15653
15416
14994
14581
14335
14269
14685
15680
16386
16020
15476
14753
13757
12707
11861
11373
11085
10905
10930
11167
11604
12347
13501
14438
15055
15407
15513
15331
15192
15175
15574
16281
16842
16504
15815
14745
13444
12350
11657
11358
11315
11511
12068
13523
15850
17340
17839
18048
18192
18169
17991
17783
17489
17374
17762
18849
19997
19764
19089
17930
16416
15059
14222
13870
13748
13804
14133
15287
17309
18491
18619
18460
18238
17933
17506
17242
16849
16694
16961
17904
18908
18578
17856
16623
14996
13581
12638
12184
11961
11884
12150
13256
15276
16536
16874
16941
16984
16918
16721
16646
16426
16381
16745
17506
18091
17648
16898
15766
14152
12823
11971
11603
11454
11467
11813
13032
15164
16545
17029
17274
17543
17708
17733
17737
17503
17371
17658
18590
19481
19128
18275
17119
15609
14286
13519
13181
13069
13138
13533
14743
16677
17765
17900
17747
17573
17343
16966
16768
16421
16296
16520
17288
18162
17789
17137
16260
15039
13740
12788
12251
11974
11825
11881
12309
12934
13876
14745
15159
15126
14872
14432
14008
13679
13571
13849
14796
15975
15696
15188
14508
13554
12526
11696
11164
10892
10742
10718
10946
11261
11990
12900
13661
14012
14120
13999
13738
13511
13540
13987
15119
16619
16649
16196
15273
14061
13055
12446
12203
12147
12240
12670
13982
16079
17355
17630
17687
17736
17676
17477
17352
17104
16999
17310
18235
19393
19199
18492
17287
15688
14347
13552
13185
13068
13085
13444
14637
16641
17740
17814
17687
17548
17336
17055
16861
16557
16465
16820
17717
18679
18345
17613
16420
14803
13411
12539
12121
11917
11887
12168
13328
15317
16534
16720
16612
16511
16333
16064
15897
15708
15670
15914
16556
17606
17387
16747
15624
14028
12675
11808
11421
11233
11230
11544
12737
14828
16215
16631
16777
16919
17001
16954
17013
16945
16990
17334
17924
18692
18376
17616
16436
14938
13694
12876
12567
12452
12501
12853
14027
15944
17182
17425
17448
17420
17263
16898
16656
16287
16034
16129
16664
17755
17546
16923
16054
14822
13586
12645
12136
11856
11718
11778
12179
12807
13861
14928
15435
15480
15270
14846
14408
14087
13913
14013
14603
15804
15699
15246
14573
13645
12655
11849
11382
11143
11043
11094
11348
11688
12402
13191
13672
13786
13743
13521
13162
12871
12820
13122
13933
15309
15380
14862
13860
12619
11542
10836
10530
10407
10424
10772
11967
13950
15242
15578
15661
15735
15686
15509
15468
15259
15114
15167
15619
16704
16530
15701
14544
12981
11680
10858
10479
10293
10284
10597
11783
13851
15284
15677
15741
15739
15660
15450
15363
15158
15043
15222
15822
16931
16828
16128
14995
13468
12137
11342
11009
10867
10916
11272
12496
14505
15807
16121
16141
16145
16042
15801
15658
15427
15281
15507
16152
17438
17445
16771
15699
14164
12817
12000
11613
11459
11458
11796
12926
14890
16133
16397
16394
16471
16406
16214
16107
15950
15977
16390
17077
17698
17352
16634
15395
13809
12462
11582
11105
10863
10727
10948
12000
13924
15352
15821
15941
15995
15874
15622
15443
15203
14971
14929
15163
15972
15701
15043
14150
12912
11714
10807
10259
9989
9860
9926
10302
10955
12096
13326
14037
14366
14265
13949
13584
13232
13051
13214
13773
14735
14582
14030
13276
12288
11311
10486
10017
9779
9687
9751
9943
10336
11153
12172
12908
13229
13371
13293
13040
12774
12696
13054
13910
15119
15187
14606
13562
12360
11333
10652
10285
10184
10235
10615
11754
13750
15100
15474
15522
15586
15510
15298
15171
14954
14810
14929
15432
16587
16646
15946
14766
13184
11857
11025
10647
10485
10496
10830
11968
14019
15422
15760
15758
15764
15654
15448
15294
15083
14954
15086
15591
16721
16747
16046
14851
13286
11894
11031
10617
10414
10389
10686
11765
13751
15065
15404
15483
15514
15471
15346
15296
15130
14989
15236
15849
16613
16415
15708
14505
12913
11546
10724
10295
10100
10091
10426
11531
13530
14843
15196
15307
15363
15310
15124
15032
14814
14623
14683
14986
16085
16246
15681
14562
13017
11704
10851
10475
10296
10295
10626
11661
13655
14930
15223
15262
15310
15212
15018
14893
14652
14376
14322
14541
15475
15451
14830
13920
12789
11458
10563
10041
9778
9645
9675
9990
10664
11876
13065
13761
14009
13983
13769
13461
13184
13039
13257
13836
14656
14431
13849
13049
11996
10991
10120
9646
9374
9232
9252
9470
9877
10863
12117
13149
13728
14131
14293
14238
14116
14151
14519
15241
15955
15829
15201
14097
12813
11691
10982
10654
10526
10561
10935
12138
14379
16030
16525
16677
16744
16670
16431
16232
15949
15822
16026
16582
17639
17801
17090
15893
14270
12884
12042
11667
11490
11478
11837
12851
14793
16003
16267
16236
16246
16106
15920
15869
15795
15971
16487
17241
17863
17633
16834
15579
13879
12513
11599
11163
10986
10970
11292
12331
14345
15622
15868
15814
15803
15754
15565
15530
15423
15449
15846
16384
17033
16966
16317
15127
13498
12087
11225
10795
10587
10552
10863
11929
14050
15563
15981
16094
16244
16232
16094
16078
15989
16001
16336
16890
17416
17294
16515
15321
13715
12378
11480
11035
10846
10828
11153
12245
14325
15961
16612
16856
17015
16988
16825
16746
16595
16564
16778
17073
17456
17184
16479
15527
14239
13006
12068
11561
11322
11189
11256
11576
12269
13412
14699
15569
15949
16052
15838
15479
15171
15039
15190
15529
16111
15951
15339
14529
13459
12390
11513
11270.5
11028
10803
10796
11001
11279
11776
12607
13432
13950
14202
14172
13891
13544
13324
13332
13612
14023
15171
15651
14948
13712
12501
11635
11219
11069
11104
11401
12519
14654
16223
16734
16895
17009
16959
16841
16784
16598
16507
16622
16919
17119
17609
17416
16302
14715
13288
12324
11840
11634
11599
11845
12842
14795
16274
16809
16982
17070
17057
16944
16885
16743
16730
16875
17138
17205
17826
17723
16516
14793
13164
12015
11524
11298
11254
11512
12600
14738
16308
16752
16869
16964
16997
16818
16751
16569
16464
16596
16825
16925
17202
17075
16022
14393
12914
11973
11554
11322
11282
11568
12699
14729
16099
16273
16153
16086
15893
15627
15445
15161
14908
14839
14873
14966
15804
16157
15266
13776
12344
11422
10992
10794
10760
11043
12142
14201
15725
16214
16375
16461
16431
16271
16258
16139
16071
16201
16281
16221
16316
15997
15146
13860
12531
11520
10951
10615
10452
10485
10825
11527
12572
13841
14695
14991
14886
14499
13988
13568
13201
13010
12949
13023
13644
14081
13513
12583
11543
10621
10067
9800
9674
9700
9949
10260
11059
12041
12753
13036
13132
13056
12783
12484
12333
12416
12704
12988
13909
14492
13686
12444
11291
10540
10209
10100
10160
10525
11730
13747
15156
15550
15639
15681
15587
15377
15262
15015
14778
14711
14751
14790
15468
15899
14881
13306
11852
10887
10424
10164
10078
10325
11390
13257
14688
15125
15283
15455
15518
15426
15436
15335
15175
15090
14938
14816
15335
15702
14690
13022
11560
10583
10078
9812
9731
9933
10947
12778
14363
15036
15508
15736
16037
16030
16087
15964
15644
15395
15171
14904
15282
15486
14471
12936
11541
10604
10143
9959
9944
10243
11369
13355
14933
15532
15770
15859
15760
15553
15371
15101
14810
14750
14808
14932
15566
15968
15161
13722
12318
11397
10951
10714
10673
10879
11709
13084
14441
15252
15582
15619
15431
15100
14793
14437
14076
13988
13932
13911
14358
14763
14098
12949
11743
10808
10319
10054
9952
10020
10372
10920
11951
13042
13646
13724
13574
13258
12887
12577
12386
12396
12553
12663
13229
13856
13388
12402
11303
10338
9802
9535
9408
9428
9649
9975
10801
11699
12308
12428
12404
12200
11710
11239
10994
10931
11043
11299
12229
13042
12499
11431
10427
9728
9420
9297
9318
9607
10544
12078
13512
14264
14696
14928
14927
14754
14662
14416
14192
14118
14157
14245
14782
15009
14009
12527
11179
10310
9858
9623
9596
9821
10805
12589
14292
15178
15622
15895
15968
15896
15863
15636
15468
15582
15733
15734
15837
15637
14608
13098
11719
10754
10268
10028
9974
10210
11182
12921
14532
15293
15607
15720
15662
15448
15334
15145
14981
15057
15234
15336
15676
15794
14832
13371
12002
11062
10585
10347
10297
10562
11569
13253
14797
15513
15774
15801
15792
15601
15489
15243
14988
14861
14828
14739
15065
15592
14819
13413
12037
11115
10654
10446
10411
10682
11594
13151
14547
15104
15305
15344
15228
14994
14840
14572
14267
14040
13812
13609
13884
14461
13826
12657
11407
10471
9922
9610
9468
9496
9813
10415
11512
12812
13833
14375
14527
14411
14185
13923
13801
13878
14057
14071
14140
14089
13392
12371
11387
10410
9865
9573
9418
9412
9611
9942
10757
11785
12554
12840
12934
12797
12520
12226
12102
12157
12379
12538
13084
14043
13334
12016
10807
9964
9548
9380
9391
9694
10751
12695
14219
14817
15142
15425
15431
15443
15458
15332
15187
15104
14923
14654
14847
15544
14558
12882
11337
10301
9782
9512
9416
9643
10593
12485
14094
14741
15168
15511
15714
15719
15762
15539
15303
15166
15006
14722
14792
15430
14536
12836
11337
10304
9773
9498
9442
9674
10622
12528
14129
14711
14967
15149
15169
15084
15074
14942
14744
14667
14539
14334
14501
15228
14365
12760
11249
10278
9796
9583
9525
9747
10751
12748
14460
15089
15423
15640
15703
15565
15516
15298
15185
15172
15135
15074
15252
15518
14667
13033
11540
10528
9985
9675
9608
9810
10741
12642
14323
14979
15393
15760
15891
15854
15848
15717
15430
15206
14995
14766
14710
14684
13888
12594
11259
10261
9705
9396
9239
9278
9585
10167
11307
12466
13126
13330
13270
13030
12701
12405
12253
12258
12337
12313
12537
13319
12900
11881
10853
9976
9443
9187
9076
9104
9227
9534
10352
11331
12049
12356
12421
12356
12135
11921
11842
11988
12267
12479
12881
13811
13120
11758
10539
9753
9367
9232
9255
9565
10580
12600
14197
14764
15065
15289
15343
15259
15221
15013
14848
14766
14719
14626
14975
15390
14384
12724
11257
10323
9848
9635
9574
9811
10827
12879
14595
15157
15444
15632
15674
15610
15559
15398
15269
15351
15450
15350
15451
15564
14588
12911
11427
10456
9973
9729
9654
9888
10878
12875
14501
15001
15327
15606
15731
15702
15757
15659
15478
15318
15135
14905
15078
15636
14735
13061
11515
10478
9946
9673
9558
9771
10736
12758
14478
15083
15371
15600
15654
15499
15475
15290
15162
15211
15228
15099
15150
15411
14550
12991
11506
10503
9986
9732
9646
9860
10844
12812
14458
15004
15266
15438
15460
15297
15188
14968
14712
14514
14218
13881
13834
14449
13956
12736
11361
10331
9763
9438
9327
9381
9592
10243
11371
12464
13101
13270
13209
12997
12736
12512
12423
12465
12575
12563
12666
13422
13071
12036
10907
9940
9340
9038
8870
8864
8901
9250
10139
11223
12005
12318
12382
12309
12082
11877
11846
12065
12434
12868
13449
13733
12931
11710
10542
9746
9331
9177
9151
9434
10451
12549
14358
15058
15384
15634
15658
15526
15479
15268
15105
15221
15362
15251
15370
15530
14540
12844
11366
10372
9906
9685
9582
9823
10783
12789
14377
14911
15156
15351
15404
15299
15246
15078
14975
15024
15092
14981
15063
15358
14502
12856
11349
10383
9866
9624
9551
9804
10777
12789
14423
14925
15146
15314
15358
15261
15239
15077
14951
14979
14929
14775
14837
15254
14399
12817
11303
10352
9849
9602
9535
9788
10710
12731
14347
14875
15171
15395
15468
15395
15345
15156
14971
14879
14761
14580
14725
15141
14393
12827
11362
10345
9832
9593
9550
9775
10663
12638
14292
14874
15115
15309
15277
15104
15013
14793
14542
14413
14252
14067
14114
14559
14025
12784
11448
10465
9928
9636
9514
9570
9838
10534
11726
12873
13461
13509
13374
13062
12738
12466
12303
12313
12407
12399
12537
13229
13030
12059
10999
10121
9616
9364
9277
9330
9363
9757
10576
11543
12219
12457
12543
12465
12282
12103
12081
12198
12418
12576
12863
13689
13270
11886
10642
9784
9367
9218
9206
9520
10412
12472
14179
14895
15347
15778
15908
15964
16077
16037
15942
15869
15662
15321
15149
15642
14915
13164
11507
10431
9877
9619
9522
9751
10541
12552
14263
15039
15530
15976
16245
16345
16497
16480
16387
16238
15893
15436
15299
15737
15032
13265
11616
10557
10004
9723
9599
9791
10622
12660
14380
15048
15407
15714
15839
15751
15725
15616
15544
15642
15709
15574
15445
15488
14536
12986
11457
10430
9922
9691
9620
9825
10765
12755
14452
15043
15340
15536
15537
15474
15441
15258
15128
15185
15255
15180
15183
15403
14600
12979
11485
10498
9981
9735
9621
9843
10758
12684
14433
15146
15480
15651
15644
15482
15373
15125
14948
14907
14875
14734
14638
14690
13992
12730
11410
10391
9833
9547
9401
9412
9617
10174
11249
12521
13475
13902
13966
13774
13446
13199
13066
13125
13345
13418
13457
13663
13184
12164
11082
10199
9636
9300
9136
9126
9172
9501
10325
11359
12243
12680
12846
12758
12507
12236
12109
12142
12299
12382
12506
12968
12654
11682
10621
9743
9227
8956
8820
8867
9054
9517
10391
11554
12656
13404
13840
13907
13700
13498
13463
13714
14100
14133
14166
14221
13416
11985
10713
9848
9424
9227
9164
9470
10432
12533
14280
14938
15271
15536
15596
15483
15460
15254
15093
15074
14986
14750
14777
15299
14677
12983
11444
10417
9898
9668
9583
9820
10698
12691
14414
15029
15387
15685
15819
15757
15770
15608
15485
15495
15497
15320
15227
15373
14664
13020
11495
10495
9952
9662
9580
9823
10645
12661
14340
15014
15395
15711
15850
15807
15851
15739
15631
15560
15356
15062
14967
15457
14908
13241
11664
10572
10003
9708
9593
9800
10634
12581
14334
15087
15536
15874
16060
16003
16016
15905
15735
15592
15253
14813
14599
14885
14478
13167
11706
10578
9926
9528
9341
9333
9432
10079
11313
12607
13394
13740
13804
13712
13500
13280
13206
13253
13388
13381
13494
13744
13308
12282
11148
10224
9651
9313
9134
9087
9174
9470
10304
11486
12630
13349
13807
13931
13780
13542
13421
13501
13717
13701
13678
13902
13406
12075
10801
9909
9467
9274
9237
9471
10313
12432
14091
14750
15115
15413
15526
15491
15542
15413
15268
15223
15067
14774
14626
15114
14727
13055
11446
10371
9815
9562
9506
9733
10474
12478
14179
14841
15211
15523
15696
15697
15750
15628
15468
15401
15250
15010
14915
15277
14732
13062
11543
10468
9931
9647
9570
9774
10610
12605
14324
14994
15396
15705
15823
15760
15706
15557
15446
15487
15449
15252
15173
15364
14692
13050
11500
10487
9976
9735
9644
9850
10711
12702
14447
15147
15474
15744
15865
15762
15740
15623
15544
15637
15623
15345
15218
15472
14862
13227
11675
10597
10054
9786
9695
9875
10607
12682
14461
15275
15740
16047
16183
16130
16184
16129
16024
15902
15501
15043
14706
14968
14772
13439
11948
10779
10096
9716
9521
9515
9576
10317
11596
12888
13686
14073
14198
14091
13888
13674
13553
13612
13744
13651
13671
13798
13377
12348
11186
10234
9649
9317
9132
9090
9094
9468
10389
11569
12565
13097
13360
13348
13128
12888
12802
12891
13106
13260
13465
14011
13632
12310
10994
10081
9583
9373
9326
9568
10499
12549
14430
15203
15639
15982
16086
16012
15969
15817
15720
15758
15667
15325
15101
15457
15110
13439
11778
10685
10133
9838
9732
9927
10694
12768
14602
15399
15830
16184
16345
16402
16530
16543
16524
16526
16303
15827
15562
15891
15507
13741
12040
10910
10324
10020
9927
10064
10927
12903
14728
15638
16193
16577
16825
16903
17006
16912
16863
16900
16814
16495
16258
16391
15893
14211
12546
11391
10826
10529
10422
10613
11456
13571
15489
16352
16864
17231
17337
17226
17250
17120
16982
16834
16540
16134
16001
16351
15815
14140
12465
11289
10658
10310
10160
10307
11131
13007
14793
15691
16128
16363
16398
16218
16113
15870
15620
15508
15327
15040
14845
14856
14268
13013
11701
10635
10032
9709
9530
9510
9709
10320
11452
12768
13744
14210
14355
14286
14182
14108
14076
14108
14138
14012
14004
14292
14182
13124
11847
10768
10042
9638
9398
9307
9170
9624
10662
11934
12942
13544
13867
13883
13735
13629
13607
13700
13812
13761
13749
14223
14263
12875
11435
10396
9833
9571
9487
9683
10417
12399
14243
15150
15671
16001
16128
16062
16092
15980
15874
15827
15657
15319
15039
15240
14951
13281
11628
10545
9993
9732
9635
9835
10564
12435
14173
14970
15433
15874
16091
16145
16277
16222
16154
16107
15845
15379
15095
15322
15057
13427
11794
10697
10133
9860
9778
9968
10734
12598
14469
15363
15849
16219
16384
16388
16391
16284
16153
16170
16075
15813
15627
15707
15115
13570
12015
10961
10382
10105
10013
10201
10992
12855
14700
15722
16316
16778
16979
17024
17126
17083
16935
16843
16622
16234
15965
16147
15873
14308
12643
11463
10794
10438
10260
10417
11129
12841
14687
15772
16393
16761
16906
16864
16870
16752
16534
16336
15913
15404
14978
15063
14855
13574
12106
10952
10260
9873
9688
9656
9721
10395
11637
13042
13974
14422
14529
14383
14168
13913
13718
13729
13845
13762
13687
13795
13435
12411
11302
10353
9775
9441
9263
9233
9263
9594
10428
11562
12600
13304
13733
13847
13727
13497
13429
13558
13830
13942
13944
14036
13543
12347
11138
10258
9777
9558
9516
9760
10522
12255
14128
15305
16068
16656
16972
17088
17300
17331
17326
17341
17158
16764
16507
16669
16210
14537
12849
11650
10965
10605
10442
10601
11294
13070
15080
16488
17496
18372
18916
19298
19750
19975
20119
20211
20061
19594
19121
19101
18753
16792
14770
13325
12462
11948
11628
11701
12285
14101
16276
17860
19077
20125
20851
21330
21804
22060
22173
22187
21916
21412
20919
20878
20491
18524
16443
14938
13971
13444
13131
13184
13813
15684
18016
19776
21143
22272
22975
23366
23734
23851
23900
23896
23616
23037
22395
22224
21772
19743
17545
15924
14929
14322
13957
13951
14458
16195
18443
20280
21724
22842
23532
23829
24112
24111
23900
23613
23058
22140
21303
20927
20341
18471
16330
14631
13468
12724
12209
11961
11829
12408
13535
14890
15978
16575
16882
16954
16904
16867
16994
17135
17150
16939
16532
16447
16319
15139
13677
12448
11629
11131
10817
10665
10580
10908
11816
13020
14141
14940
15549
15924
16065
16186
16372
16591
16726
16485
16168
16341
16233
14872
13340
12211
11576
11259
11162
11341
11992
13688
15675
17054
18137
19152
19813
20092
20425
20482
20290
20062
19714
19080
18458
18310
17907
16053
14099
12655
11792
11265
11003
11041
11521
13194
15149
16519
17463
18186
18637
18833
19118
19245
19307
19359
19131
18592
17946
17761
17444
15705
13828
12468
11668
11202
10971
11034
11570
13207
15198
16648
17707
18558
19097
19391
19737
19884
19904
19907
19605
18935
18288
18233
17900
16239
14415
13058
12261
11794
11537
11589
12116
13673
15659
17139
18105
18756
19103
19172
19213
19088
18832
18609
18223
17612
17054
16864
16476
15195
13731
12508
11713
11260
11037
10987
11004
11510
12488
13853
15258
16384
17228
17773
17999
18081
18227
18409
18486
18175
17682
17604
17356
16515
15322
14060
13174
12598
12231
12098
12015
12571
13898
15649
17576
18827
19581
19999
20129
20151
20236
20300
20201
19819
19376
19249
19029
17748
16246
14818
13910
13321
12869
12668
12529
12836
13868
15447
17021
18196
18960
19345
19492
19596
19728
19917
20042
19788
19302
19279
19049
17431
15644
14266
13459
12943
12623
12622
13153
14856
17097
18738
19903
20797
21363
21704
22088
22351
22367
22258
21835
21184
20728
20613
19908
17991
16091
14672
13846
13382
13099
13161
13813
15555
17776
19508
20817
21897
22541
22886
23239
23430
23526
23588
23342
22781
22111
21878
21397
19400
17264
15661
14681
14013
13574
13503
13969
15458
17278
18505
19150
19423
19355
19025
18648
18190
17787
17593
17384
16935
16513
16512
16266
14742
13167
11979
11303
10921
10738
10883
11505
13056
14858
16060
16852
17445
17763
17814
17962
17929
17840
17767
17407
16786
16359
16512
16149
14673
13135
11994
11358
11033
10897
11056
11792
13240
14929
16090
16828
17269
17425
17343
17297
17077
16841
16706
16490
16101
15776
15818
15366
14139
12748
11602
10938
10554
10331
10310
10441
11038
12216
13617
14832
15616
16001
16121
16065
15970
15968
16052
16099
15879
15571
15696
15628
14576
13299
12169
11431
10968
10643
10508
10384
10744
11718
13009
14187
15066
15687
16022
16096
16111
16189
16331
16462
16253
15946
16110
16047
14681
13175
12047
11366
11012
10846
11020
11777
13301
15072
16263
17058
17704
18082
18311
18577
18670
18524
18357
18132
17677
17246
17283
16971
15328
13576
12312
11594
11217
11051
11194
11931
13494
15274
16434
17401
18344
18953
19243
19526
19664
19745
19802
19486
18809
18094
17989
17537
15774
14001
12702
11957
11510
11316
11479
12209
13788
15654
16788
17522
18101
18394
18379
18457
18438
18434
18555
18523
18243
17990
18073
17618
16047
14368
13077
12259
11751
11473
11530
12101
13657
15616
16981
17946
18721
19160
19388
19705
19844
19951
20036
19856
19319
18703
18535
18162
16398
14549
13161
12313
11836
11586
11680
12287
13838
15818
17185
18056
18699
19052
19093
18995
18567
18232
17997
17659
17180
16839
16941
16548
15266
13815
12639
11897
11412
11148
11057
11125
11646
12911
14351
15520
16219
16553
16617
16528
16469
16386
16445
16421
16173
15792
15830
15613
14449
13071
11922
11149
10662
10357
10212
10096
10443
11452
12807
13974
14756
15281
15588
15709
15814
15970
16219
16362
16181
15920
16272
16110
14792
13346
12289
11658
11320
11212
11421
12176
13786
15803
17200
18116
18736
19115
19292
19503
19540
19436
19384
19250
18936
18710
18859
18201
16435
14717
13508
12787
12411
12215
12369
13174
14832
16844
18120
19049
19894
20479
20827
21272
21320
21216
21021
20655
20132
19683
19515
18784
17056
15301
14075
13343
12933
12707
12838
13673
15234
17155
18388
19251
19903
20379
20547
20655
20617
20521
20565
20391
19972
19500
19612
19008
17252
15455
14102
13338
12913
12722
12848
13655
15185
17076
18241
18999
19631
20190
20494
20896
21017
20898
20851
20535
19849
19237
19247
18680
16973
15169
13810
12999
12503
12259
12303
12963
14388
16146
17560
18579
19426
19919
20213
20566
20716
20724
20669
20361
19682
18922
18735
18230
16690
14945
13494
12546
11967
11584
11428
11471
12046
13467
15186
16652
17694
18320
18508
18515
18509
18538
18642
18644
18269
17790
17916
17574
16317
14868
13658
12887
12383
12065
11952
12007
12239
12984
14149
15333
16444
17379
18015
18252
18441
18704
18881
18963
18854
18832
19224
18867
17485
15950
14662
13821
13272
12887
12898
13480
14828
16641
18012
18967
19665
20026
20182
20355
20431
20388
20361
20030
19312
18655
18773
18066
16264
14486
13165
12428
11990
11739
11834
12552
13968
15676
16921
17850
18598
19029
19254
19562
19696
19692
19696
19483
18877
18210
18273
17708
15957
14190
12874
12122
11674
11444
11549
12195
13687
15631
17073
18178
19053
19591
19865
20158
20247
20175
20075
19750
19099
18441
18511
17934
16148
14311
12953
12151
11682
11479
11572
12205
13660
15548
16906
17882
18641
19122
19336
19614
19684
19660
19534
19111
18384
17756
17925
17298
15674
13992
12736
12025
11640
11495
11625
12425
13869
15574
16799
17569
18110
18288
18231
18175
17956
17628
17460
17287
16971
16696
16700
16039
14738
13362
12248
11568
11173
10939
10908
11155
11707
12731
14060
15209
15953
16389
16572
16737
16871
17050
17236
17290
17101
16861
17137
16690
15501
14216
13117
12369
11930
11641
11539
11617
11845
12713
13959
15203
16223
17038
17702
18113
18296
18366
18382
18417
18248
18171
18496
17858
16416
14955
13871
13240
12899
12757
12925
13790
15406
17363
18854
19900
20671
21061
21285
21506
21487
21422
21302
21111
20698
20304
20337
19410
17615
15849
14545
13778
13352
13182
13917
14786
16396
18226
19500
20488
21212
21763
22119
22360
22377
22139
21889
21602
21092
20764
20843
19871
18087
16295
14413
13634
13221
12997
13127
13920
15440
17340
18740
19778
20661
21278
21585
21912
22090
22030
21930
21572
20832
20193
20267
19371
17523
15689
14300
13490
13047
12833
12958
13799
15328
17161
18440
19528
20384
20966
21288
21614
21612
21420
21185
20760
20307
20046
20174
19244
17470
15683
14296
13464
12983
12745
12873
13657
15137
16870
18152
19036
19752
20048
20130
20228
20209
20012
19880
19551
19042
18649
18870
18232
16816
15277
14020
13233
12752
12434
12357
12633
13151
14288
15787
17114
17961
18497
18785
18862
18792
18717
18637
18496
18264
18141
18441
17897
16680
15360
14164
13412
12921
12631
12560
12640
12916
13782
15129
16461
17534
18271
18631
18696
18825
19007
19190
19221
18951
18751
19180
18505
16999
15477
14310
13613
13230
13048
13216
14064
15546
17395
18825
19958
20936
21658
22126
22569
22742
22761
22712
22442
21791
21351
21345
20208
18288
16475
15085
14275
13808
13547
13702
14432
15888
17717
19117
20131
20995
21532
21896
22296
22382
22275
22288
21969
21347
20868
20903
19807
17952
16146
14785
13985
13564
13353
13524
14374
15936
17708
19030
19985
20871
21584
22122
22586
22595
22409
22340
22203
21694
21116
21235
20307
18377
16426
14972
14078
13508
13190
13251
13953
15379
17382
19058
20320
21349
21991
22371
22790
23024
23025
20779
19945
19689
19437
19873
19091
17455
15752
14447
13658
13169
12834
12840
13483
14808
16686
18192
19342
20335
21047
21521
22016
22257
22286
22264
21860
21078
20333
20374
19429
17766
15963
14576
13666
13082
12661
12513
12632
13080
14402
16144
17691
18609
19142
19578
19833
20029
20051
19900
19597
18998
18628
18579
17801
16463
14995
13750
12929
12415
12080
11906
11936
12081
12885
14037
15100
15789
16211
16373
16313
16191
16123
16193
16234
16021
16000
16322
15593
14308
13077
12116
11554
11254
11152
11355
12217
13656
15475
16893
17913
18621
19014
19147
19295
19234
19132
19074
18864
18334
18008
18292
17290
15573
13916
12702
12016
11628
11437
11588
12371
13792
15645
17117
18254
19177
19860
20250
20699
20938
21027
21083
20838
20227
19725
19944
18847
16934
15109
13776
12951
12472
12208
12294
13055
14458
16331
17843
19066
20086
20796
21330
21905
22286
22480
22650
22397
21763
21340
21555
20347
18322
16317
14819
13904
13365
13031
13077
13851
15247
17127
18788
20140
21274
22074
22596
23053
23264
23345
23342
22970
22255
21825
21972
20741
18771
16804
15339
14471
13945
13642
13734
14477
15915
17864
19628
21108
22366
23241
23790
24229
24330
24177
23772
23063
21869
21129
21008
19940
18248
16374
14824
13740
13045
12566
12317
12384
12727
13908
15439
16569
17210
17429
17349
17176
16990
16851
16745
16528
16005
15674
15870
15091
13820
12458
11374
10670
10243
9974
9875
9941
10085
10913
12069
12971
13494
13766
13869
13781
13699
13763
13986
14171
14138
14408
14836
14083
12816
11667
10836
10370
10186
10141
10394
11362
12894
14558
15724
16477
17145
17570
17805
18124
18223
18278
18377
18266
17989
18122
18327
17240
15561
13964
12774
12051
11627
11423
11541
12372
13853
15595
16948
17918
18695
19125
19420
19746
19827
19692
19504
19178
18733
18836
18951
17838
16086
14437
13254
12554
12188
12006
12172
13124
14796
16614
18027
19284
20102
20495
20714
21014
21052
20971
20870
20517
19851
19608
19689
18416
16486
14666
13307
12475
11953
11631
11673
12435
13901
15455
16557
17328
17823
18118
18197
18339
18332
18273
18204
17829
17238
17158
17238
16064
14379
12833
11695
11052
10690
10535
10664
11487
12909
14526
15752
16673
17370
17781
17976
18230
18261
18182
18069
17792
17443
17635
17631
16888
15629
14324
13317
12710
12384
12149
12114
12375
12895
13943
15415
16506
17137
17467
17614
17458
17202
16736
16362
16124
15840
15834
15788
14928
13687
12362
11267
10567
10143
9844
9736
9807
9946
10715
11876
12779
13295
13551
13598
13504
13399
13329
13372
13457
13390
13675
13940
13287
12295
11248
10409
9895
9633
9502
9544
9833
10245
10981
12124
13250
13942
14245
14258
14067
13889
13825
14041
14402
14601
15131
14993
13920
12474
11272
10440
10003
9808
9739
9949
10981
13037
14604
15435
16052
16478
16593
16554
16544
16407
16274
16286
16250
16112
16416
16247
15053
13381
11859
10889
10395
10168
10087
10285
11303
13308
14806
15536
16048
16433
16604
16580
16645
16581
16461
16470
16395
16303
16721
16474
15264
13576
12137
11167
10667
10428
10354
10594
11672
13925
15600
16422
16974
17364
17504
17493
17521
17419
17336
17366
17338
17277
17604
17331
16192
14518
12986
11916
11345
11003
10810
10984
11964
13936
15376
16192
16855
17331
17610
17674
17819
17731
17553
17312
16855
16370
16484
16362
15326
13897
12451
11322
10633
10221
9993
9940
10228
10715
11810
13189
14160
14661
14840
14802
14693
14587
14543
14601
14638
14493
14831
14848
14055
12885
11722
10753
10119
9751
9531
9465
9613
9808
10623
11860
12893
13538
13972
14267
14376
14399
14537
14788
15012
15061
15775
15829
14752
13253
11988
11116
10623
10366
10286
10509
11559
13594
15087
15827
16418
16886
17140
17209
17361
17274
17176
17154
16990
16636
16980
16755
15399
13613
12090
11008
10592
10349
10244
10439
11438
13441
14882
15522
15983
16321
16288
16289
16393
16320
16203
16160
16018
15783
16291
16068
14809
13069
11595
10646
10126
9879
9758
9975
10991
12962
14388
14988
15422
15838
16074
16173
16391
16409
16393
16435
16318
16055
16603
16402
15133
13385
11857
10880
10347
10079
9979
10209
11260
13240
14727
15468
16078
16595
16918
17040
17238
17205
17121
17042
16743
16437
16959
16712
15432
13673
12131
11083
10535
10261
10148
10336
11335
13347
14789
15451
15969
16367
16511
16520
16602
16471
16259
16050
15653
15352
15802
15501
14523
13204
11831
10812
10226
9908
9751
9783
10112
10750
11812
13127
14020
14486
14611
14536
14386
14211
14162
14229
14376
14561
15093
14834
14100
13011
11898
10984
10412
10089
9910
9894
10075
10461
11300
12543
13604
14400
15021
15419
15567
15601
15701
15936
16154
16382
17075
16884
15716
14163
12812
11869
11359
11081
10989
11240
12352
14524
16173
17071
17761
18372
18664
18826
18980
18951
18850
18740
18593
18623
19098
18487
17052
15181
13545
12434
11838
11528
11413
11644
12771
15024
16573
17304
17823
18339
18628
18713
18851
18787
18778
18746
18431
17922
18227
17622
16163
14234
12557
11430
10787
10455
10305
10454
11438
13441
14807
15527
16150
16678
16979
17117
17317
17294
17223
17154
16886
16615
17182
16764
15434
13670
12101
11072
10500
10207
10123
10344
11378
13495
14891
15542
16060
16551
16771
16837
16918
16782
16588
16434
16214
16288
16909
16391
15198
13558
12086
11125
10635
10412
10353
10590
11685
13942
15611
16478
17103
17533
17762
17814
17940
17895
17798
17777
17617
17514
17829
17348
16408
15017
13527
12415
11751
11316
11042
11011
11289
11966
13078
14558
15664
16364
16748
16891
16892
16843
16815
16802
16674
16545
17026
16567
15621
14259
12871
11653
10864
10363
10060
9919
10001
10269
10955
12178
13157
13721
14076
14298
14308
14240
14240
14389
14579
14811
15594
15194
14051
12637
11422
10528
10086
9867
9806
10055
11142
13257
14731
15489
16073
16592
16851
16927
16991
16873
16708
16650
16539
16727
17296
16587
15257
13569
12073
11075
10528
10283
10223
10488
11614
13903
15517
16220
16706
17134
17337
17346
17376
17292
17256
17348
17287
17124
17499
16771
15421
13603
12047
10963
10386
10067
9934
10125
11147
13286
14633
15277
15771
16193
16408
16482
16598
16564
16489
16448
16292
16272
16910
16314
15021
13319
11833
10846
10318
10039
9944
10153
11207
13343
14732
15430
15992
16458
16696
16771
16917
16880
16802
16755
16589
16737
17310
16626
15444
13792
12310
11264
10722
10441
10325
10505
11497
13642
15162
15795
16149
16415
16449
16337
16311
16162
16000
15897
15759
15944
16109
15489
14506
13240
11912
10884
10287
9973
9802
9817
10153
10951
12022
13374
14298
14808
14945
14974
14896
14806
14776
14812
14859
15132
15650
15186
14377
13270
12164
11181
10580
10220
10023
9979
10172
10578
11308
12556
13614
14339
14759
14960
14935
14793
14747
14923
15206
15637
15970
15401
14291
12922
11661
10701
10161
9888
9786
9985
11035
13137
14483
15160
15685
16107
16300
16344
16348
16133
15978
15942
15986
16262
16662
15924
14607
12924
11464
10487
9978
9740
9654
9878
10896
13058
14388
14888
15214
15473
15559
15537
15578
15478
15389
15398
15428
15828
16402
15738
14488
12782
11370
10391
9913
9692
9616
9846
10915
13189
14625
15159
15413
15569
15581
15505
15489
15349
15220
15314
15520
16131
16514
15864
14609
13036
11604
10648
10161
9896
9758
9961
11031
13307
14698
15124
15384
15588
15607
15524
15500
15324
15196
15315
15577
16083
16473
15795
14654
13047
11641
10665
10196
9989
9965
10211
11320
13581
14958
15342
15467
15529
15446
15251
15161
14921
14692
14597
14643
15224
15575
15072
14204
12993
11681
10719
10208
9927
9797
9845
10214
11004
12028
13235
14039
14387
14444
14316
14101
13886
13842
14045
14455
14873
14750
14198
13413
12381
11332
10368
9791
9508
9380
9372
9608
10100
10835
11921
12705
13046
13126
13107
12939
12751
12705
12907
13390
14296
14856
14377
13382
12127
10984
10182
9817
9694
9711
10033
11192
13410
14824
15365
15605
15756
15694
15585
15514
15295
15133
15178
15450
16233
16645
15978
14781
13273
11969
10921
10388
10184
10149
10436
11562
13835
15174
15499
15577
15654
15595
15451
15407
15217
15077
15142
15342
16138
16543
15903
14691
13031
11636
10694
10210
10005
9955
10229
11341
13628
14940
15275
15466
15690
15785
15749
15768
15652
15579
15583
15664
16359
16743
16063
14812
13248
11861
10768
10206
9950
9860
10085
11118
13334
14692
15172
15538
15888
16048
16082
16145
16051
15901
15850
15807
16502
16763
16027
14822
13193
11732
10652
10120
9860
9791
9984
11006
13153
14709
15317
15616
15812
15815
15716
15663
15468
15234
15086
15000
15602
15680
15058
14156
12897
11619
10621
9999
9692
9532
9558
9922
10692
11650
12806
13574
13835
13778
13589
13334
13095
12992
13095
13275
14086
14336
13929
13147
12088
11043
10160
9614
9323
9142
9116
9333
9826
10539
11644
12570
13080
13328
13432
13359
13259
13257
13513
13980
14660
14621
14003
13086
11977
10936
10111
9637
9410
9345
9537
10254
11567
12702
13792
14578
14984
15037
14916
14791
14625
14511
14660
14966
15877
16124
15379
14152
12665
11331
10299
9775
9558
9498
9760
10855
13166
14560
15019
15233
15458
15513
15457
15452
15265
15123
15219
15524
16464
16472
15837
14556
12895
11492
10536
10048
9834
9769
10012
11076
13295
14921
15338
15502
15686
15681
15546
15459
15226
15010
15049
15252
16034
15916
15403
14366
12766
11430
10485
9993
9768
9731
9988
11098
13426
14763
15120
15292
15442
15441
15339
15301
15162
15032
15092
15336
16351
16437
15702
14593
13207
12005
10990
10277
9982
9907
10134
11187
13425
14847
15212
15340
15460
15390
15231
15123
14884
14665
14693
15021
15851
15633
15018
14106
12861
11565
10590
10039
9769
9636
9706
10089
10957
11992
13113
13785
13982
13865
13594
13254
12963
12856
13044
13600
14606
14551
14109
13433
12483
11458
10569
9996
9728
9602
9612
9830
10383
11138
12297
13236
13761
14041
14103
13939
13763
13689
13868
14426
15515
15581
14986
13928
12599
11429
10648
10305
10167
10183
10516
11764
14226
15675
16036
16109
16123
15942
15720
15547
15315
15149
15259
15775
16976
16950
16234
15019
13349
11880
10905
10427
10209
10105
10343
11445
13785
15259
15502
15722
15938
15957
15883
15784
15615
15473
15639
16209
17035
16717
15941
14694
12999
11590
10627
10130
9893
9823
10060
11185
13579
15288
15679
15889
16047
16078
16017
16003
15924
15942
16274
16893
17454
17182
16460
15278
13663
12236
11290
10765
10551
10518
10790
11932
14302
15805
16121
16272
16385
16372
16249
16169
16020
15927
16100
16631
17529
17372
16697
15610
14005
12537
11519
11033
10809
10769
11022
12160
14471
15913
16182
16246
16250
16149
15936
15821
15562
15354
15357
15642
16534
16323
15814
15066
13877
12690
11671
11157
10910
10808
10889
11309
12206
13223
14286
14749
14739
14432
14016
13608
13292
13174
13382
14056
15055
14865
14377
13678
12715
11681
10703
19764
9611
9478
9560
9871
10467
11575
12758
13440
13733
13944
13973
13864
13716
13901
14747
15667
15545
15113
14342
13146
11878
10899
10165
9814
9680
9684
10020
11270
13631
15165
15765
16086
16344
16338
16259
16241
16156
16351
17106
17878
17469
16812
15897
14583
12848
11513
10534
10050
9818
9803
10087
11309
13545
14875
15163
15290
15401
15402
15331
15297
15130
15097
15738
17168
17049
16543
15763
14452
12823
11491
10537
10106
9902
9874
10187
11343
13655
15181
15738
16075
16346
16403
16249
16167
15945
15920
16501
17470
17214
16648
15873
14630
13021
11630
10705
10252
10141
10121
10454
11655
13763
15003
15347
15459
15554
15553
15400
15328
15176
15117
15698
17065
17011
16627
15976
14805
13189
11818
10877
10415
10211
10185
10494
11668
13711
14933
15261
15396
15508
15454
15290
15189
14993
14882
15471
16335
15692
15077
14567
13703
12498
11319
10430
9971
9684
9570
9634
10052
10696
11766
12867
13538
13805
13828
13654
13438
13256
13270
14092
15440
15148
14503
13899
13113
12027
10985
10100
9560
9236
9091
9083
9321
9702
10547
11681
12467
12845
13063
13157
13146
13107
13350
14283
15501
15366
14906
14211
13129
11855
10758
9971
9594
9421
9415
9752
10943
13150
14610
15127
15449
15728
15893
15929
15983
15859
15845
16576
17669
17411
16768
15870
14603
13000
11618
10664
10107
9830
9775
10032
11129
13288
14740
15298
15623
15880
15956
15918
15900
15813
15963
16845
17731
17476
16964
16101
14849
13210
11839
10900
10431
10201
10168
10453
11620
13874
15328
15772
15994
16181
16224
16126
16107
16010
16168
17099
17856
17545
16990
16172
14865
13226
11765
10770
10284
10028
9986
10280
11418
13560
14814
15226
15431
15630
15648
15561
15526
15458
15693
16686
17472
17197
16713
15918
14773
13151
11731
10783
10304
10045
9991
10260
11412
13568
14861
15234
15371
15480
15410
15226
15128
14916
14772
15513
16739
16457
15876
15240
14388
13189
11916
10929
10423
10160
10099
10235
10713
11487
12569
13713
14322
14459
14369
14111
13842
13642
13785
14892
16303
16142
15700
15188
14504
13514
12520
11693
11219
10974
10894
10990
11288
11749
12498
13391
13966
14159
14184
14066
13841
13652
13846
15114
16718
16707
16322
15771
14726
13434
12415
11683
11362
11243
11281
11658
12882
15007
16282
16595
16601
16538
16341
16049
15845
15615
15575
16631
18083
17889
17370
16623
15523
14042
12709
11788
11357
11162
11162
11444
12424
13902
15095
15792
16099
16339
16361
16310
16257
16137
16340
17451
18191
17831
17216
16298
15028
13394
12021
11147
10684
10467
10436
10728
11902
14155
15561
15979
16103
16198
16112
15869
15740
15526
15587
16575
17697
17433
16893
16130
14860
13236
11785
10835
10369
10133
10087
10376
11499
13773
15239
15516
15649
15700
15671
15567
15566
15519
15681
16819
17920
17715
17250
16495
15348
13787
12422
11550
11107
10933
10957
11320
12511
14665
15928
16295
16443
16520
16432
16223
16116
15919
16006
16991
18015
17701
17080
16409
15449
14160
12871
11942
11428
11166
11078
11197
11713
12514
13473
14505
15056
15177
14991
14623
14252
13984
14106
15268
16528
16317
15854
15336
14613
13613
12595
11748
11235
10981
10877
10936
11256
11724
12409
13355
13965
14185
14216
14097
13872
13697
13881
15241
16529
16385
15957
15299
14239
12965
11845
10971
10571
10387
10383
10728
11977
14244
15661
16087
16261
16421
16431
16328
16297
16165
16326
17385
18301
18058
17464
16659
15422
13778
12317
11372
10897
10669
10643
10964
12176
14441
15680
15922
15918
15888
15771
15548
15470
15321
15427
16675
17807
17615
17104
16339
15117
13460
12033
11078
10572
10327
10283
10569
11726
14011
15479
15827
15990
16162
16170
16110
16093
15966
16090
17096
17812
17494
16887
16119
14844
13237
11816
10773
10283
10037
9969
10251
11374
13659
15150
15534
15748
15899
15879
15783
15766
15707
15957
17015
17796
17562
17109
16333
15188
13584
12165
11237
10753
10531
10500
10820
11965
14169
15531
15863
15939
15942
15807
15569
15454
15293
15255
16130
17007
16696
16057
15415
14516
13359
12101
11120
10569
10270
10173
10312
10784
11604
12570
13597
14105
14245
14088
13777
13452
13215
13279
14468
15693
15464
14984
14524
13836
12881
11842
10977
10475
10231
10118
10196
10498
11038
11772
12711
13320
13549
13584
13500
13307
13144
13308
14780
16200
16140
15786
15187
14170
12876
11766
10970
10611
10469
10514
10883
12152
14457
15733
16053
16119
16123
15970
15732
15612
15442
15546
16798
17930
17694
17152
16378
15128
13551
12039
11043
10527
10297
10299
10620
11841
14115
15457
15778
15892
15966
15893
15727
15651
15540
15660
16954
18154
18011
17591
16967
15873
14303
12877
11924
11448
11242
11229
11579
12723
14800
16111
16529
16598
16605
16453
16212
16136
15908
15796
16947
17818
17516
16978
16248
15238
13821
12326
11206
10571
10230
10093
10129
10594
11388
12326
13480
14196
14423
14329
13753
12874
12142
11975
12739
13191
13210
13146
13003
12534
11693
10771
10035
9629
9422
9376
9587
10230
11230
12239
13292
14112
14590
14814
14787
14625
14531
14697
15590
16003
15579
15079
14451
13600
12542
11380
10428
9842
9528
9385
9446
9838
10603
11550
12783
13644
14047
14094
13955
13815
13731
14009
15351
16194
16018
15627
15126
14409
13397
12260
11305
10759
10409
10292
10308
10531
11074
11758
12790
13582
13906
13952
13906
13770
13642
13960
15536
16690
16620
16255
15600
14414
13006
11757
10953
10519
10342
10337
10686
11933
14224
15543
15872
16149
16288
16174
16000
15954
15906
16082
17534
18809
18394
18125
17609
16387
14661
13112
12134
11655
11452
11462
11800
13045
15357
16536
16704
16872
17085
17098
17031
16997
16999
17338
18891
20200
20128
19707
19034
17840
16099
14573
13535
13026
12841
12847
13181
14411
16744
17964
18097
18059
17959
17704
17436
17300
17142
17370
18892
20110
20003
19603
18935
17695
15969
14368
13343
12903
12688
12693
13026
14242
16578
17782
17846
17699
17542
17312
17083
16967
16875
17099
18507
19612
19495
19090
18410
17306
15634
14098
13071
12629
12448
12464
12833
14075
16474
17816
18121
18100
17883
17683
17501
17436
17378
17633
18861
19608
19332
18783
18129
17139
15748
14343
13200
12621
12322
12231
12327
12784
13614
14584
15783
16626
17122
17367
17363
17185
17079
17274
18622
19443
19055
18335
17398
16374
15094
13840
12865
12324
12032
11907
11951
12219
12740
13407
14510
15365
15805
16023
16140
16068
15935
16225
17825
19033
18769
18303
17570
16312
14791
13526
12655
12262
12120
12148
12503
13724
15820
17026
17353
17420
17402
17234
16972
16821
16656
16819
18401
19770
19684
19289
18620
17416
15691
14139
13124
12660
12481
12532
12909
14146
16465
17655
17785
17673
17558
17320
17086
17016
16926
17177
18664
19730
19551
19112
18441
17192
15427
13765
12732
12193
11955
11930
12250
13424
15816
17123
17294
17327
17263
17098
16874
16768
16648
16836
18278
19250
19013
18583
17857
16649
14889
13248
12119
11498
11235
11165
11411
12555
14855
16366
16675
16833
16955
17005
16917
16869
16752
16933
18055
18737
18478
17997
17249
16126
14512
12997
11978
11499
11284
11281
11624
12873
15232
16546
16800
16769
16730
16603
16378
16231
16083
16259
17657
18798
18571
18070
17486
16635
15385
13974
12822
12212
11933
11876
11994
12533
13526
14574
15632
16136
16211
16051
15707
15382
15176
15470
17110
18356
18208
17745
17303
16631
15620
14403
13324
12713
12389
12272
12325
12612
13263
14095
15291
16167
16493
16694
16862
16951
16989
17376
18835
19645
19435
18901
17990
16662
15066
13591
12517
11997
11772
11761
12084
13253
15219
16716
17457
17893
18077
18073
17876
17704
17515
17653
19141
20502
20343
19880
19073
17760
15946
14248
13122
12560
12334
12307
12660
13886
16275
17541
17674
17509
17269
16980
16673
16519
16353
16559
18123
19502
19419
19010
18436
17285
15509
13840
12698
12121
11859
11775
12018
13138
15421
16801
16971
16989
17035
17066
16944
16926
16913
17247
18591
19261
19006
18509
17834
16666
14975
13359
12219
11722
11599
11523
11912
13142
15493
16879
17113
17143
17108
16929
16719
16660
16595
16885
18351
19490
19413
19048
18468
17385
15731
14062
12885
12332
12116
12075
12402
13627
15973
17327
17497
17368
17219
16958
16557
16375
16228
16449
17904
19020
18803
18328
17747
16891
15584
14087
12888
12211
11883
11765
11867
12383
13335
14386
15429
15952
16010
15832
15530
15313
15218
15481
16873
18018
17871
17461
17024
16332
15375
14199
13007
12361
12059
11966
12047
12397
13068
13838
14849
15504
15739
15842
15792
15621
15404
15627
17103
18368
18369
18112
17599
16600
15120
13646
12535
12004
11765
11715
12056
13196
15344
16756
17120
17164
17006
16853
16522
16334
16159
16300
17667
18969
18889
18419
17852
16761
15125
13480
12190
11530
11220
11135
11421
12446
14519
16043
16561
16659
16659
16503
16116
15917
15662
15706
17030
18329
18258
17855
17323
16336
14823
13206
11863
11124
10718
10565
10763
11557
13026
14435
15418
15964
16215
16132
15713
15479
15385
15494
16431
16635
15753
14901
14362
13853
13130
12153
11019
10217
9753
9561
9593
9900
10543
11456
12470
13271
13679
13836
13717
13367
12996
12891
13724
14486
14559
14565
14447
14006
13109
12040
11175
10714
10519
10490
10700
11368
12449
13402
14363
15197
15761
15956
15888
15655
15457
15476
16675
17646
17403
16925
16363
15516
14321
13063
11967
11334
11017
10894
10955
11309
12015
12746
13700
14448
14729
14642
14337
13967
13632
13737
14981
16456
16387
16095
15675
15036
14009
12863
11895
11346
11100
11001
11075
11349
11942
12510
13308
13882
14134
14188
13999
13696
13434
13566
15001
16515
16590
16279
15793
14919
13742
12573
11690
11227
11055
11049
11355
12301
13882
15098
15827
16147
16263
16167
15883
15611
15341
15327
16513
17994
17861
17345
16657
15572
14091
12696
11675
11108
10879
10810
11035
11893
13402
14717
15550
16086
16390
16412
16240
16002
15846
15857
16971
18190
18031
17519
16835
15813
14328
12891
11814
11242
10964
10907
11144
12003
13493
14675
15461
15904
16146
16091
15797
15443
15055
14944
16037
17362
16972
16107
15281
14504
13690
12936
12094
11390
10883
10644
10633
10891
11376
11677
12310
13071
13658
14015
14018
13826
13591
13716
15053
16421
16324
15969
15484
14700
13567
12466
11603
11153
10968
10952
11178
11919
13212
14472
15451
16252
16679
16799
16633
16368
16189
16233
17109
17925
17576
16960
16285
15382
14197
12929
11888
11244
10901
10751
10790
11132
11806
12693
13783
14787
15377
15525
15398
15086
14778
14733
15696
16571
16353
15817
15268
14474
13416
12248
11225
10593
10215
10047
10033
10249
10755
11279
12148
13053
13712
14138
14376
14398
14444
14672
15790
16830
16712
16249
15609
14542
13243
12080
11272
10865
10722
10726
11109
12391
14671
16314
16774
17093
17354
17485
17467
17465
17365
17559
18557
19307
19042
18422
17580
16342
14706
13257
12260
11793
11593
11590
11951
13155
15440
16708
16814
16866
17041
16948
16733
16642
16480
16644
17830
19302
19280
18933
18329
17179
15558
14157
13262
12836
12676
12714
13075
14308
16661
18036
18183
18175
18264
18247
18130
18077
17965
18109
19163
20522
20418
19969
19295
18072
16387
14955
14021
13596
13441
13459
13790
14990
17339
18723
18815
18849
18831
18706
18473
18317
18150
18258
19375
20755
20735
20271
19565
18392
16824
15385
14453
14024
13879
13906
14322
15531
17927
19400
19616
19731
19803
19704
19452
19248
19014
19064
20005
21202
21102
20592
20006
19093
17806
16529
15563
15028
14752
14683
14784
15209
16069
16969
18085
18810
19090
18981
18589
18151
17846
17861
18928
20342
20317
19838
19250
18487
17467
16448
15412
14787
14487
14364
14405
14656
15190
15772
16679
17439
17827
17844
17687
17403
17256
17430
18563
19711
19618
19076
18373
17160
15769
14387
13544
13157
12991
12960
13262
14371
16459
17831
18251
18379
18456
18354
18132
17937
17773
17884
18831
20003
19868
19341
18552
17271
15569
14132
13211
12791
12585
12567
12890
14048
16360
17784
18009
18023
18026
17786
17514
17398
17337
17573
18598
20192
20358
20086
19552
18487
16971
15684
14887
14580
14503
14577
14983
16231
18616
20001
20158
20258
20264
20151
19950
19831
19620
19770
20825
22217
22150
21644
20903
19616
17952
16506
15597
15153
14980
14979
15289
16424
18579
19961
20343
20398
20406
20228
19943
19757
19606
19755
20798
22426
22563
22205
21559
20483
18997
17663
16716
16301
16117
16079
16350
17320
19081
20381
21001
21292
21385
21207
20808
20456
20078
19909
20556
21698
21510
20893
20186
19196
17868
16564
15547
15002
14709
14556
14573
14967
15729
16549
17468
17977
18018
17724
17160
16647
16306
16295
17202
18545
18462
17915
17326
16558
15476
14352
13420
12894
12574
12413
12413
12637
13151
13894
14932
15828
16352
16663
16741
16578
16371
16268
16922
17738
17743
17464
16867
16000
14906
13855
13116
12756
12643
12681
12990
13938
15429
16598
17390
17914
18226
18246
18048
17834
17659
17731
18675
20402
20466
20027
19245
18069
16532
15155
14271
13826
13652
13660
13996
15185
17482
18746
18848
18778
18721
18602
18386
18248
18056
18102
18966
20652
20748
20348
19644
18477
16826
15386
14515
14069
13892
13912
14197
15361
17675
18922
18976
18875
18774
18501
18175
17931
17675
17684
18515
20159
20315
19931
19267
18184
16584
15212
14313
13874
13665
13569
13844
14983
17237
18604
18735
18709
18740
18573
18259
18014
17699
17687
18420
19791
19811
19420
18788
17698
16141
14784
13967
13643
13491
13528
13886
15085
17413
18730
18930
18954
18971
18857
18629
18477
18274
18308
18974
20384
20388
19887
19278
18423
17202
15902
15007
14502
14257
14148
14226
14644
15467
16408
17548
18273
18421
18174
17717
17277
17014
17050
17838
19460
19614
19213
18731
18047
17070
16062
15264
14824
14611
14525
14607
14894
15482
16150
17145
17810
18069
18081
17903
17530
17274
17346
18284
20030
20238
19872
19221
18129
16764
15587
14789
14440
14338
14362
14722
15964
18320
19684
19900
