50	98	0.8	62	15	46	0.5
50	104	0.7	57	16	51	1.9
52	101	0.7	57	15	53	0.4
49	96	0.7	58	15	49	0.5
49	94	0.7	59	15	50	1.4
48	97	0.7	62	15	47	1.3
48	97	0.7	58	15	50	1.3
48	97	0.7	59	15	51	0.2
52	98	0.7	60	16	50	1.3
48	94	0.8	58	15	52	1.2
48	93	0.7	57	15	54	1.7
45	93	0.7	57	15	52	2.7
49	97	0.7	56	15	53	1.2
44	88	0.7	58	15	50	2.1
44	89	0.7	57	15	50	1.1
44	91	0.7	53	15	56	2.1
47	94	0.7	53	15	56	0.5
42	85	0.7	55	15	57	0.9
44	89	0.7	54	15	55	0.7
41	85	0.7	54	15	57	0.8
46	91	0.7	50	15	58	0.6
46	91	0.7	50	15	58	0.6
42	87	0.7	50	15	59	1
43	87	0.7	55	16	59	0.9
41	83	0.8	55	15	56	2
41	81	0.7	46	15	58	0.7
40	83	0.8	52	15	59	1.4
40	81	0.7	53	15	58	1.7
41	83	0.8	46	16	60	0.8
40	79	0.8	45	15	64	1.2
40	79	0.8	50	15	62	1
39	79	0.7	53	15	59	1.8
40	79	0.7	50	16	63	0.8
40	83	0.7	45	15	62	1.4
40	83	0.8	44	16	65	2.5
42	84	0.7	43	16	68	1.2
41	84	0.8	43	15	67	1.2
40	81	0.8	44	16	68	1.4
41	84	0.7	45	15	66	1.4
41	87	0.8	44	15	70	0.6
42	87	0.7	42	15	69	2
40	84	0.7	42	15	69	0.4
40	83	0.7	42	15	72	0.8		41	83	0.7	45	15	72	1.1
41	84	0.7	48	14	67	2.1
42	85	0.8	50	16	65	1.3
46	91	0.8	43	16	67	1.4
46	89	0.7	41	16	70	1.5
43	84	0.8	40	15	74	1.2
41	81	0.8	37	15	75	1.6
42	89	0.8	37	15	76	1.8
42	89	0.8	35	15	76	1.5
42	87	0.8	36	15	77	0.9
40	83	0.8	36	15	77	1.8
44	88	0.8	40	15	74	0.7
43	85	0.8	41	15	73	1.2
44	92	0.8	41	15	70	1.9
43	84	0.8	39	16	72	1.7
43	89	0.7	41	14	72	0.6
43	87	0.7	41	15	71	1.2
44	89	0.8	41	15	72	1.3
45	91	0.7	40	14	73	1
44	93	0.8	45	15	71	0.9
51	97	0.7	45	15	71	1
44	89	0.7	45	15	70	1.2
48	93	0.7	52	16	61	1.4
48	93	0.7	53	15	61	1.3
46	91	0.7	54	15	62	1.5
50	96	0.8	52	15	63	0.8
48	93	0.8	54	16	60	1.4
48	94	0.8	54	16	60	0.8
42	85	0.7	46	15	63	1.6
43	89	0.7	45	16	67	0.9
43	87	0.8	47	15	63	1.2
42	85	0.8	46	15	65	0.9
43	84	0.7	40	15	75	1
42	83	0.7	41	15	75	0.3
42	87	0.8	46	15	70	1
43	88	0.7	47	15	69	0.6
40	80	0.7	42	15	70	0.5
41	83	0.7	47	15	68	0.7
39	78	0.7	48	15	66	1.1
39	79	0.8	42	15	70	0.9
37	75	0.8	43	15	71	0.8
38	75	0.8	43	15	71	0.3
36	68	0.7	37	15	76	1.8
36	74	0.7	33	14	78	1
39	79	0.7	39	15	79	1.1
39	81	0.7	44	15	75	1.2
44	89	0.8	52	15	67	1.4
45	91	0.7	52	15	66	1.3
43	88	0.7	51	15	66	1.3
45	91	0.8	53	15	66	0.4
48	92	0.8	58	16	60	0.6
47	91	0.7	57	16	60	1.9
45	92	0.7	59	15	63	0.7
48	96	0.8	63	14	59	3.8
46	91	0.8	59	14	60	2.1





