14
18
15
15
17
19
21
29
34
35
42
40
39
39
44
54
59
71
66
67
64
69
58
54
52
50
56
56
58
57
55
50
49
50
57
62
61
61
68
67
71
75
71
80
82
83
77
75
77
76
59
39
39
35
36
30
27
15
12
13
13
14
26
37
41
55
14
18
15
15
17
19
21
29
34
35
42
40
39
39
44
54
59
71
66
67
64
69
58
54
52
50
56
56
58
57
55
50
49
50
57
62
61
61
68
67
71
75
71
80
82
83
77
75
77
76
59
39
39
35
36
30
27
15
12
13
13
14
26
37
41
55
67
70
49
42
47
52
48
33
33
39
37
39
32
29
27
26
22
19
15
13
12
13
15
16
16
18
16
19
15
16
18
16
19
22
21
25
21
27
22
24
26
31
32
29
29
33
35
37
35
39
37
38
37
38
32
39
41
43
38
35
26
20
23
17
19
17
23
28
29
33
33
36
48
46
38
2
24
26
31
32
29
29
33
35
37
35
39
37
38
37
38
32
39
41
43
38
35
26
20
23
17
19
17
23
28
29
33
33
36
48
46
38
45
47
55
58
14
18
15
15
17
19
45
47
55
58
14
18
15
15
17
19
21
29
34
35
42
40
39
39
44
54
59
71
66
67
64
69
58
54
52
50
56
56
58
57
55
50
49
50
57
62
61
61
68
67
70
49
42
47
52
48
33
33
39
37
39
32
29
27
26
22
19
15
13
12
13
15
16
16
18
16
19
15
16
18
16
19
22
21
25
21
27
22
24
26
31
32
29
29
33
35
37
35
39
37
38
37
38
32
39
41
43
38
35
26
20
23
17
19
17
23
28
29
33
33
36
48
46
38
2
24
26
31
32
29
29
33
35
37
35
39
37
38
37
38
32
39
41
43
38
35
26
20
23
17
19
17
23
28
29
33
33
36
48
46
38
45
47
55
58
14
18
15
15
17
19
45
47
55
58
14
18
15
15
17
19
21
29
34
35
42
40
39
39
44
54
59
71
66
67
64
69
58
54
52
50
56
56
58
57
55
50
49
50
57
62
61
61
68
67
71
75
71
80
82
83
77
75
77
76
59
39
39
35
36
30
27
15
12
13
13
14
26
37
41
55
67
70
49
42
47
52
48
33
33
39
37
39
32
29
27
26
22
19
15
13
12
13
15
16
16
18
16
19
15
16
18
16
19
22
21
25
21
27
22
24
26
31
32
29
29
33
35
37
35
39
37
38
37
38
32
39
41
43
38
35
26
20
23
17
19
17
23
28
29
33
33
36
48
46
38
45
47
55
58
49
49
42
39
26
24
24
24
41
37
45
50
57
63
39
44
54
59
71
66
67
64
69
58
54
52
50
56
56
58
57
55
50
49
50
57
62
61
61
68
67
71
75
71
80
82
83
77
75
77
76
59
39
39
35
36
30
27
15
12
13
13
14
26
37
41
55
67
70
49
42
47
52
48
33
33
39
37
39
32
29
27
26
22
19
15
13
12
13
15
16
16
18
16
19
15
16
18
16
19
22
21
25
21
27
22
24
26
31
32
29
29
33
35
37
35
39
37
38
37
38
32
39
41
43
38
35
26
20
23
17
19
17
23
28
29
33
33
36
48
46
38
45
47
55
58
49
68
70
81
92
93
96
100
94
81
60
51
47
54
49
39
21
19
24
49
60
53
53
31
23
22
19
20
21
16
17
18
17
20
28
25
28
29
26
30
34
30
36
42
47
58
61
66
66
63
67
69
71
79
79
76
74
70
48
30
9
8
6
6
3
3
5
8
10
12
17
23
26
28
31
38
36
37
36
38
39
37
41
43
48
41
34
32
34
40
33
29
32
27
31
37
41
38
45
54
62
66
69
74
77
74
68
50
32
23
21
27
22
25
28
29
26
30
34
30
36
42
47
58
61
66
66
63
67
69
71
79
79
76
74
70
48
30
9
8
6
6
3
3
5
8
10
12
17
23
26
28
31
38
36
37
36
38
39
37
41
43
48
41
34
32
34
40
33
29
32
27
31
37
41
38
45
54
62
66
69
74
77
74
68
50
32
23
21
27
22
18
10
13
14
14
14
17
14
17
18
20
20
16
17
14
12
11
10
11
14
22
21
27
37
33
34
31
34
35
37
38
43
44
50
49
51
52
52
51
52
48
57
62
63
66
69
69
80
84
79
36
11
11
16
13
12
16
13
19
18
10
13
14
14
14
17
14
17
18
20
20
16
17
14
12
11
10
11
14
22
21
27
37
33
34
31
34
35
37
38
43
44
50
49
51
52
52
51
52
48
57
62
63
66
69
69
80
84
79
36
11
11
16
13
12
16
13
19
27
13
7
6
5
6
6
6
6
5
7
9
13
14
10
7
67
70
49
42
47
52
48
33
33
39
37
39
32
29
27
26
22
19
15
13
12
13
15
16
16
18
16
19
15
16
18
16
19
22
21
25
21
27
22
24
26
31
32
29
29
33
35
37
35
39
37
38
37
38
32
39
41
43
38
35
26
20
23
17
19
17
23
28
29
33
33
36
48
46
38
45
47
55
58
49
49
42
39
26
24
24
24
41
37
45
50
57
63
39
44
54
59
71
66
67
64
69
58
54
52
50
56
56
58
57
55
50
49
50
57
62
61
61
68
67
71
75
71
80
82
83
77
75
77
76
59
39
39
35
36
30
27
15
12
13
13
14
26
37
41
55
67
70
49
42
47
52
48
33
33
39
37
39
32
29
27
26
22
19
15
13
12
13
15
16
16
18
16
19
15
16
18
16
19
22
21
25
21
27
22
24
26
31
32
29
29
33
35
37
35
39
37
38
37
38
32
39
41
43
38
35
26
20
23
17
19
17
23
28
29
33
33
36
48
46
38
45
47
55
58
49
68
70
81
92
93
96
100
94
81
60
51
47
54
49
39
21
19
24
49
60
53
53
31
23
22
19
20
21
16
17
18
17
20
28
25
28
29
26
30
34
30
36
42
47
58
61
66
66
63
67
69
71
79
79
76
74
70
48
30
9
8
6
6
3
3
5
8
10
12
17
23
26
28
31
38
36
37
36
38
39
37
41
43
48
41
34
32
34
40
33
29
32
27
31
37
41
38
45
54
62
66
69
74
77
74
68
50
32
23
21
27
22
18
10
13
14
14
14
17
14
17
18
20
20
16
17
14
12
11
10
11
14
22
21
27
37
33
34
31
34
35
37
38
43
44
50
49
51
52
52
51
52
48
57
62
63
66
69
69
80
84
79
36
11
11
16
13
12
16
13
19
27
13
7
6
5
6
6
6
6
5
7
9
13
14
10
7
8
10
9
12
14
15
19
22
20
25
30
29
28
31
30
8
10
9
12
14
15
19
22
20
25
30
29
28
31
30
31
33
35
37
34
43
44
35
36
30
29
28
30
28
26
28
27
32
39
41
42
38
42
40
39
33
31
29
30
33
35
32
32
35
39
40
45
42
44
39
37
38
42
41
46
53
55
54
57
60
69
69
63
54
40
40
42
45
43
47
44
51
57
70
80
87
80
63
54
73
72
71
87
56
23
14
19
23
24
16
9
11
9
7
16
16
13
23
35
32
30
27
23
22
18
23
25
25
22
25
26
13
11
9
5
3
3
6
7
6
7
5
4
15
23
18
29
28
32
68
38
41
41
39
61
45
54
60
56
62
58
53
47
44
50
50
77
68
67
75
83
88
89
88
89
104
98
99
90
91
88
89
79
76
71
69
66
71
74
79
89
89
110
103
114
116
126
134
138
139
138
125
129
118
110
103
108
112
120
120
130
134
135
142
26
30
34
30
36
42
47
58
61
66
66
63
67
69
71
79
79
76
74
70
48
30
9
8
6
6
3
3
5
8
10
12
17
23
26
28
31
38
36
37
36
38
39
37
41
43
48
41
34
32
34
40
33
29
32
27
31
37
41
38
45
54
62
66
69
74
77
74
68
50
32
23
21
27
22
18
10
13
14
14
14
17
14
17
18
20
20
16
17
14
12
11
10
11
14
22
21
27
37
33
34
31
34
35
37
38
43
44
50
49
51
52
52
51
52
48
57
62
63
66
69
69
80
84
79
36
11
11
16
13
12
16
13
19
27
13
7
6
5
6
6
6
6
5
7
9
13
14
10
7
8
10
9
25
22
25
26
13
11
9
5
3
3
6
7
6
7
5
4
15
23
18
29
28
32
68
38
41
41
39
61
45
54
60
56
62
58
53
47
44
50
50
77
68
67
75
83
88
89
88
89
104
98
99
90
91
88
89
79
76
71
69
66
71
74
79
89
89
110
103
114
116
126
134
138
139
138
125
129
118
110
103
108
112
120
120
130
134
135
142
26
30
34
30
36
42
47
58
61
66
66
63
67
69
71
79
79
76
74
70
48
30
9
8
6
6
3
3
5
8
10
12
17
23
26
28
31
38
36
37
36
38
39
37
41
43
48
41
34
32
34
40
33
29
32
27
31
37
41
38
45
54
62
66
69
74
77
74
68
50
32
23
21
27
22
18
10
13
14
14
14
17
14
17
18
20
20
16
17
14
12
11
10
11
14
22
21
27
37
33
34
31
34
35
37
38
43
44
50
49
51
52
52
51
52
48
57
62
63
66
69
69
80
84
79
36
11
11
16
13
12
16
13
19
27
13
7
6
5
6
6
6
6
5
7
9
13
14
10
7
8
10
9
12
14
15
19
22
20
25
30
29
28
31
30
31
33
35
37
12
14
15
19
22
20
25
30
29
28
31
30
31
33
35
37
34
43
44
35
36
30
29
28
30
28
26
28
27
32
39
41
42
38
42
40
39
33
31
29
30
33
35
32
32
35
39
40
45
42
44
39
37
38
42
41
46
53
55
54
57
60
69
69
63
54
40
40
42
45
43
47
44
51
57
70
80
87
80
63
54
73
72
71
87
56
23
14
19
23
24
16
9
11
9
7
16
16
13
23
35
32
30
27
23
22
18
23
25
25
22
25
26
13
11
9
5
3
3
6
7
6
7
5
4
15
23
18
29
28
32
68
38
41
41
39
61
45
54
60
56
62
58
53
47
44
50
50
77
68
67
75
83
88
89
88
89
104
98
99
90
91
88
89
79
76
71
69
66
71
74
79
89
89
110
103
114
116
126
134
138
139
138
125
129
118
110
103
108
138
139
138
125
129
118
110
103
108
112
120
120
130
134
135
142
149
160
156
159
153
152
142
154
162
149
160
156
159
153
152
112
120
120
130
134
135
142
149
160
156
159
153
152
142
154
162
149
160
156
159
153
152
142
154
162
162
164
161
161
155
154
153
151
149
152
149
151
152
158
151
144
134
135
132
135
137
136
133
124
122
42
16
8
11
9
7
14
9
7
8
8
7
6
6
12
10
9
6
9
8
7
9
11
7
8
6
5
5
6
5
5
4
6
8
6
6
4
10
13
13
14
13
17
20
19
28
27
29
29
34
31
38
43
34
42
32
32
29
36
33
36
39
43
43
52
48
61
53
55
59
60
58
46
30
17
2
5
4
2
3
4
6
6
6
4
2
3
2
1
1
1
2
5
9
11
22
21
19
29
35
37
41
36
37
40
40
42
41
44
43
47
50
57
57
56
56
57
64
62
64
65
64
71
48
48
41
35
38
39
38
33
39
60
67
78
87
93
82
77
67
58
62
65
65
