0.004
0.005
0.004
0.005
0.004
0.005
0.006
0.01
0.024
0.028
0.032
0.041
0.04
0.041
0.022
0.005
0.005
0.006
0.005
0.005
0.005
0.005
0.005
0.005
0.005
0.004
0.005
0.005
0.005
0.007
0.019
0.023
0.025
0.027
0.018
0.017
0.014
0.008
0.008
0.008
0.009
0.007
0.005
0.005
0.005
0.005
0.005
0.005
0.005
0.005
0.006
0.008
0.016
0.024
0.037
0.045
0.051
0.051
0.053
0.051
0.041
0.007
0.005
0.005
0.006
0.007
0.006
0.005
0.005
0.005
0.004
0.005
0.004
0.004
0.004
0.005
0.005
0.009
0.014
0.021
0.023
0.027
0.032
0.032
0.031
0.028
0.024
0.025
0.024
0.024
0.013
0.006
0.004
0.004
0.004
0.004
0.004
0.004
0.004
0.005
0.006
0.01
0.012
0.01
0.009
0.011
0.013
0.014
0.013
0.013
0.013
0.006
0.014
0.017
0.018
0.013
0.013
0.014
0.009
0.006
0.009
0.015
0.014
0.009
0.012
0.016
0.021
0.023
0.025
0.025
0.028
0.03
0.029
0.021
0.016
0.009
0.005
0.005
0.007
0.006
0.005
0.005
0.005
0.005
0.005
0.005
0.004
0.004
0.005
0.008
0.013
0.017
0.027
0.026
0.02
0.022
0.035
0.027
0.024
0.029
0.025
0.022
0.012
0.005
0.005
0.004
0.004
0.004
0.004
0.004
0.004
0.005
0.016
0.022
0.026
0.027
0.027
0.032
0.032
0.033
0.028
0.021
0.021
0.014
0.018
0.029
0.028
0.028
0.025
0.006
0.004
0.004
0.004
0.004
0.004
0.005
0.008
0.008
0.008
0.01
0.013
0.014
0.014
0.011
0.005
0.004
0.005
0.005
0.005
0.005
0.004
0.005
0.004
0.004
0.004
0.006
0.017
0.026
0.027
0.026
0.03
0.031
0.031
0.032
0.033
0.028
0.028
0.027
0.021
0.016
0.019
0.017
0.017
0.015
0.009
0.005
0.005
0.005
0.005
0.005
0.006
0.004
0.005
0.007
0.01
0.015
0.019
0.02
0.023
0.028
0.025
0.018
0.007
0.005
0.005
0.006
0.005
0.005
0.005
0.005
0.005
0.005
0.005
0.005
0.004
0.004
0.005
0.006
0.036
0.037
0.034
0.029
0.016
0.02
0.02
0.013
0.005
0.004
0.004
0.005
0.011
0.018
0.024
0.032
0.039
0.042
0.04
0.039
0.037
0.032
0.013
0.006
0.007
0.005
0.005
0.008
0.012
0.011
0.005
0.005
0.005
0.005
0.005
0.005
0.005
0.007
0.011
0.015
0.019
0.023
0.019
0.015
0.009
0.005
0.005
0.005
0.005
0.005
0.01
0.035
0.036
0.031
0.034
0.03
0.027
0.029
0.039
0.04
0.041
0.042
0.043
0.043
0.043
0.042
0.042
0.041
0.037
0.031
0.022
0.022
0.025
0.016
0.013
0.011
0.013
0.015
0.013
0.014
0.012
0.006
0.005
0.008
0.01
0.015
0.019
0.023
0.025
0.024
0.023
0.018
0.009
0.005
0.005
0.005
0.005
0.005
0.005
0.005
0.005
0.005
0.005
0.005
0.005
0.004
0.005
0.006
0.01
0.01
0.009
0.01
0.012
0.016
0.02
0.017
0.011
0.013
0.01
0.006
0.008
0.009
0.008
0.007
0.005
0.005
0.005
0.013
0.014
0.012
0.006
0.005
0.008
0.01
0.015
0.019
0.023
0.025
0.024
0.023
0.018
0.009
0.005
0.005
0.005
0.005
0.005
0.005
0.005
0.005
0.005
0.005
0.005
0.005
0.004
0.005
0.006
0.01
0.01
0.009
0.01
0.012
0.016
0.02
0.017
0.011
0.013
0.01
0.006
0.008
0.009
0.008
0.007
0.005
0.005
0.005
0.004
0.004
0.004
0.006
0.011
0.014
0.015
0.013
0.012
0.012
0.009
0.006
0.005
0.004
0.004
0.004
0.006
0.011
0.008
0.016
0.024
0.037
0.045
0.051
0.051
0.053
0.051
0.041
0.007
0.005
0.005
0.006
0.007
0.006
0.005
0.005
0.005
0.004
0.005
0.004
0.004
0.004
0.005
0.005
0.009
0.014
0.021
0.023
0.027
0.032
0.032
0.031
0.028
0.024
0.025
0.024
0.024
0.013
0.006
0.004
0.004
0.004
0.004
0.004
0.004
0.004
0.005
0.006
0.01
0.012
0.01
0.009
0.011
0.013
0.014
0.013
0.013
0.013
0.006
0.014
0.017
0.018
0.013
0.013
0.014
0.009
0.006
0.009
0.015
0.014
0.009
0.012
0.016
0.021
0.023
0.025
0.025
0.028
0.03
0.029
0.021
0.016
0.009
0.005
0.005
0.007
0.006
0.005
0.005
0.005
0.005
0.005
0.005
0.004
0.004
0.005
0.008
0.013
0.017
0.027
0.026
0.02
0.022
0.035
0.027
0.024
0.029
0.025
0.022
0.012
0.005
0.005
0.004
0.004
0.004
0.004
0.004
0.004
0.005
0.016
0.022
0.026
0.027
0.027
0.032
0.032
0.033
0.028
0.021
0.021
0.014
0.018
0.029
0.028
0.028
0.025
0.006
0.004
0.004
0.004
0.004
0.004
0.005
0.008
0.008
0.008
0.01
0.013
0.014
0.014
0.011
0.005
0.004
0.005
0.005
0.005
0.005
0.004
0.005
0.004
0.004
0.004
0.006
0.017
0.026
0.027
0.026
0.03
0.031
0.031
0.032
0.033
0.028
0.028
0.027
0.021
0.016
0.019
0.017
0.017
0.015
0.009
0.005
0.005
0.005
0.005
0.005
0.006
0.004
0.005
0.007
0.01
0.015
0.019
0.02
0.023
0.028
0.025
0.018
0.007
0.005
0.005
0.006
0.005
0.005
0.005
0.005
0.005
0.005
0.005
0.005
0.004
0.004
0.005
0.006
0.036
0.037
0.034
0.029
0.016
0.02
0.02
0.013
0.005
0.004
0.004
0.005
0.011
0.018
0.024
0.032
0.039
0.042
0.04
0.039
0.037
0.032
0.013
0.006
0.007
0.005
0.005
0.008
0.012
0.011
0.005
0.005
0.005
0.005
0.005
0.005
0.005
0.007
0.011
0.015
0.019
0.023
0.019
0.015
0.009
0.005
0.005
0.005
0.005
0.005
0.01
0.035
0.036
0.031
0.034
0.03
0.027
0.029
0.039
0.04
0.041
0.042
0.043
0.043
0.043
0.042
0.042
0.041
0.037
0.031
0.022
0.022
0.025
0.016
0.013
0.011
0.013
0.015
0.013
0.014
0.012
0.006
0.005
0.008
0.01
0.015
0.019
0.023
0.025
0.024
0.023
0.018
0.009
0.005
0.005
0.005
0.005
0.005
0.005
0.005
0.005
0.005
0.005
0.005
0.005
0.004
0.005
0.006
0.01
0.01
0.009
0.01
0.012
0.016
0.02
0.017
0.011
0.013
0.01
0.006
0.008
0.009
0.008
0.007
0.005
0.005
0.005
0.013
0.014
0.012
0.006
0.005
0.008
0.01
0.015
0.019
0.023
0.025
0.024
0.023
0.018
0.009
0.005
0.005
0.005
0.005
0.005
0.005
0.005
0.005
0.005
0.005
0.005
0.005
0.004
0.005
0.006
0.01
0.01
0.009
0.01
0.012
0.016
0.02
0.017
0.011
0.013
0.01
0.006
0.008
0.009
0.008
0.007
0.005
0.005
0.005
0.004
0.004
0.004
0.006
0.011
0.014
0.015
0.013
0.012
0.012
0.009
0.006
0.005
0.004
0.004
0.004
0.006
0.011
0.014
0.015
0.013
0.012
0.012
0.009
0.006
0.005
0.005
0.005
0.005
0.01
0.006
0.014
0.015
0.013
0.012
0.012
0.009
0.006
0.005
0.005
0.005
0.005
0.01
0.006
0.005
0.005
0.005
0.004
0.004
0.005
0.006
0.008
0.009
0.008
0.007
0.014
0.036
0.036
0.036
0.036
0.038
0.037
0.036
0.035
0.033
0.033
0.032
0.032
0.033
0.033
0.033
0.033
0.031
0.033
0.034
0.035
0.036
0.037
0.038
0.038
0.037
0.036
0.025
0.021
0.018
0.012
0.008
0.006
0.01
0.02
0.028
0.033
0.035
0.036
0.034
0.015
0.012
0.028
0.035
0.038
0.039
0.036
0.034
0.037
0.033
0.028
0.022
0.015
0.011
0.006
0.006
0.006
0.005
0.005
0.006
0.006
0.005
0.006
0.006
0.006
0.007
0.008
0.011
0.013
0.014
0.014
0.013
0.01
0.007
0.005
0.005
0.005
0.005
0.005
0.006
0.005
0.006
0.006
0.006
0.005
0.005
0.005
0.005
0.005
0.007
0.007
0.006
0.006
0.008
0.009
0.007
0.006
0.004
0.005
0.005
0.005
0.005
0.005
0.005
0.005
0.005
0.005
0.005
0.005
0.005
0.005
0.005
0.005
0.006
0.006
0.007
0.007
0.007
0.007
0.006
0.005
0.005
0.004
0.005
0.005
0.005
0.005
0.005
0.005
0.005
0.005
0.005
0.005
0.004
0.005
0.005
0.005
0.008
0.013
0.019
0.023
0.029
0.028
0.027
0.02
0.01
0.006
0.006
0.009
0.01
0.03
0.042
0.045
0.041
0.043
0.043
0.041
0.041
0.04
0.038
0.036
0.036
0.035
0.035
0.035
0.035
0.036
0.038
0.038
0.036
0.035
0.033
0.031
0.029
0.029
0.023
0.022
0.02
0.02
0.018
0.018
0.012
0.011
0.01
0.013
0.022
0.022
0.022
0.021
0.025
0.025
0.023
0.019
0.014
0.013
0.013
0.015
0.013
0.01
0.009
0.006
0.006
0.006
0.005
0.005
0.005
0.005
0.005
0.036
0.035
0.033
0.031
0.029
0.029
0.023
0.022
0.02
0.02
0.018
0.018
0.012
0.011
0.01
0.013
0.022
0.022
0.022
0.021
0.025
0.025
0.023
0.019
0.014
0.013
0.013
0.015
0.013
0.01
0.009
0.006
0.006
0.006
0.005
0.005
0.005
0.005
0.005
0.006
0.009
0.01
0.005
0.005
0.006
0.009
0.01
0.012
0.014
0.013
0.012
0.006
0.005
0.005
0.005
0.006
0.006
0.005
0.006
0.006
0.009
0.01
0.005
0.005
0.006
0.009
0.01
0.012
0.014
0.013
0.012
0.006
0.005
0.005
0.005
0.006
0.006
0.005
0.006
0.01
0.02
0.015
0.02
0.021
0.021
0.02
0.028
0.012
0.014
0.013
0.012
0.006
0.005
0.005
0.005
0.006
0.006
0.005
0.006
0.01
0.02
0.015
0.02
0.021
0.021
0.02
0.028
0.034
0.036
0.037
0.038
0.038
0.037
0.036
0.034
0.029
0.021
0.01
0.01
0.005
0.005
0.005
0.005
0.005
0.005
0.005
0.005
0.006
0.005
0.006
0.007
0.005
0.005
0.005
0.005
0.005
0.005
0.006
0.005
0.006
0.007
0.01
0.013
0.014
0.014
0.014
0.011
0.009
0.006
0.005
0.005
0.005
0.005
0.005
0.01
0.013
0.014
0.014
0.014
0.011
0.009
0.006
0.005
0.005
0.005
0.005
0.005
0.005
0.005
0.006
0.005
0.005
0.005
0.005
0.005
0.005
0.005
0.005
0.007
0.009
0.008
0.008
0.014
0.011
0.009
0.006
0.005
0.005
0.005
0.005
0.006
0.011
0.014
0.015
0.013
0.012
0.012
0.009
0.006
0.005
0.005
0.005
0.005
0.01
0.006
0.014
0.015
0.013
0.012
0.012
0.009
0.006
0.005
0.005
0.005
0.005
0.01
0.006
0.005
0.005
0.005
0.004
0.004
0.005
0.006
0.008
0.009
0.008
0.007
0.014
0.036
0.036
0.036
0.036
0.038
0.037
0.036
0.035
0.033
0.033
0.032
0.032
0.033
0.033
0.033
0.033
0.031
0.033
0.034
0.035
0.036
0.037
0.038
0.038
0.037
0.036
0.025

