2.49
2.69
2.72
2.60
2.63
2.68
2.63
2.53
2.54
2.49
2.52
2.48
2.52
2.54
2.54
2.61
2.67
2.77
2.78
2.83
2.92
2.96
2.92
2.94
3.00
2.97
2.93
3.15
3.25
3.22
3.29
3.35
3.43
3.40
3.45
3.42
3.36
3.41
3.50
3.52
3.58
3.70
3.67
3.49
3.71
4.28
4.65
4.51
4.62
4.80
4.73
4.86
4.84
4.76
4.58
4.20
4.28
4.19
4.17
4.54
4.52
4.59
4.28
4.28
4.16
4.20
4.10
4.16
4.34
4.45
4.49
4.52
4.47
4.45
4.48
4.38
4.25
4.22
4.30
4.26
4.23
4.43
4.46
4.38
4.47
4.59
4.56
4.62
4.66
4.76
4.78
4.79
4.90
4.78
5.03
4.83
4.80
4.68
4.81
4.84
4.80
4.85
4.85
4.96
5.06
4.90
4.81
4.67
4.49
4.40
4.70
4.67
4.72
4.85
4.76
5.11
5.23
5.07
4.86
4.93
4.75
4.67
4.65
4.79
4.85
4.92
4.91
4.91
4.75
4.81
4.69
4.61
4.67
4.62
4.60
4.64
4.61
4.69
4.60
4.50
4.47
4.41
4.34
4.43
4.36
4.45
4.47
4.49
4.43
4.44
4.45
4.50
4.46
4.48
4.48
4.47
4.60
4.68
4.70
4.81
4.77
4.80
4.81
4.79
4.75
4.59
4.64
4.75
4.92
5.07
5.36
5.55
5.43
5.45
5.45
5.46
5.52
5.61
5.67
5.63
5.66
5.61
5.65
5.74
5.68
5.69
5.73
5.79
5.94
5.94
6.00
6.34
6.35
6.47
6.43
6.60
6.88
7.15
7.14
6.96
7.22
7.27
6.94
7.11
7.01
7.02
6.91
6.82
6.89
6.96
7.12
7.14
7.18
7.19
7.38
7.55
7.49
7.26
7.30
7.23
7.34
7.23
7.33
7.35
7.28
7.24
7.42
7.47
7.47
7.43
7.69
7.74
7.79
7.50
7.34
7.35
7.37
7.28
7.14
7.24
7.43
7.38
7.39
7.26
7.23
7.24
7.09
7.05
7.19
7.05
7.09
7.08
6.95
6.95
6.80
6.94
7.01
7.01
7.04
7.16
7.13
7.10
7.10
7.16
7.13
7.32
7.33
7.42
7.69
7.74
7.52
7.51
7.45
7.54
7.64
7.74
7.73
7.83
7.80
7.79
7.59
7.68
7.85
7.91
7.72
7.71
7.76
7.77
7.71
7.60
7.47
7.38
7.35
7.57
7.53
7.66
7.52
8.44
8.65
8.61
8.82
8.76
8.89
9.24
9.42
9.42
9.58
9.69
9.80
9.68
9.41
9.71
9.69
9.85
9.75
9.88
10.01
9.93
10.16
10.34
10.49
10.64
10.51
10.01
10.05
10.28
10.37
10.07
10.04
10.03
10.19
10.16
10.24
10.36
10.40
10.49
10.68
10.54
10.67
10.58
10.72
10.69
10.54
10.59
10.43
10.30
10.80
11.05
11.20
11.56
11.59
11.66
11.70
11.51
11.57
11.59
11.04
10.83
9.91
10.61
10.99
10.75
10.78
10.76
10.59
10.74
9.97
9.83
9.47
9.56
9.13
9.16
8.90
9.00
8.58
8.52
8.50
9.09
9.15
9.10
9.07
9.38
9.37
9.69
9.00
9.05
9.34
9.39
9.14
9.04
8.78
8.51
8.38
8.36
8.71
8.55
8.41
8.43
8.64
8.44
8.44
8.48
9.08
9.17
9.36
9.80
9.64
9.68
9.67
10.03
10.13
10.20
10.08
10.33
10.17
10.15
9.98
10.10
10.03
10.19
10.30
10.85
10.93
10.60
10.57
10.42
10.37
9.90
9.80
9.78
9.80
9.79
9.80
10.15
10.00
9.60
9.28
9.34
9.21
9.29
9.21
9.18
9.21
9.32
9.46
9.50
9.46
9.23
9.23
9.50
9.42
9.29
9.68
9.59
9.76
9.59
9.47
9.59
9.54
9.70
9.70
9.63
9.61
9.98
9.93
10.05
10.03
9.98
10.08
10.37
10.41
10.50
10.46
10.50
10.43
10.38
10.54
10.36
10.15
10.01
10.12
10.00
9.90
9.61
9.68
9.70
9.66
9.57
9.49
9.63
9.59
9.32
9.11
9.32
9.28
9.38
9.46
9.35
9.29
9.15
9.17
9.45
9.62
9.57
9.51
9.36
9.39
9.27
9.28
9.26
9.45
9.40
9.45
9.39
9.40
9.54
9.43
9.39
9.38
9.53
9.73
10.09
10.03
10.17
10.29
10.02
9.85
10.10
10.02
10.03
10.10
10.00
10.02
9.97
9.96
10.03
10.32
10.22
10.44
10.65
10.59
10.58
10.61
10.60
10.47
10.44
10.41
10.57
11.41
11.93
11.75
12.08
12.04
11.79
11.83
11.82
11.60
11.66
11.71
11.84
11.73
11.79
11.73
11.75
11.94
12.14
12.21
12.31
12.38
12.29
12.65
12.61
12.53
12.03
12.15
12.03
12.03
11.93
12.03
12.09
12.13
11.98
12.01
12.01
11.96
11.89
11.96
11.92
11.49
11.63
11.49
11.32
11.31
11.35
11.62
11.48
11.43
11.60
11.99
12.09
12.00
12.05
12.15
12.40
12.53
12.51
12.34
12.11
12.15
11.93
11.89
12.39
12.11
12.31
12.22
12.27
12.45
11.96
11.95
11.59
11.70
11.66
11.69
11.46
11.37
11.39
11.56
11.45
11.66
11.72
11.81
11.81
11.68
11.54
11.14
11.15
11.12
10.89
10.94
11.36
11.31
11.29
11.24
11.29
10.99
11.12
11.07
10.94
11.10
11.05
11.33
11.47
11.46
11.54
11.51
11.46
11.44
11.37
11.38
11.73
11.69
11.70
11.62
11.58
11.53
11.60
11.57
11.77
11.73
11.81
11.71
11.97
11.89
11.85
11.86
11.94
11.89
11.70
11.64
11.56
11.74
11.69
11.60
11.59
11.65
11.45
11.58
11.46
11.37
11.73
11.69
11.67
11.68
11.81
11.76
11.77
12.00
12.09
12.37
12.36
12.42
12.58
12.88
12.86
12.78
12.79
12.69
12.53
12.54
12.48
12.55
12.79
12.76
12.66
12.76
13.03
13.09
13.16
13.06
13.03
12.97
13.16
13.26
13.44
13.39
13.46
13.48
13.51
13.53
13.70
13.72
13.77
13.64
13.61
12.91
12.72
12.76
12.65
12.61
12.70
12.81
12.66
12.73
12.68
12.48
12.66
12.81
13.05
12.77
12.80
12.79
12.62
12.35
12.20
12.41
12.36
12.57
12.73
12.71
12.78
12.74
12.57
12.73
12.69
12.79
13.03
13.10
12.99
12.89
12.77
12.94
12.97
13.02
13.12
13.04
13.28
13.57
13.72
13.90
14.10
14.12
14.10
14.08
14.08
14.46
14.50
14.49
14.37
14.74
15.13
15.27
15.52
15.44
15.82
15.39
15.29
15.72
15.87
16.00
16.15
16.77
16.77
16.59
16.74
16.86
17.24
17.55
17.45
17.65
18.01
18.41
18.19
17.22
16.48
15.69
16.39
15.92
15.63
15.73
15.53
16.10
16.39
16.79
16.53
16.72
17.18
17.30
17.20
16.91
16.98
17.34
17.75
17.74
17.83
17.35
17.36
17.22
17.12
16.61
16.71
16.81
17.12
17.29
17.39
17.64
17.39
17.44
17.16
17.00
17.01
16.31
16.11
15.68
16.21
16.05
15.84
16.23
15.82
15.29
14.91
14.90
14.50
13.62
14.26
14.06
13.80
13.66
13.61
14.00
12.80
12.30
12.58
12.45
12.53
12.82
12.93
12.86
13.27
13.21
13.14
12.63
12.63
12.48
12.60
12.07
11.52
11.74
11.80
11.69
11.34
11.03
11.11
10.74
10.75
10.27
10.92
10.92
10.99
10.87
10.42
10.90
10.72
10.76
11.43
11.19
11.37
11.02
10.87
10.93
11.56
11.56
11.29
11.69
11.83
11.61
11.52
11.64
11.35
11.21
11.09
11.29
11.16
13.39
13.35
13.77
13.56
13.48
13.50
13.70
13.86
14.25
14.72
14.43
14.76
14.55
14.37
14.47
14.23
14.52
14.47
14.30
14.42
14.40
14.33
14.36
13.65
13.64
13.52
13.92
14.10
14.47
14.54
14.27
14.08
14.20
14.55
14.07
13.84
13.75
13.53
13.72
14.18
14.22
14.13
13.96
13.90
13.56
13.53
13.46
13.67
13.12
13.11
13.06
13.27
13.08
13.33
13.50
13.76
13.44
13.42
13.25
12.95
12.81
13.29
13.24
11.95
11.63
11.84
12.14
11.80
12.21
11.84
11.99
11.98
11.76
11.61
11.49
11.91
12.07
11.89
12.28
12.43
12.47
12.41
12.54
12.66
12.37
12.17
12.04
12.07
12.18
11.99
11.77
11.63
11.76
11.50
11.55
11.53
11.17
11.03
10.42
10.39
10.28
10.76
10.86
10.77
10.99
10.29
10.90
11.15
10.67
10.65
10.80
10.91
10.70
9.46
9.94
10.22
9.69
9.60
9.21
8.59
8.39
8.16
8.24
9.46
9.00
8.42
8.76
9.25
9.41
9.00
8.83
8.74
8.42
8.18
9.15
8.88
8.93
8.92
8.60
9.11
8.49
8.22
8.22
7.91
7.73
7.22
7.75
7.69
7.45
7.38
6.95
6.44
6.51
6.39
7.00
7.25
7.27
6.60
6.83
6.93
6.81
7.05
7.50
7.59
7.66
7.45
7.84
7.71
8.07
7.82
7.70
7.70
7.37
7.40
7.52
7.45
7.38
7.52
7.64
7.97
8.14
8.29
7.99
8.07
7.82
7.76
7.80
7.47
7.42
7.44
7.02
7.52
7.61
8.06
8.04
8.23
8.65
8.52
8.40
8.45
8.45
8.51
8.78
9.21
9.40
8.90
8.89
9.01
8.88
8.50
8.76
8.50
8.60
8.19
8.57
8.48
8.37
8.39
8.12
8.08
7.91
7.59
7.66
7.22
7.65
7.89
8.03
8.05
7.93
8.32
8.27
8.19
8.19
8.65
8.62
8.54
8.77
8.63
8.50
8.64
8.79
9.00
9.18
9.14
8.90
8.98
9.24
9.38
9.16
9.42
9.65
9.73
9.41
9.47
9.53
9.55
9.67
9.58
9.52
9.72
9.83
9.77
9.98
10.00
10.01
9.84
10.11
10.13
9.90
9.67
9.62
9.68
9.85
9.90
9.86
9.84
9.77
10.04
10.06
10.19
10.35
10.59
10.63
10.71
10.93
11.03
10.89
10.81
10.74
10.65
10.54
10.34
10.32
10.30
10.28
10.43
10.11
10.07
10.16
10.32
10.56
10.53
10.46
10.40
10.14
10.17
9.84
9.99
10.18
10.28
10.53
10.54
10.87
10.98
10.68
10.68
10.62
10.61
10.85
11.09
11.04
10.92
10.83
11.06
11.00
11.22
11.26
11.20
11.18
11.34
11.33
11.27
11.38
11.47
11.42
11.04
11.05
11.02
11.43
11.55
11.63
11.70
11.61
11.57
11.53
11.46
11.31
11.24
11.35
11.45
11.38
11.51
11.69
11.72
11.79
11.85
12.12
12.20
12.20
12.33
12.39
12.37
12.33
12.22
12.37
12.37
12.31
12.09
12.03
12.12
12.38
12.84
12.76
12.81
13.01
13.06
13.29
13.15
13.65
13.70
13.69
13.68
13.75
13.74
13.75
13.61
13.41
13.68
13.31
13.25
13.33
13.41
13.62
13.68
13.96
14.07
14.16
14.09
14.20
14.30
14.33
14.31
14.22
14.14
14.45
14.47
14.54
14.39
14.47
14.64
14.58
14.54
14.52
14.55
14.57
14.62
14.68
14.65
14.78
14.72
14.83
14.74
14.80
14.86
14.92
15.18
15.35
15.46
15.37
15.45
15.39
15.55
15.49
15.10
14.74
14.94
14.92
14.65
14.57
14.64
14.39
14.58
14.40
14.47
13.65
13.40
13.46
13.45
13.26
13.15
13.23
13.18
13.42
13.07
13.19
13.24
13.31
13.26
13.31
13.23
13.43
13.36
13.48
13.42
13.47
13.28
13.19
13.06
13.07
13.22
13.43
13.53
13.76
14.00
13.96
13.90
14.31
14.42
14.38
13.98
14.03
14.04
14.06
13.90
13.84
13.62
13.83
13.97
13.96
13.96
14.06
14.07
14.12
14.17
14.10
13.99
14.08
14.05
14.21
14.56
14.62
14.77
13.65
13.65
13.77
13.76
13.58
13.53
13.19
13.13
13.13
13.20
13.05
13.17
12.57
12.65
12.38
12.24
12.95
12.63
12.54
12.68
12.60
12.61
12.37
12.27
11.79
11.72
11.84
11.84
11.80
12.17
12.05
11.97
12.24
12.55
12.38
12.05
12.03
11.76
12.09
12.12
11.99
12.36
12.44
12.41
12.41
12.12
12.07
11.96
11.79
11.73
11.72
11.27
11.04
10.91
10.83
10.82
11.17
11.33
11.60
11.81
12.14
12.19
12.26
11.41
11.57
11.95
11.85
12.03
12.16
12.14
12.23
12.02
12.04
12.03
12.17
12.16
12.57
12.61
12.41
12.54
12.50
12.20
12.21
12.07
12.05
12.17
11.97
11.61
11.47
11.52
11.20
11.28
11.19
11.39
11.23
11.17
11.42
11.49
11.67
11.53
11.68
11.82
11.82
11.97
11.92
11.93
11.94
12.16
12.61
12.74
12.81
12.74
13.09
13.16
13.08
13.10
13.05
13.04
12.96
13.36
13.26
13.15
13.31
13.37
13.44
13.48
13.42
14.93
15.33
15.08
15.09
15.19
15.20
15.30
15.35
15.30
15.35
15.23
15.26
15.28
15.39
15.49
15.51
15.55
15.51
15.46
15.32
14.97
14.78
14.49
14.48
14.81
14.66
14.67
14.47
14.77
14.64
14.45
13.79
14.01
14.19
14.22
14.35
14.57
14.66
14.68
14.70
14.76
14.76
14.65
14.68
14.66
14.77
14.97
15.03
15.00
14.95
14.86
14.92
14.86
14.74
15.00
14.94
15.12
15.23
15.30
15.24
15.29
15.31
15.30
15.49
15.87
15.68
15.55
15.18
15.17
15.38
15.30
15.31
14.92
14.90
15.16
15.19
15.14
15.16
15.25
15.35
15.30
15.30
15.50
15.59
15.49
15.49
15.52
15.64
15.14
15.17
15.11
15.14
15.22
14.91
14.91
15.13
14.91
14.68
14.70
14.69
14.40
14.31
14.15
14.14
13.83
13.93
13.92
14.31
14.33
14.45
14.57
14.39
14.28
14.44
14.44
14.56
14.69
14.58
14.12
14.25
14.39
14.35
14.33
14.16
14.30
14.36
13.17
13.07
12.94
13.05
13.03
13.03
13.22
13.35
13.35
13.50
13.37
13.25
13.30
13.26
13.28
13.34
13.47
13.29
13.28
13.14
12.87
13.16
13.15
13.18
13.01
12.87
12.86
12.90
12.86
12.93
13.13
13.04
13.11
12.98
12.93
12.88
12.88
12.82
12.64
12.53
12.62
12.48
12.42
12.04
12.03
12.24
12.09
11.92
11.79
11.98
12.25
12.35
12.57
12.93
13.21
13.29
13.57
13.20
13.09
13.25
13.36
13.13
14.83
14.76
14.95
14.78
15.06
15.34
15.36
15.45
15.07
15.16
14.98
15.06
14.70
14.92
14.33
14.37
13.55
14.23
13.63
13.95
13.99
13.83
13.38
13.23
12.53
12.18
12.36
12.88
12.99
12.91
13.08
13.38
13.42
13.43
13.22
13.03
12.96
13.25
13.28
13.03
13.16
13.14
13.20
13.46
13.57
13.57
13.57
13.38
12.92
13.04
13.20
13.39
13.12
13.09
12.78
12.30
12.46
12.53
12.77
12.78
13.33
13.48
13.61
13.87
14.68
14.45
14.65
14.41
14.49
14.65
14.80
14.47
14.55
14.86
14.89
14.71
14.36
14.51
14.83
14.79
15.10
15.20
14.91
14.77
15.10
15.21
15.30
15.18
14.91
14.76
14.42
14.39
14.15
13.97
14.60
14.47
14.88
15.23
15.40
15.53
15.48
15.47
15.29
15.57
15.52
15.53
15.34
15.38
15.53
15.43
15.64
15.53
15.63
15.71
15.89
15.88
15.94
16.03
16.51
16.59
16.35
16.13
15.45
15.46
15.53
15.63
15.51
15.60
15.71
15.87
14.54
14.53
14.42
14.13
14.10
14.39
14.34
14.40
14.41
14.52
14.80
15.12
15.06
15.13
15.17
15.04
15.19
15.13
15.03
15.05
15.01
15.24
15.09
15.04
15.14
15.12
15.35
15.34
15.45
15.42
15.24
15.01
15.06
15.07
14.90
15.02
15.33
15.29
15.41
15.51
15.73
15.72
15.88
16.03
15.95
16.11
16.06
16.27
16.09
15.91
16.05
15.95
15.76
15.69
15.66
15.56
15.78
16.16
15.50
15.04
15.13
15.08
14.87
14.79
14.83
14.92
15.13
15.27
15.26
15.01
15.00
15.07
15.16
14.82
15.08
15.21
15.12
15.23
15.02
14.99
15.17
15.61
15.46
14.90
15.24
14.91
15.13
14.98
14.68
14.75
14.60
14.42
14.17
14.36
14.16
14.41
14.35
14.41
14.11
14.02
13.92
13.87
14.01
14.17
14.43
14.33
14.03
14.18
13.92
14.01
14.13
14.00
14.40
14.41
14.59
14.79
14.54
14.54
14.44
14.18
14.16
14.31
14.27
14.31
14.41
14.72
15.16
15.28
15.08
15.09
15.22
15.76
15.69
15.71
15.70
15.60
15.92
15.95
15.90
15.94
15.94
15.93
16.38
16.59
16.57
16.70
16.80
16.77
16.62
16.81
16.80
16.84
16.61
16.81
17.07
16.92
17.00
16.90
16.89
17.36
17.52
17.39
17.18
17.15
17.52
17.61
17.62
17.83
18.05
18.07
18.22
18.60
18.59
18.70
18.77
18.72
18.91
18.79
18.92
19.06
19.05
18.81
18.47
18.48
18.65
18.48
18.39
18.48
18.75
17.25
16.92
16.84
16.88
16.81
16.82
16.76
16.88
17.06
17.07
16.95
16.92
16.56
16.19
16.45
16.53
16.36
16.19
16.06
16.06
16.58
16.63
16.53
16.58
16.41
16.65
16.97
17.17
17.33
17.25
17.15
17.07
17.15
16.98
17.01
17.29
17.31
17.44
17.42
17.89
17.90
17.87
17.93
17.76
17.61
17.59
17.53
17.37
17.56
17.95
17.96
18.31
18.23
18.20
18.32
18.40
18.36
17.95
17.99
17.75
17.65
17.48
17.44
18.40
18.72
18.70
18.63
18.70
18.71
18.75
19.25
18.84
19.00
19.11
19.21
19.49
19.42
19.38
19.43
19.55
19.68
20.02
19.67
19.74
19.85
19.62
19.61
19.85
19.88
20.01
20.39
20.81
20.63
20.66
20.64
20.72
20.54
20.48
20.39
20.21
20.05
20.13
20.22
20.13
20.11
20.09
20.16
19.92
19.71
19.88
20.18
20.01
19.73
19.43
19.23
19.30
19.61
19.62
19.61
19.41
19.69
19.42
19.01
19.85
19.86
20.05
20.19
20.08
19.89
20.33
20.46
20.36
20.59
20.99
21.38
21.27
21.68
21.63
21.85
21.78
22.02
22.73
22.43
22.56
22.55
22.51
22.07
21.91
21.67
21.87
21.55
21.61
21.62
21.53
21.32
21.34
21.46
21.83
22.09
21.83
21.64
21.76
21.72
21.99
22.35
22.35
21.96
21.86
21.59
21.50
21.68
21.77
21.85
22.03
21.90
22.00
22.17
22.46
22.47
22.48
22.84
22.91
22.95
22.82
22.80
22.60
22.25
22.60
22.43
22.41
22.03
21.97
21.90
22.11
22.03
22.44
22.50
22.46
22.25
22.10
22.15
22.10
21.98
21.87
21.59
21.33
21.27
21.48
21.48
21.57
21.68
21.60
21.50
21.10
21.06
21.23
21.02
21.35
21.63
21.83
21.83
22.04
22.05
22.24
22.16
22.06
22.03
21.99
22.42
22.30
22.41
22.00
22.01
21.77
21.79
21.75
21.74
22.01
22.04
21.74
21.65
21.49
21.19
21.24
21.55
21.64
21.74
21.89
22.29
22.06
25.10
24.90
24.99
25.60
25.45
25.19
25.19
25.72
25.57
25.58
25.49
25.47
25.35
25.38
25.01
25.22
25.08
25.11
25.62
25.69
25.65
25.60
25.44
25.37
25.66
25.61
25.96
26.27
26.38
26.30
26.17
26.14
26.26
26.24
26.55
26.76
26.92
26.74
26.55
26.33
26.63
26.55
26.92
26.96
27.31
27.67
27.59
27.73
27.76
27.53
27.81
27.62
27.42
27.73
28.26
28.32
28.05
28.05
27.87
28.53
28.51
28.69
28.55
28.88
28.91
28.79
27.89
27.33
27.87
27.47
28.18
29.31
28.13
28.25
28.37
28.79
29.22
29.11
29.54
29.45
29.78
29.85
30.05
29.84
29.88
29.88
30.09
30.28
30.28
30.26
30.17
29.85
30.15
30.23
30.27
30.15
30.07
29.78
29.96
29.51
29.11
29.58
30.06
29.76
29.71
29.36
28.74
28.76
28.09
27.75
27.82
27.67
28.18
28.17
28.31
26.99
26.74
27.57
28.03
26.88
26.36
26.46
26.65
27.65
26.64
26.26
26.57
26.18
26.09
25.65
25.69
26.22
26.17
26.40
26.23
26.22
25.59
25.34
25.39
25.77
26.33
26.49
26.17
25.83
25.87
26.28
26.32
26.78
27.08
27.46
28.12
27.91
27.83
27.82
27.52
27.08
27.06
27.52
27.64
27.93
27.85
27.77
27.39
27.41
27.04
26.98
27.49
27.57
27.64
28.07
28.05
28.75
28.62
28.68
28.58
28.95
28.93
29.05
28.93
28.37
28.62
28.37
28.78
29.06
29.05
28.95
28.51
29.57
29.29
29.55
29.61
29.48
29.27
29.34
29.10
29.19
28.40
28.12
28.48
28.08
28.14
27.99
28.26
28.21
27.96
28.56
28.55
28.49
28.92
29.16
29.04
28.98
28.94
28.83
28.71
28.37
28.28
28.40
28.68
28.71
28.92
29.12
29.30
28.87
28.97
28.88
28.60
28.47
28.81
29.05
29.28
29.62
29.18
28.87
29.21
28.57
28.67
28.64
28.69
28.23
28.32
28.58
28.69
28.01
28.44
27.87
27.05
26.49
26.73
26.33
26.06
25.40
25.88
26.16
26.47
27.03
26.82
26.87
27.27
27.29
27.34
27.78
27.59
27.53
27.12
26.93
26.88
27.20
27.34
27.19
27.10
27.05
26.66
26.58
26.68
26.57
26.71
26.79
26.88
26.85
26.92
26.52
26.52
26.40
26.70
26.10
26.18
26.50
26.14
26.25
25.77
25.53
24.61
25.09
25.39
25.65
26.08
26.36
26.27
26.53
26.35
26.35
26.15
26.07
25.53
24.94
24.90
24.98
24.65
24.47
24.65
24.89
24.93
25.24
25.19
25.74
26.55
26.83
26.59
25.77
25.34
25.37
26.56
26.26
26.30
25.97
26.21
26.38
26.23
26.68
26.63
26.98
27.28
26.97
26.81
26.97
26.78
26.43
26.64
27.02
27.60
27.74
28.39
28.50
28.49
28.59
28.21
28.26
27.58
27.39
27.60
27.19
27.55
27.37
27.80
27.72
27.84
27.76
28.33
27.76
27.58
27.24
27.43
27.23
26.96
26.61
26.67
26.68
26.91
26.87
26.83
26.79
26.35
26.46
26.52
26.04
26.60
26.53
26.80
27.18
28.07
27.67
27.58
27.36
26.77
26.80
26.94
26.44
26.12
26.44
26.81
26.69
26.36
26.39
26.82
26.60
26.52
26.77
26.87
27.03
26.91
26.52
26.89
26.89
26.51
26.60
26.86
26.92
26.74
26.57
26.25
26.24
26.74
26.63
26.52
26.27
26.31
26.37
26.74
26.74
26.81
26.93
26.80
26.67
26.49
25.98
25.93
26.00
26.08
26.05
26.16
25.75
25.94
26.41
27.23
27.95
27.91
28.89
33.53
33.03
33.00
32.99
32.10
31.07
31.25
31.29
31.48
31.52
31.17
31.45
31.35
32.07
32.02
31.65
31.57
32.92
32.86
32.70
32.74
32.93
32.69
32.93
32.23
30.51
29.37
29.00
31.32
31.77
31.41
30.80
29.78
30.61
30.20
29.93
30.62
30.53
30.96
31.18
31.05
31.64
31.69
32.03
31.35
31.66
31.02
31.01
31.18
30.49
29.64
29.64
30.31
30.46
31.23
31.96
32.16
32.00
31.84
32.07
32.22
32.50
32.44
32.97
32.99
33.19
32.40
32.02
32.47
34.97
35.51
35.30
35.52
35.72
35.41
35.93
35.98
36.28
36.43
36.56
36.11
36.29
36.64
36.43
35.72
36.32
36.14
36.87
36.79
37.69
37.66
37.28
37.27
37.38
37.00
38.21
37.98
37.49
38.20
38.03
37.98
37.45
37.34
36.81
37.25
37.04
37.77
37.34
36.83
37.25
37.37
37.38
37.29
37.99
38.69
38.41
37.81
36.96
37.00
37.05
36.19
35.60
35.67
36.17
34.90
35.61
34.60
34.96
34.80
35.20
36.13
35.46
35.52
34.87
36.42
37.01
37.47
38.10
36.22
35.27
34.06
34.01
33.78
34.08
34.03
34.00
34.43
35.29
34.74
34.92
35.20
34.67
34.85
35.16
35.13
34.76
35.81
35.81
35.49
35.42
34.63
34.57
35.14
35.51
36.21
36.39
36.29
36.67
36.76
36.75
36.97
36.90
36.77
36.63
36.55
37.11
37.39
37.11
37.36
37.13
36.76
37.15
36.88
36.83
36.67
37.02
37.45
37.53
37.81
38.19
37.56
37.50
37.82
35.81
36.03
35.28
35.17
34.43
34.53
34.79
34.49
34.66
34.95
35.43
35.52
36.03
35.64
35.54
35.41
35.70
35.19
35.21
34.89
35.36
35.09
35.88
36.13
36.08
36.50
36.65
36.58
36.39
35.99
35.70
35.70
36.28
36.30
35.84
35.79
35.78
35.82
35.39
34.46
34.56
34.67
34.75
34.97
33.64
33.29
33.88
34.08
34.48
34.84
34.62
34.76
34.64
35.16
35.63
35.90
35.72
35.92
35.86
36.56
36.72
36.93
36.80
37.00
36.86
36.79
36.96
37.16
38.30
38.51
38.42
38.52
38.44
38.97
38.95
39.07
39.09
39.10
39.02
38.98
38.72
38.86
38.74
38.63
38.47
38.47
38.34
38.33
38.34
38.47
38.32
38.22
38.30
38.43
38.86
38.88
38.63
37.85
38.31
37.85
37.99
38.45
38.31
38.15
38.43
38.67
39.22
39.20
38.57
39.01
38.94
38.61
38.73
38.49
38.68
38.68
38.70
38.62
39.16
39.01
39.17
38.77
38.79
38.86
39.62
39.93
39.71
39.83
40.51
40.24
39.81
39.63
39.63
39.09
39.04
38.30
37.97
37.96
38.99
39.38
39.12
37.99
37.57
36.67
37.79
38.09
38.42
37.89
38.32
38.28
37.91
37.95
38.27
38.40
37.77
37.26
37.39
37.99
37.82
38.42
38.68
39.32
39.32
39.66
39.71
39.75
39.40
39.57
39.68
39.59
39.42
39.35
39.44
39.11
39.00
38.45
39.17
39.20
39.56
40.16
40.19
40.10
40.25
40.17
40.25
40.09
40.16
39.97
40.11
40.82
41.05
41.63
41.46
41.02
39.97
39.70
39.64
39.78
39.93
39.92
40.20
40.27
40.33
40.54
40.82
40.88
40.80
41.06
41.26
41.43
41.39
41.42
41.28
41.32
41.01
41.61
41.38
41.31
41.24
41.45
41.62
41.78
42.01
42.13
42.13
42.21
42.29
42.45
42.27
41.37
41.33
40.73
40.58
40.83
40.90
41.42
41.43
41.33
41.78
41.58
41.42
41.25
41.09
41.09
41.02
41.07
41.03
41.71
41.69
41.76
41.93
42.01
42.98
43.46
43.43
43.56
45.14
45.47
45.66
46.19
46.42
46.19
46.55
46.44
46.27
46.36
46.44
46.69
46.98
45.82
46.35
46.53
46.92
47.27
47.58
48.30
48.40
48.62
48.07
48.17
48.61
49.01
48.65
48.87
48.99
47.32
46.98
47.50
47.37
46.95
46.82
47.70
47.36
47.80
47.68
48.11
47.44
46.20
46.86
45.73
45.27
44.77
45.42
45.17
45.77
46.27
46.34
47.02
47.19
47.63
47.50
48.10
48.37
48.23
48.47
48.84
47.36
47.22
46.54
46.91
46.36
46.37
46.35
46.02
46.23
46.30
46.17
45.98
45.20
45.56
45.97
45.95
46.18
45.39
45.37
45.17
46.07
46.18
45.90
45.63
45.53
45.90
46.31
46.80
46.70
46.26
46.22
46.63
46.16
46.29
46.44
46.59
46.09
45.85
45.59
45.93
46.41
46.46
46.26
45.88
46.08
47.06
47.31
47.78
47.49
47.72
47.41
48.32
48.77
48.68
48.46
49.29
49.21
49.31
49.42
49.43
49.46
49.05
49.23
48.25
48.35
48.49
48.45
50.78
50.67
50.65
51.09
51.10
51.44
51.11
51.48
51.81
51.38
51.22
51.10
51.12
50.86
51.44
50.77
50.74
51.54
51.61
51.84
52.52
52.18
50.90
50.89
50.33
49.76
50.08
50.74
51.36
51.67
51.87
51.84
51.84
52.27
53.02
53.66
53.34
53.06
52.99
52.82
52.65
52.28
52.22
52.13
53.06
53.93
54.13
54.91
55.15
55.11
54.93
55.08
55.91
55.89
56.40
56.29
56.67
57.58
58.29
58.00
58.31
58.58
58.57
57.98
58.29
58.18
55.40
52.60
53.84
52.24
49.90
51.70
52.41
52.42
53.29
54.28
54.54
54.93
55.37
55.13
56.14
56.98
55.71
55.04
53.28
53.75
54.35
54.56
55.28
56.10
57.79
58.02
56.70
57.27
57.27
56.58
54.79
54.69
54.35
52.27
50.90
52.47
50.08
50.05
51.40
50.14
50.49
51.07
51.21
50.17
50.59
51.40
50.82
51.44
51.28
51.71
53.52
53.41
54.19
53.46
53.18
50.82
50.88
51.82
51.32
50.68
51.68
51.04
51.00
52.22
52.55
52.51
53.94
54.68
54.72
54.81
53.77
53.89
53.74
53.13
53.79
53.30
53.79
53.77
53.59
52.83
53.20
54.06
55.77
56.76
56.78
56.64
55.99
55.84
56.30
56.76
56.54
57.40
57.41
58.46
58.19
58.28
57.68
57.57
56.04
55.72
55.00
55.51
55.58
56.17
54.95
56.01
56.80
57.50
57.44
57.49
58.96
59.23
58.98
59.73
59.58
59.14
59.03
60.06
62.18
62.96
63.19
61.70
60.77
60.65
60.78
61.09
60.97
61.02
61.89
62.06
62.23
61.66
61.53
61.88
60.50
60.11
59.83
60.17
59.87
60.15
60.05
60.81
61.87
61.34
62.24
61.73
60.69
59.64
59.11
58.36
58.03
58.02
58.66
57.93
58.56
58.42
57.60
57.85
58.34
59.13
58.10
58.46
59.02
58.81
59.52
59.46
59.55
59.79
59.93
58.20
57.66
57.24
56.74
53.87
53.77
55.31
54.42
55.86
55.58
54.20
54.63
54.86
54.99
52.35
54.58
53.38
50.82
51.63
53.65
53.31
52.70
51.82
52.60
54.47
53.93
53.12
51.75
51.62
52.00
53.04
52.88
50.82
51.10
51.69
51.01
52.24
52.03
54.12
54.22
54.53
55.12
52.35
53.25
51.64
51.79
52.40
52.99
52.90
51.92
50.64
51.25
50.97
50.29
48.80
48.64
51.79
52.01
51.67
51.60
52.11
50.62
53.34
53.23
53.62
53.54
53.32
52.67
52.05
53.66
53.85
54.30
54.72
53.33
53.59
53.50
54.35
53.31
52.84
54.26
55.62
55.34
56.44
57.09
55.56
54.74
54.56
54.55
55.87
55.81
55.88
55.48
55.73
55.49
54.65
55.32
55.27
55.56
55.60
55.80
56.85
57.18
57.89
57.69
56.96
56.91
58.58
59.45
59.45
59.07
59.01
59.00
59.73
60.98
61.36
60.06
59.44
59.02
58.44
58.22
58.46
59.51
59.81
60.08
60.53
60.14
59.98
59.65
59.89
60.02
60.68
60.84
61.14
61.60
61.60
62.22
63.00
62.58
62.95
63.38
64.15
59.21
58.19
57.92
59.06
59.26
58.49
58.10
57.91
58.01
56.40
55.82
58.00
58.74
57.91
56.74
57.28
57.36
56.83
56.47
56.50
55.62
55.70
54.98
51.63
52.46
51.92
52.03
53.11
53.83
53.74
53.66
54.24
54.07
54.43
54.98
54.92
55.37
55.89
55.58
54.12
53.80
53.61
53.85
54.70
55.36
55.88
56.38
55.62
56.04
56.82
57.01
57.04
57.31
57.47
57.11
57.11
56.30
56.70
57.11
56.69
56.40
62.30
61.75
61.04
60.62
60.23
59.49
57.41
58.29
58.49
60.02
59.19
58.53
59.65
58.01
58.15
58.67
59.71
58.92
59.35
59.26
57.36
58.24
58.18
58.34
59.43
59.19
58.21
58.86
60.35
60.03
60.00
60.08
60.79
61.49
61.76
61.34
61.24
61.40
61.71
61.28
61.48
60.72
62.10
61.85
61.04
60.73
60.04
58.62
59.18
60.23
60.17
59.24
59.90
60.22
60.55
60.64
61.93
61.96
62.43
62.05
62.08
61.92
62.73
62.82
63.03
64.27
62.90
62.84
62.78
63.46
64.34
64.37
64.36
65.21
65.33
64.73
64.71
64.67
65.34
66.50
65.80
65.54
64.92
64.83
64.54
65.10
65.44
65.41
65.01
64.27
64.53
65.79
66.17
66.79
66.94
66.99
67.01
67.27
67.15
67.81
67.51
67.39
67.56
67.24
67.20
66.94
67.78
67.35
66.57
66.61
68.12
67.79
69.46
69.42
69.96
70.74
71.23
71.70
71.29
71.70
72.33
73.75
73.95
74.03
74.07
73.07
71.44
72.37
72.67
72.53
71.45
74.03
72.09
72.15
73.55
73.70
75.16
75.17
75.64
75.46
75.76
75.71
76.06
75.64
73.99
70.83
69.17
69.41
65.67
66.73
69.21
66.83
69.08
65.72
64.69
60.56
63.79
60.55
55.55
60.77
54.02
55.79
54.64
55.56
53.42
52.64
56.52
54.93
57.88
55.34
57.14
57.93
55.08
55.84
54.70
59.13
59.11
60.30
60.36
60.66
63.23
62.90
62.95
63.93
63.10
60.60
62.93
63.59
63.74
63.57
61.46
66.83
67.19
65.79
66.10
67.31
67.12
68.38
69.17
69.91
68.54
67.22
67.56
68.41
68.95
68.43
70.08
69.89
70.27
70.60
70.64
70.58
71.19
71.33
71.70
71.56
70.36
71.66
72.07
72.55
73.03
69.94
70.41
70.74
71.88
72.30
71.54
71.33
72.33
72.96
71.34
71.81
67.75
69.50
70.43
71.64
72.97
74.52
73.99
74.53
75.28
76.81
75.30
75.76
75.41
75.63
75.51
78.01
77.64
78.14
75.51
75.32
76.24
74.75
75.83
76.30
73.88
73.46
72.99
73.42
74.74
74.46
74.54
73.75
75.06
75.65
75.12
75.63
77.65
77.10
78.80
78.74
79.13
80.12
82.32
81.42
81.93
81.42
82.74
86.10
81.80
79.27
76.35
77.57
76.33
75.76
75.69
76.80
75.77
74.51
72.74
71.30
73.01
70.51
71.16
71.99
72.96
73.20
73.22
74.24
72.66
74.03
72.41
72.75
74.03
75.49
78.18
78.30
78.12
77.68
78.37
76.46
77.52
79.38
80.48
81.76
79.24
79.93
75.56
78.08
80.76
81.01
82.22
87.14
87.85
87.77
87.83
86.71
87.32
87.18
88.53
88.75
88.19
87.03
87.88
86.80
86.43
88.13
88.25
89.34
87.72
89.58
91.07
91.01
91.07
90.65
90.60
88.89
88.45
88.77
87.69
88.07
87.83
87.08
86.24
86.66
85.87
86.31
86.63
88.49
87.62
86.66
87.28
86.10
86.73
86.45
89.04
90.04
88.02
87.01
87.41
86.70
86.50
89.22
94.01
94.22
94.71
94.63
95.52
91.21
92.82
91.46
94.73
96.03
103.13
102.75
104.52
104.27
103.80
104.39
104.42
104.83
105.72
106.03
105.48
104.68
102.87
103.17
104.38
101.20
101.48
103.70
103.42
100.97
102.09
105.05
100.85
102.27
102.38
105.36
102.73
102.95
104.25
104.18
101.45
101.79
101.56
102.28
101.89
101.85
101.41
102.43
102.41
103.06
106.50
110.88
110.84
112.08
112.87
113.88
112.34
112.96
112.34
114.42
114.48
114.71
114.27
114.25
112.99
115.35
115.92
114.94
118.57
121.06
120.07
119.33
117.29
117.42
118.64
119.51
116.66
115.02
111.55
112.69
115.39
115.65
114.76
115.02
117.38
116.84
119.90
120.02
121.24
119.70
120.15
121.06
120.63
119.80
122.15
122.86
123.70
124.12
125.63
125.25
125.90
125.58
125.25
125.92
125.12
126.00
126.54
126.01
126.83
126.54
126.37
125.57
124.87
125.92
128.26
129.31
129.61
128.71
129.11
130.10
130.53
131.61
130.80
131.37
128.79
130.63
132.13
132.85
137.32
139.14
136.31
135.89
136.05
134.74
135.50
135.79
135.54
136.45
136.55
137.51
137.60
137.20
137.89
137.91
138.42
136.81
136.08
136.42
137.94
140.59
141.89
142.44
141.61
144.03
144.95
144.94
145.32
143.70
144.26
145.00
144.36
144.39
141.41
142.95
142.89
144.69
143.86
140.96
138.52
139.15
140.43
141.32
142.12
140.99
135.70
134.04
132.79
135.97
133.29
135.69
136.86
138.69
139.55
138.35
136.22
137.41
140.91
141.17
142.45
143.31
141.91
142.27
138.13
138.28
139.17
145.90
145.61
147.74
143.26
145.34
146.26
148.15
148.71
148.82
148.71
146.10
146.22
149.11
148.85
148.54
148.53
150.17
149.42
146.55
146.23
146.19
142.29
145.59
141.94
141.11
143.26
142.01
143.28
147.51
148.19
147.58
148.14
146.18
144.45
146.84
144.32
142.29
141.89
143.70
146.42
146.62
147.53
145.92
145.98
145.48
144.16
144.56
143.90
137.16
137.06
136.51
138.08
139.52
141.14
138.63
139.29
135.80
135.17
133.03
129.63
129.91
126.28
128.78
128.66
132.81
135.21
137.38
147.51
142.14
142.50
138.44
138.71
140.95
138.11
133.65
134.82
135.94
137.00
131.83
130.00
128.94
127.13
132.20
134.04
134.41
133.69
134.27
133.83
131.65
126.01
126.82
133.39
132.21
130.01
126.29
129.20
133.21
134.12
136.31
135.99
139.78
138.01
140.81
141.01
141.44
142.74
142.13
139.15
140.20
143.13
140.56
136.68
135.98
133.53
129.33
127.91
129.82
126.80
127.50
130.06
127.79
124.49
119.19
122.81
119.08
114.61
118.98
114.55
116.74
117.71
122.14
116.33
115.25
112.68
114.17
113.55
112.76
116.10
114.38
116.28
112.00
110.35
108.92
111.27
105.55
105.46
107.91
112.40
113.63
113.73
117.32
114.15
116.59
116.81
116.82
114.51
111.03
106.49
106.81
110.00
106.25
107.48
111.61
111.63
112.28
118.11
116.20
112.17
111.85
108.98
108.69
113.48
114.80
118.88
119.74
116.11
114.44
111.79
111.04
112.36
109.52
114.21
114.29
114.63
107.97
107.82
105.06
113.19
114.18
116.22
115.07
115.49
118.35
118.44
117.80
117.72
117.08
120.22
119.39
122.21
122.44
122.07
119.89
120.43
117.70
114.66
114.36
114.29
117.28
110.90
109.94
109.52
108.76
110.15
108.29
107.10
110.08
109.03
111.38
111.47
104.93
105.49
103.53
103.26
103.48
101.47
99.65
100.21
98.81
98.46
97.74
100.38
97.74
95.81
98.94
102.04
101.85
101.87
99.21
98.36
97.70
97.95
99.35
96.83
100.42
101.03
99.93
100.17
101.12
102.60
104.55
94.48
92.27
96.23
94.32
90.18
86.76
83.19
86.39
88.33
88.59
87.09
93.83
96.38
95.69
98.37
98.64
98.15
97.45
95.49
96.98
98.47
97.25
95.91
95.10
101.09
100.92
100.47
99.51
96.96
94.81
93.61
92.74
93.23
95.51
94.97
90.87
90.53
88.83
89.31
89.93
87.94
89.49
87.62
86.15
88.63
88.41
89.38
88.39
86.46
87.84
88.48
88.92
91.93
91.58
92.47
91.83
91.45
93.57
98.92
100.85
98.85
96.38
98.80
100.35
97.60
99.51
101.07
108.41
104.84
103.10
107.65
99.64
95.12
94.52
94.66
94.61
96.75
95.44
94.25
91.72
91.47
90.74
89.03
89.78
89.98
90.19
91.98
93.68
95.24
93.83
94.31
92.33
90.68
91.33
93.91
96.20
100.71
102.09
101.57
105.46
103.85
105.88
105.68
102.69
101.00
101.54
100.96
103.63
104.53
104.74
104.57
108.51
106.57
105.74
104.84
107.80
109.07
106.04
104.74
104.64
105.52
105.53
106.40
104.24
104.08
107.98
107.83
107.32
105.60
105.74
104.83
105.83
107.85
107.55
111.88
116.48
117.50
116.54
119.66
121.05
123.08
122.81
125.42
122.85
121.20
123.90
124.98
124.19
122.93
123.92
124.78
126.18
127.45
122.50
122.23
122.43
123.90
123.98
123.93
125.34
123.62
123.41
120.83
123.43
122.58
118.66
118.58
120.65
119.58
120.54
120.13
122.19
120.50
119.71
116.45
117.29
119.19
124.38
125.25
124.61
123.64
122.34
119.10
119.88
121.44
122.35
129.20
129.41
132.53
132.63
131.42
128.18
128.31
128.08
131.47
131.37
129.68
129.74
129.70
131.36
129.80
128.65
129.99
127.65
128.47
129.23
132.73
129.95
130.22
131.32
135.00
136.44
136.86
136.31
136.22
134.89
135.71
136.71
137.25
135.58
137.01
138.49
137.80
138.46
138.33
134.11
130.89
130.78
131.70
128.99
130.99
132.65
131.38
134.69
132.82
135.78
135.50
138.23
139.00
138.70
141.19
139.79
138.08
139.99
140.49
138.78
138.48
136.25
137.41
139.62
126.22
123.00
122.96
125.30
124.85
127.11
128.12
129.90
130.98
131.93
132.78
131.22
133.58
133.16
134.95
135.89
138.20
136.45
137.43
138.12
139.52
137.73
137.56
138.12
135.91
133.44
132.84
130.16
131.92
130.96
137.95
136.15
134.22
133.16
133.49
132.72
133.36
136.70
137.61
139.16
141.29
142.21
142.31
140.93
140.77
140.43
139.06
139.86
137.55
136.90
140.03
142.05
143.29
143.16
143.72
143.56
142.38
144.47
147.44
147.18
148.15
149.81
153.09
153.24
154.29
152.50
141.29
142.20
143.03
144.41
144.89
146.15
146.69
149.68
148.20
145.85
146.61
143.42
141.25
141.69
143.33
144.80
144.77
138.25
139.60
136.94
139.28
137.59
133.72
133.30
132.09
134.76
135.80
138.44
139.12
140.27
143.82
141.66
147.95
147.39
149.14
148.21
151.23
150.61
151.16
151.40
151.71
155.94
155.31
155.81
151.40
153.39
155.58
157.57
157.10
160.21
158.62
155.77
155.44
156.32
156.90
155.16
157.38
159.35
160.52
157.38
173.07
167.30
164.05
164.98
167.86
168.38
169.22
172.36
170.55
170.97
169.68
170.29
171.31
173.26
174.80
176.66
177.82
178.90
177.36
174.43
175.70
177.38
176.76
172.94
173.34
173.80
174.50
176.44
177.71
175.32
176.20
177.75
179.12
176.31
177.93
178.34
176.02
177.28
179.82
180.35
185.13
184.92
186.40
182.97
184.04
186.15
186.93
191.49
190.01
189.97
192.19
186.84
186.32
187.73
185.05
182.17
178.78
178.95
182.90
183.15
173.94
168.75
168.27
170.71
171.44
172.73
172.03
167.99
160.25
160.15
160.36
163.44
164.99
163.55
165.52
161.63
162.77
164.34
167.99
168.55
167.22
165.09
167.02
167.52
165.97
164.10
163.00
164.71
158.22
157.42
158.21
151.76
149.37
149.84
151.98
155.36
158.19
158.81
160.10
160.63
163.06
164.45
162.89
163.45
162.81
163.64
165.10
167.00
168.23
167.12
167.02
168.37
164.20
165.51
162.88
163.00
164.33
166.16
166.71
166.55
164.32
164.86
165.61
166.63
164.29
164.34
166.80
168.15
170.95
175.94
172.49
172.45
170.49
171.22
178.13
182.07
179.66
181.76
183.11
180.29
177.15
173.69
176.60
179.38
177.13
169.05
166.38
169.24
170.43
170.63
170.30
172.78
172.82
175.89
174.11
176.29
177.10
186.53
196.71
193.63
191.38
198.16
197.12
190.15
189.70
192.96
195.99
197.57
197.10
194.04
192.69
190.44
190.63
193.13
197.96
196.71
195.39
193.17
192.29
191.05
196.98
194.41
197.55
199.63
200.03
199.58
201.90
193.77
197.07
197.18
202.63
205.60
202.64
207.71
193.30
193.31
187.14
188.20
187.07
185.43
187.88
186.87
185.80
187.13
