4
28
10
15
44
26
9
12
14
12
20
14
14
11
17
13
15
19
18
10
15
11
6
7
7
6
10
16
25
19
25
18
19
11
11
13
14
19
12
8
5
15
11
16
11
14
13
14
13
6
9
17
14
10
16
10
11
10
10
7
8
10
4
11
4
6
6
7
6
20
3
9
18
13
9
3
3
8
6
6
14
14
15
17
13
24
19
12
12
10
12
8
11
17
15
17
12
12
11
10
9
10
8
13
14
14
21
20
9
17
21
22
16
15
16
21
11
24
22
20
14
15
22
21
22
15
19
19
29
32
29
19
29
22
37
39
41
39
28
15
18
35
21
13
8
7
5
9
25
21
29
26
35
48
32
29
40
29
31
29
44
42
33
31
13
17
19
27
30
38
32
34
36
40
42
39
31
40
30
37
27
13
5
7
5
13
16
14
26
29
37
35
36
39
55
47
47
42
38
42
30
35
22
14
12
16
12
24
33
37
44
45
39
43
40
44
44
34
22
17
11
17
8
9
9
9
12
12
12
20
22
26
20
24
21
17
12
17
18
12
22
16
10
8
11
8
7
6
9
10
8
6
6
6
11
11
14
19
19
16
19
19
14
17
14
17
9
9
10
14
14
14
20
11
19
23
21
22
41
30
40
41
43
31
25
24
26
28
25
24
24
23
22
14
12
12
12
20
18
16
8
10
7
7
11
10
11
10
11
7
9
5
5
5
9
12
12
10
14
10
15
17
15
12
16
8
12
11
13
14
11
15
14
19
14
17
22
27
18
20
22
17
18
13
11
11
11
8
7
27
36
34
38
35
46
48
49
53
52
68
54
58
60
60
53
61
66
52
51
41
34
31
29
28
29
34
17
13
10
11
11
11
14
16
13
13
11
14
7
15
8
7
6
8
11
11
10
16
10
9
9
9
8
14
15
17
25
27
26
9
14
13
13
11
7
5
9
9
4
1
8
11
9
8
4
6
3
4
10
5
10
11
-1
3
2
7
3
10
9
4
6
4
4
-2
7
9
10
5
4
6
13
21
19
16
18
15
10
15
13
10
10
11
12
13
16
15
22
17
12
15
18
12
15
14
16
3
13
20
24
26
22
26
32
31
18
24
22
12
18
25
17
25
19
35
38
15
12
16
22
27
22
24
17
17
40
39
42
24
26
29
22
27
24
14
20
17
25
29
26
21
24
20
20
29
16
6
7
8
9
12
6
5
13
8
12
6
10
14
16
15
9
17
12
17
18
14
14
10
6
12
10
13
10
7
6
6
9
9
16
16
12
11
9
11
10
10
20
22
19
27
18
21
19
22
23
24
24
26
24
25
24
33
38
31
24
30
17
22
14
25
19
21
23
33
39
30
52
50
37
28
20
22
17
17
20
13
13
11
16
11
17
12
17
27
14
9
14
10
8
8
9
12
13
10
14
10
10
7
10
6
4
5
11
12
12
14
14
28
26
23
14
20
14
16
16
12
15
12
17
12
12
24
24
17
23
22
24
23
28
12
16
14
18
21
