
27.81
28.02
28.18
27.43
27.79
28.26
28.66
29.96
28.91
29.12
30.35
31.34
31.02
31.94
31.67
31.8
31.94
31.99
32.47
31.22
32.02
31.63
32.03
32.87
32.74
33.32
33.12
33.38
33.83
34.9
35.39
33.63
35.14
34.28
33.82
34.07
35.92
36.88
36.51
37.2
34
32.68
31.57
31.5
31.46
30.34
30.84
32.18
32.07
31.43
30.53
30.86
31.86
33.18
33.25
36.06
34.99
32.92
32.99
33.48
32.91
33.75
33.76
33.37
32.96
33.71
32.74
32.81
32.7
33.25
32.54
32.71
32.86
33.4
33.24
33.92
34.02
34.47
34.87
35.58
35.12
35.45
35.22
35.16
35.4
35.38
34.22
34.63
33.82
32.02
31.22
29.53
29.85
29.35
28.44
29.5
29.68
28.74
27.99
28.87
29.76
29.33
25.77
25.98
26.18
26.64
26.47
25.85
26.8
27.21
28
28.14
27.95
27.32
27.64
29.48
29.41
30.05
30.29
29.6
30.45
32.19
32.19
29.57
29.05
29.36
29.77
29.06
29.06
28.66
29.82
31.19
30.55
30.35
31.27
31.59
31.03
30.51
30.36
29.71
28.8
29.16
28.58
28.53
28.82
29.04
28.42
28.13
27.39
27.62
27.84
28.6
28.32
29
28.39
28.01
28
27.59
26.41
26.55
26.74
26.15
25.96
26.8
26.54
27.3
27.48
27.75
26.31
26.32
26.29
25.59
26.19
27.12
27.26
27.06
27.28
28.48
28.18
28.25
28.79
28.24
27.95
27.82
27.28
27.61
26.86
27.29
28.44
28.27
28.46
28.94
27.8
28.45
28.36
27.77
27.39
28.23
28.52
28.55
28.71
28.98
28.86
28.91
29.91
29.98
29.74
29.58
28.41
28.38
28.66
28.55
28.37
27.93
28.13
28.24
27.72
27.75
28.33
29.04
29.18
28.84
29.04
28.51
27.55
27.48
26.5
26.56
26.83
27.25
26.98
25.61
25.56
26.25
25.95
26.24
27.02
28.21
27.59
27.49
27.11
26.8
26.59
26.06
25.57
24.89
24.7
25.59
26.12
26.31
26.84
26.73
27.02
26.63
26.35
26.77
27.71
27.62
27.74
27.94
27.54
27.64
28.05
27.82
28.01
27.56
27.4
26.68
27.18
27.91
26.37
26.63
26.9
26.67
27.17
27.05
26.55
27.2
26.93
26.95
27.58
28.03
27.63
29.53
28.81
27.7
26.72
26.59
25.97
22.01
21.81
22.38
22.74
23.43
23.28
22.79
22.08
22.63
22.39
22.45
22.48
22.53
23.34
22.5
22.29
22
21.81
21.31
21.83
21.76
21.85
22.33
22.01
22.03
22.15
21.87
21.18
20.39
20.18
20.02
19.92
20.09
21.17
22.22
21.2
21.67
19.74
17.45
18.03
17.72
19.15
18.96
18.69
19.48
19.22
18.62
19.44
20.09
19.65
19.49
18.54
19.04
18.37
18.08
18.36
18.12
19.23
19.22
19.36
19.8
19.28
19.62
21.27
20.9
20.41
19.84
21.01
20.37
21.62
21.48
21.25
20.18
20.38
19.68
18.89
18.9
18.86
17.97
18
18.34
19.5
19.7
19.99
20.05
19.58
19.08
19.48
20.38
20.07
20.07
19.78
19.64
20.26
21.41
20.73
21.18
21.23
21.5
20.88
20.29
20.95
21.07
20.48
21.41
21.29
21.74
22.4
22.45
23.17
23.15
23.71
23.84
24.31
24.2
24.16
24.56
24.51
25.11
24.88
24.9
25.61
25.35
24.99
25.36
25.87
26.31
26.88
27.71
27.56
26.58
26.21
26.54
25.82
26.13
24.99
23.47
24.57
24.75
25.94
26.18
26.38
26.27
26.62
26.38
26.73
27.11
27.57
27.29
26.75
26.24
26.62
26.12
26.63
27.85
27.68
27.99
28.38
29.36
28.15
27.95
28.18
28.33
27.33
26.37
26.15
25.88
25.27
25.76
24.67
25.31
25.08
25.33
24.89
24.79
24.75
24.29
24.12
24.64
25.64
25.94
26.09
25.43
25.31
25.53
25.82
26.47
26.32
26.76
26.86
26.86
26.81
26.77
26.8
26.07
26.09
26.77
26.83
27.48
27.07
27.75
27.88
27.57
27.83
26.6
26.31
26.87
26.77
26.54
26.55
27.36
27.02
26.47
26.84
26.58
27.17
26.5
26.67
26.86
27.86
27.9
28.15
29.06
29.33
29.84
30.11
29.24
28.84
28.63
29.28
28.83
28.34
28.92
28.98
27.79
28.27
28.98
29.61
29.73
29.73
29.77
28.85
29.81
29.67
29.08
29.48
29.5
29.61
30.71
30.77
30.64
30.41
30.54
30.45
30.83
30.49
29.76
29.62
29.64
29.48
29.35
28.97
29.37
30.03
29.72
29.47
29.62
29.6
28.37
27.92
28.18
28.2
27.05
27.29
26.86
26.81
27.22
27.13
26.95
26.14
25.77
25.38
25.78
25.94
25.9
25.19
25.29
25.51
26.71
26.42
26.98
26.35
26.76
26.11
26.4
26.89
27.24
27.3
26.71
27.29
26.93
27.2
27.74
27.4
28.01
28.44
30.1
30.1
30.44
30.56
30.3
31.75
31.97
32.49
32.72
31.37
31.2
31.85
33.08
32.1
31.08
30.56
31.99
31.68
32.26
32.37
33.21
33.66
33.91
34.61
32.85
32.25
33.28
32.29
32.67
33.63
33.85
33.51
32.76
33.58
33.93
34.16
35.12
34.48
35.44
35.77
36.36
36.8
36.96
37.16
36.79
35.58
36.48
36.06
37.7
37.2
36.6
35.88
36.89
36.69
37
37.78
37.27
36.72
37.83
36.01
35.38
34.93
31.67
29.88
28.61
26.91
28.66
27.97
28.63
30.37
30.16
31.04
29.78
28.56
28.97
28.62
27.96
28
28.85
27.46
28.14
28.63
29.29
29.18
30.55
30.87
29.91
26.65
26.64
26.26
25.49
25.24
25.8
26.03
25.67
26.49
25.72
26.23
26.98
27.72
27.35
28.5
29.17
28.74
29.14
28.83
29.28
29.03
28.85
29.16
29.35
28.58
29.1
29.56
30.71
30.67
30.05
30.74
31.28
31.45
31.73
32.36
31.51
30.65
31.18
31.07
30.36
29.96
30.82
29.17
28.78
29.95
29.01
29.27
30.19
30.4
30.15
30.42
30.13
30.22
30.88
31.06
31.28
31.27
31.62
31.05
31.41
31.96
31.78
30.19
29.67
30.22
30.17
30.11
30.24
30.68
30.54
32.31
31.84
32.22
31.7
32.39
32.18
32.01
31.92
30.78
31.09
31.05
30.89
30.7
30.95
31.88
31.84
31.56
31.95
31.21
31.5
31.57
29.41
29.49
28.98
28.88
28.85
29.18
29.35
28.82
28.27
28.14
27.56
27.03
27.17
27.03
26.96
27.13
28.24
28.29
28.16
28.4
29.2
29.39
29.84
30.4
30.47
30.41
29.81
31.01
31.97
31.95
31.82
31.77
31.54
30.68
30.35
30.18
29.92
30.3
30.16
29.92
29.56
28.91
28.47
29.11
28.9
28.75
30.3
30.26
30.85
30.88
31.15
31.33
31.9
32.37
31.73
33.28
32.92
32.86
31.61
29.74
29.77
30.41
29.95
30.78
31.1
31.26
30.73
32.1
31.76
31.88
31.85
33.04
33.18
32.89
33.35
33.71
33.02
31.87
31.95
32.86
32.4
32.79
32.52
33.78
33.7
33.62
33.98
34.31
34.72
34.43
34.5
33.44
35.07
36.2
34.58
34.93
34.94
34.47
34.12
33.62
32.81
33.05
34.98
34.1
33.1
33.08
32.48
32.83
33.87
34
33.98
34.56
35.19
35.45
36
35.6
34.35
34.58
35.68
35.51
36.16
36.86
36.66
35.8
36.64
37.26
36.57
36.28
36.1
36.78
36.19
37.44
37.48
38.18
37.93
38.08
37.11
37.45
37.01
35.51
35.73
35.45
36.25
35.76
34.27
34.39
34.38
34.97
36.15
37.14
37.84
37.21
36.72
37.57
37.74
37.42
37.6
35.73
36.71
36.46
36.97
37.53
37.46
37.31
37.38
38.21
38.98
39.57
39.37
39.93
38.93
40.06
40.77
41.08
41.38
41.55
40.54
41.5
40.92
39.93
41.72
41.14
40.7
39.44
39.88
42.33
39.96
39.28
38.49
38.66
37.28
37.54
38.45
37.59
37.19
37.32
38.46
38.75
37.63
38.11
37.57
37.93
37.55
36.24
35.66
37.05
38.74
38.39
39.65
39.08
40.33
39.96
39.5
39.44
40.97
40.77
41.25
41.64
40.86
40.58
41.36
41.71
41.44
41.84
42.9
42.75
43.8
43.82
44.15
42.83
44.41
43.95
44.84
44.52
44.8
45.5
46.58
46.05
46.75
47.27
48.7
47.86
46.05
45.21
43.47
43.1
43.18
42.28
42.12
44
44.06
43.99
43.31
42.77
44.61
42.81
43.87
44.39
43.58
43.88
45.59
46.35
47.1
48.35
48.46
48.88
49.64
49.9
49.51
49.64
50.12
49.91
51.09
52.02
52.67
53.31
53.64
52.51
53.64
54.76
54.93
53.67
53.29
54.92
54.47
55.17
54.54
55.17
52.46
50.92
51.76
50.13
49.62
50.88
48.82
49.61
49.09
47.37
48.86
47.42
47.32
46.87
46.11
46.84
46.22
48.44
48.64
48.94
49.44
49.76
49.13
45.49
43.25
42.54
42.98
41.46
41.94
42.53
40.71
41.01
41.82
44.19
44.18
46.28
45.64
45.76
44.24
44.18
41.32
41.77
43.64
43.45
42.12
43.91
43.39
45.56
45.43
45.33
45.68
46.37
48.04
48.38
48.38
47.55
46.91
48.53
48.81
49.64
48.78
48.84
47.18
48.2
47.12
46.69
46.45
46.48
45.28
45.4
45.46
47.1
47.16
47.44
47.26
48.33
47.54
48.35
51.15
51.17
51.39
51.49
51.75
51.68
53.05
53.57
53.78
53.89
54.59
54.77
53.54
54.43
54.95
55.05
56.46
56.4
56.72
56.62
56.03
53.81
54.84
54.05
54.23
53.99
55.4
57.27
57.01
56.04
55.85
54.11
53.32
53.71
51.86
50.22
51.13
50.49
50.37
52.29
52.44
54.2
55.39
54.57
54.2
51.61
51.77
49.72
50.92
49.5
50.13
50.83
50.96
52.03
52.07
50.45
48.54
48.67
48.61
48.97
47.25
46.92
46.8
49.16
49.67
50.98
51.01
51.85
51.97
54.6
53.63
55.03
54.49
53.76
52.54
54.28
53.54
55.62
55
55.57
56.58
58.47
59.37
58.9
58.09
59.42
59.84
60.54
58.2
57.26
56.5
58.75
59.59
61.28
60.73
59.63
58.92
60.62
60.01
57.8
58.09
57.32
57.46
56.72
57.13
58.65
59
59.2
59.11
59.94
60.57
61.57
61.89
60.86
61.38
62.31
63.94
63.07
64.9
65.8
66.86
66.27
66.08
63.25
63.27
65.35
65.45
65.71
67.32
67.49
66.13
67.2
69.81
68.94
69.47
67.57
65.96
64.37
64.49
64.08
63.34
63.11
65.09
64.75
63
67.39
66.23
66.8
66.5
64.19
65.82
65.07
66.35
66.79
66.24
65.47
63.9
62.79
61.36
61.84
61.8
63.53
64.12
63.08
62.63
64.36
63.2
62.41
61.03
60.63
60.32
62.44
60.66
61.09
61.22
59.76
59.85
59.75
61.78
60.58
59.47
59.71
58.93
57.8
57.53
57.69
56.98
57.88
56.34
56.14
57.7
58.84
58.71
57.36
56.5
57.32
58.47
59.32
59.91
59.94
59.21
60.66
59.39
61.3
61.37
60.85
59.99
58.06
57.34
57.98
58.56
58.28
58.43
58.16
59.82
60.32
61.04
63.14
63.42
62.79
64.21
63.5
63.37
63.94
63.94
63.92
66.31
65.73
66.83
68.35
68.1
67.06
65.85
66.26
67.76
68.35
67.92
66.56
64.68
65.37
65.11
63.09
62.55
62.62
61.84
61.24
59.57
57.65
58.46
59.88
61.1
61.01
60.54
62.91
61
61.41
61.97
63.36
63.67
62.41
61.58
60.02
60.47
59.96
61.77
63.1
62.17
63.58
62.77
60.42
60.57
61.77
63.91
64.26
64.16
66.07
66.45
67.15
66.63
66.74
66.23
67.07
67.94
67.39
68.74
68.98
68.62
69.32
70.4
71.35
72.17
71.95
75.17
73.33
72.88
71.93
70.97
71.88
73.7
74.61
72.28
69.94
70.19
69.77
70.69
72.13
73.32
72.04
69.41
69.53
68.69
69.45
68.53
69.23
71.76
69.86
71.32
71.37
72.03
71.29
70.34
72.33
72.6
72.5
70.82
70.35
71.63
70.36
68.56
69.14
69.5
69.88
68.98
68.94
70.33
70.84
70.87
71.8
71.92
72.19
73.52
73.93
75.19
75.14
74.09
73.61
74.16
74.95
76.7
77.03
75.3
73.54
72.66
73.08
74.43
75.05
73.75
73.94
74.54
73.24
74.4
74.91
75.81
75.46
74.76
76.98
76.31
76.35
74
74.35
73.53
73.05
71.89
70.06
71.14
72.45
72.63
71.76
72.36
72.51
70.61
69.71
70.03
70.26
69.19
68.6
67.5
67.32
66.25
65.61
63.76
63.97
63.22
63.33
63.8
61.66
60.46
61.59
60.55
61.45
61.01
62.96
62.76
62.91
61.03
58.68
59.41
60.03
59.76
59.96
58.52
57.59
57.86
58.57
59.94
58.93
57.65
58.5
56.82
58.81
59.35
61.4
60.36
60.75
58.36
58.73
58.71
57.88
59.14
60.02
58.93
59.83
61.16
59.59
58.58
58.28
58.76
56.26
55.81
58.8
60.17
59.24
60.32
60.99
62.46
63.13
63.43
62.44
62.43
62.19
62.49
62.03
61.22
61.02
61.37
62.51
63.43
62.21
63.15
63.72
62.66
62.41
61.1
60.34
60.53
61.05
61.05
58.32
55.59
56.31
56.09
55.64
54.02
51.88
52.99
51.21
52.24
50.48
51.99
51.13
55.04
55.37
54.23
55.42
54.01
56.97
58.14
57.3
59.02
58.74
58.88
57.71
59.71
59.89
57.81
59.06
58
57.99
59.39
58.07
60.07
60.95
61.14
61.39
61.46
61.79
62
61.64
60.07
60.69
61.82
61.64
60.05
58.91
57.93
58.16
57.55
57.11
56.59
56.73
59.61
61.69
62.28
62.91
62.93
64.08
66.03
65.87
65.94
64.64
64.38
64.28
61.51
61.89
62.01
63.85
63.63
63.61
63.1
63.13
61.83
63.38
65.89
64.58
65.84
65.06
66.46
65.71
64.4
63.68
63.19
61.93
61.47
62.26
61.55
61.81
62.37
62.46
63.17
62.55
64.86
64.94
66.27
64.97
65.77
64.18
65.2
63.15
63.49
64.01
65.08
66.21
65.61
65.96
66.93
64.76
65.97
65.35
66.26
67.65
68
69.09
69.1
68.19
68.65
69.14
69.18
67.77
68.97
69.57
70.68
71.09
71.41
71.81
72.81
72.19
72.81
72.56
72.5
73.93
74.15
74.02
75.05
75.92
75.57
74.89
73.56
75.88
74.95
77.02
76.83
78.21
76.53
76.86
75.48
72.06
72.42
72.15
71.59
71.47
71.62
72.38
73.33
71
71.98
71.12
69.47
69.26
69.83
71.09
71.97
71.73
73.51
73.36
74.04
75.08
75.73
76.3
76.7
77.49
78.23
79.91
80.09
79.1
80.57
81.51
81.93
83.32
81.62
80.95
79.53
80.3
82.88
81.66
80.24
80.05
79.94
81.44
81.22
79.02
80.26
81.3
83.08
83.69
86.13
87.61
87.4
89.47
88.6
87.56
85.27
87.1
90.46
91.86
93.53
90.38
94.53
93.49
95.93
93.98
96.7
96.37
95.46
96.32
94.62
91.17
94.09
93.43
95.1
94.64
98.03
97.29
98.18
97.7
94.42
90.62
91.01
88.71
89.31
88.32
87.49
90.23
88.28
87.86
90.02
94.39
92.25
91.27
90.63
90.49
91.24
91.06
93.31
94.13
95.97
96.62
96
95.98
99.62
99.18
97.91
95.09
96.33
95.67
93.71
92.69
94.2
91.9
90.84
90.13
90.57
89.85
86.99
89.41
90.71
90.99
91.64
92.33
91.75
88.96
90.02
88.41
87.14
88.11
91.77
93.59
92.78
93.27
95.46
95.5
100.01
100.74
98.23
98.81
99.23
100.88
99.64
102.59
101.84
102.45
99.52
104.52
105.47
105.15
107.9
108.75
109.92
110.33
110.21
105.68
109.42
104.48
101.84
100.86
101.22
105.9
107.58
105.62
101.58
100.98
104.83
103.83
106.23
109.09
108.5
110.87
110.11
110.14
111.76
113.79
114.93
114.86
116.69
117.48
119.37
118.3
116.06
118.52
118.75
115.63
113.46
112.52
116.32
119.97
121.84
123.53
123.69
125.96
124.23
125.8
124.22
124.12
126.29
127.05
129.07
133.17
130.81
132.19
128.85
131.03
126.62
127.35
127.76
124.31
122.3
127.79
138.54
134.35
131.31
136.38
136.74
134.86
134.61
134.01
136.68
131.93
134.62
136.74
137
134.55
139.64
140.21
140
140.97
143.57
145.29
141.37
136.04
136.05
141.65
145.08
145.18
138.74
134.6
129.29
128.88
131.04
127.95
124.44
125.49
123.26
124.73
122.19
126.77
124.08
125.1
121.41
119.17
118.58
120.02
115.2
114.45
113.01
116
115.01
113.77
112.87
114.53
114.98
121.18
114.59
115.11
116.27
118.15
115.59
115.46
109.71
109.35
107.89
106.23
106.34
103.26
102.58
100.87
101.18
95.71
91.15
97.16
97.88
104.55
120.92
106.61
105.73
108.02
106.89
96.37
100.64
98.53
93.97
93.88
87.81
90.06
88.95
86.59
77.7
81.19
78.63
74.54
69.85
71.85
74.25
70.89
66.75
67.84
64.15
63.22
62.73
67.5
65.96
67.81
63.91
70.53
65.3
60.77
61.04
62.41
59.33
56.16
58.24
57.04
54.95
54.39
53.62
49.62
49.93
54.5
50.77
54.44
54.43
49.28
46.96
46.79
43.67
40.81
43.71
42.07
43.52
47.98
46.28
44.51
43.6
40.06
36.22
33.87
39.91
38.98
35.35
37.71
40.02
39.03
44.6
46.34
48.81
48.58
42.63
41.7
40.83
37.59
37.78
37.28
35.4
36.51
38.74
43.55
43.67
46.47
45.73
41.58
42.16
41.44
41.68
40.08
40.78
40.32
41.17
40.17
39.56
37.55
35.94
33.98
37.51
34.93
34.62
39.48
38.94
38.44
39.96
42.5
45.22
44.76
40.15
41.65
45.38
43.61
45.52
47.07
45.71
42.33
47.03
46.25
47.35
49.16
48.14
51.61
51.06
53.8
53.98
52.77
54.34
52.38
48.41
49.66
48.39
52.64
52.51
51.05
49.15
49.38
52.24
50.05
49.41
49.25
49.98
50.33
45.88
46.51
48.85
49.62
51.55
50.14
49.92
50.97
51.12
53.2
54.47
53.84
56.34
56.71
58.63
58.5
58.85
58.02
58.62
56.34
59.03
59.65
62.04
61.05
61.67
62.45
63.45
65.08
66.31
68.58
68.55
66.12
68.81
68.44
68.09
70.01
71.33
72.68
72.04
70.62
70.47
71.03
71.37
69.55
66.93
69.24
68.67
70.23
69.16
71.49
69.89
69.31
66.73
64.05
62.93
60.14
60.41
59.89
59.69
59.52
61.54
62.02
63.56
63.98
64.72
65.4
67.16
68.05
68.38
67.23
63.35
66.94
69.45
71.58
71.42
71.97
71.94
70.93
70.6
69.45
70.16
70.52
67.51
66.75
69.19
72.42
72.54
73.89
74.37
72.05
71.43
72.49
72.74
69.96
68.05
68.05
67.96
68.02
71.1
71.31
71.94
69.29
68.86
70.93
72.51
72.47
72.04
69.71
71.55
68.97
65.89
66.02
66.84
66.71
70.61
70.82
69.95
70.41
70.88
69.57
71.69
71.77
73.27
74.15
75.18
77.58
78.53
79.61
79.09
81.37
81.19
80.5
78.68
79.55
77.46
79.87
77
78.13
79.6
80.4
79.62
77.43
79.43
79.05
79.28
76.94
76.35
78.9
79.14
79.58
77.46
76.72
77.56
76.02
77.96
76.05
77.28
78.37
76.6
76.46
75.47
73.93
72.62
70.67
70.54
69.87
69.51
70.69
72.66
72.65
73.36
72.47
74.4
76.67
78.05
78.77
78.87
79.28
79.36
81.51
81.77
83.18
82.66
82.75
82.52
80.79
79.65
79.39
78
79.02
77.62
76.08
74.54
75.26
74.71
73.67
73.64
72.89
74.43
77.23
76.98
73.14
71.19
71.89
73.75
74.52
75.28
74.13
77.01
77.33
79.06
79.81
80.16
78.86
80
78.17
79.66
78.7
79.68
80.87
80.21
81.5
81.87
81.49
82.09
82.11
81.24
79.8
81.7
82.93
82.2
80.68
81.25
81.91
80.61
80.53
80
82.17
82.37
83.76
84.87
86.62
86.84
85.88
85.39
84.92
84.34
84.05
85.84
85.51
83.24
81.45
83.45
83.68
83.7
85.12
84.2
82.44
83.22
85.17
86.15
86.19
82.74
79.97
77.11
75.11
76.8
76.37
75.65
74.4
71.61
70.08
69.41
69.87
68.01
70.04
70.21
68.75
71.51
74.55
73.97
72.58
72.86
74.61
71.51
71.44
71.99
74.38
75.48
73.78
75.12
76.94
77.67
76.79
77.18
77.82
77.21
76.35
76.51
78.86
78.25
75.94
75.63
72.95
72.14
71.98
74.07
75.44
76.09
74.95
77.15
77.04
76.62
76.01
76.54
77.44
76.56
79.3
78.98
78.98
77.5
76.99
78.36
78.95
81.34
82.55
82.47
82.01
80.7
81.48
80.25
78.02
75.74
75.39
75.24
75.77
75.42
74.43
73.46
73.1
71.63
72.52
73.36
75.17
74.7
71.92
73.91
75.02
74.6
74.09
74.67
74.25
76.45
77.19
76.8
76.02
74.57
73.66
74.86
73.52
74.71
75.18
76.49
76.52
76.18
77.86
79.97
81.58
81.47
82.82
83.23
81.67
82.66
82.21
81.67
83.01
82.69
81.25
83.08
79.49
81.77
80.56
81.69
82.52
82.55
81.94
82.18
81.43
82.95
83.9
84.69
86.49
86.85
87.06
86.72
87.81
87.81
84.88
84.86
82.34
80.44
81.85
81.51
81.74
81.25
83.86
83.76
85.73
84.11
86.75
88
89.19
89.38
88.69
88.28
88.37
87.79
88.61
88.28
88.62
87.7
88.02
88.81
89.82
90.48
91.51
91
91.49
91.12
89.84
91.38
91.55
89.38
90.3
88.38
88.03
89.25
91.11
91.86
91.4
91.54
91.38
90.86
88.86
89.11
87.87
86.19
87.33
85.64
89.34
92.19
90.77
90.86
90.54
89.03
87.48
86.94
86.71
86.73
85.58
84.81
84.32
84.99
86.36
86.2
93.57
98.1
97.28
97.88
96.97
99.63
102.23
101.91
104.42
105.44
105.02
104.38
102.7
101.16
101.19
97.18
97.98
101.42
101.07
102.33
104
105.75
105.6
105.4
103.98
104.79
104.27
106.72
107.94
108.47
108.34
108.83
110.3
112.79
109.92
106.25
107.11
108.11
109.66
107.12
108.15
111.45
112.29
112.28
112.21
112.76
112.86
113.93
113.52
111.05
109.24
99.8
97.18
102.55
103.88
98.21
98.97
99.65
97.37
96.91
100.1
98.44
99.49
97.7
99.59
101.32
100.23
100.59
102.7
100.29
100.4
100.22
99.01
99.09
100.74
101.93
99.29
97.3
99.37
94.81
94.95
93.01
93.26
93.4
95.41
91.02
91.16
90.61
92.89
94.77
95.42
94.94
96.89
96.65
98.67
96.2
95.15
97.43
98.05
95.69
97.24
95.93
97.5
98.14
99.13
99.87
99.2
99.59
97.4
97.44
95.7
94.89
93.79
91.93
86.63
86.88
81.31
79.3
82.89
85.72
85.38
87.88
86.65
87.58
82.38
82.26
84.12
85.44
85.16
85.3
85.37
87.27
88.9
88.81
88.93
86.45
86.02
89.34
89.05
87.24
88.19
90.21
88.91
89.4
87.96
85.7
86.89
85.92
80.51
79.85
80.24
84.45
81.21
82.14
79.2
77.61
75.67
79.68
82.59
82.98
85.41
85.81
85.57
84.23
86.8
86.38
88.34
86.11
85.3
87.4
91.27
93.17
90.2
93.96
93.32
93.19
92.19
92.51
94.07
94.26
95.52
96.8
95.74
97.78
98.99
98.14
99.37
102.59
98.82
97.41
96.92
98.01
96.17
96.77
98.21
99.79
100.36
100.2
100.96
100.99
101.28
100.49
98.34
99.41
97.77
100.14
94.95
93.87
93.53
93.88
97.22
98.67
99.53
99.68
101.34
99.36
99.65
98.83
102.96
103.22
101.81
101.56
101.31
102.24
100.87
99.1
98.7
100.71
100.59
100.39
98.46
99.58
98.95
99.4
99.7
99.56
98.78
98.48
97.61
96.36
97.84
96.91
98.41
98.71
99.84
98.67
100.91
100.74
101.8
102.31
103.24
105.84
106.28
107.83
109.77
108.56
106.55
107.07
108.84
106.7
106.72
104.7
106.16
106.58
107.4
106.34
106.71
105.43
105.11
107.06
108.09
105.61
107.27
105.35
106.87
107.03
107.33
105.41
102.78
103.02
105.23
104.01
101.47
103.31
102.46
101.02
102.7
103.64
102.83
102.93
104.2
102.67
102.27
103.05
103.11
103.55
104.12
104.55
104.93
104.87
106.16
105.22
102.54
98.49
97.94
97.01
96.81
97.08
96.13
94.78
93.98
92.81
92.56
91.48
92.57
91.66
89.9
90.66
90.86
90.76
87.82
86.53
83.23
83.98
84.29
85.02
84.82
84.1
82.7
83.32
82.62
83.91
84.03
83.27
84.03
81.8
78.2
79.76
79.21
79.36
80.21
77.69
84.96
83.75
87.66
87.22
84.45
85.99
83.91
85.81
86.08
87.1
88.43
89.22
89.87
92.66
91.44
88.14
88.5
88.97
89.39
90.13
89.78
88.06
88.91
87.13
91.4
92.2
93.67
93.35
93.36
92.87
92.73
93.43
94.33
95.6
96.01
95.97
96.68
97.26
96.27
96.15
95.47
96.33
95.49
94.62
96.47
95.3
95.36
95.53
96.42
96.54
97.17
97.01
98.31
99
96.62
95.29
91.98
91.87
92.89
91.93
91.37
89.98
91.85
92.19
92.48
91.89
88.14
91.71
89.88
89.33
92.39
91.25
92.07
91.86
91.85
92.09
92.12
92.1
90.05
88.73
86.67
85.73
86.05
86.28
85.54
85.68
86.24
87.09
84.86
85.65
88.71
84.44
85.09
86.07
85.57
85.38
86.32
85.45
86.67
89.28
86.75
87.38
88.28
87.74
87.18
86.49
88.07
88.91
89.09
88.5
87.88
86.26
85.93
85.56
85.79
86.77
85.89
86.73
87.2
87.93
89.51
90.13
88.66
88.61
90.98
90.87
90.8
91.82
93.12
92.92
93.09
93.19
93.15
93.1
93.82
93.56
94.14
93.28
94.24
95.49
95.56
96.24
95.23
95.95
95.88
96.44
97.57
97.94
97.49
97.77
96.17
96.64
96.62
95.83
95.72
97.03
97.51
97.01
97.31
95.86
96.66
94.46
92.84
93.13
93.11
92.63
92.76
92.05
90.68
90.12
90.82
90.43
91.56
91.95
92.06
92.54
92.52
93.03
93.45
93.74
92.16
92.96
92.45
93.71
94.81
96.34
96.58
97.23
97.07
97.19
94.45
93.26
92.7
93.36
94.2
94.64
93.51
91.29
88.71
88.72
86.68
87.73
88.01
88.76
89.18
91.43
93.64
93
94.5
93.46
91.03
93.99
95.61
96.16
95.62
96.62
96.39
96.04
95.17
94.21
94.3
95.16
96.02
96.71
96.16
94.28
94.25
94.15
93.83
95.01
93.13
93.61
91.97
93.45
93.31
93.74
94.76
96.03
95.77
95.38
95.88
96.69
97.85
97.77
98.44
98.24
95.4
93.69
95.18
95.32
95.5
97.05
96.56
97.99
99.6
101.24
101.4
103.22
103.14
103.53
106.52
104.91
105.95
106.32
106
106.48
108.04
108.05
106.91
107.23
105.39
105.49
104.7
104.55
103.08
105.03
107.89
106.94
106.56
105.3
104.37
103.4
105.97
106.11
106.83
106.85
107.33
107.46
107.1
104.96
103.85
105.03
106.42
105.92
109.01
110.1
108.8
107.65
106.75
108.54
107.23
108.37
110.53
109.52
107.39
107.56
108.6
108.21
106.59
105.42
108.07
106.39
104.68
103.59
103.13
102.66
103.03
102.87
102.33
102.04
104.1
103.31
103.84
103.03
103.49
101.61
103.01
102.02
102.41
101.21
102.29
100.67
100.81
99.22
97.8
96.86
97.11
97.85
98.68
98.2
96.77
96.38
94.61
94.62
93.37
94.8
94.2
94.6
95.14
93.04
93.88
93.76
93.84
93.03
93.34
93.33
95.44
94.84
94.09
93.68
92.3
92.28
92.72
93.82
96.04
97.2
97.38
97.65
97.34
98.51
97.44
97.5
96.6
97.48
97.22
97.8
98.77
99.32
98.91
99.22
99.55
100.32
99.29
98.42
98.7
95.44
93.96
93.43
93.67
92.33
91.66
92.72
91.8
92.59
94.17
93.96
94.37
93.93
94.99
96.73
97.32
96.64
95.72
97.41
97.36
98.23
97.49
96.43
97.19
97.38
97.84
99.88
100.06
99.94
100.37
100.35
100.3
100.58
102.43
103.31
102.92
102.2
102.82
101.83
102.59
102.4
102.59
104.92
103.33
101.45
101.56
102.58
101.12
100.03
97.99
98.2
98.89
98.08
99.7
100.37
99.43
99.46
99.6
99.19
100.26
101.28
101.67
101.58
99.74
99.62
100.29
101.14
100.44
102.56
103.6
103.4
103.74
104.05
103.75
103.76
104.3
104.37
102.13
101.44
101.94
100.6
100.84
101.28
99.74
99.42
99.76
99.48
99.5
100.77
100.26
99.99
100.59
101.7
102.37
101.5
102.02
102.61
102.44
104.07
103.74
104.35
104.28
104.11
102.72
103.58
102.71
102.47
102.66
102.64
102.48
102.66
104.41
104.35
104.4
106.53
106.91
106.9
106.36
105.97
106.43
107.26
106.17
106.03
106.5
105.84
105.74
105.37
105.34
104.48
104.06
103.76
103.53
103.4
102.29
102.93
100.83
100.91
99.96
101.2
103.19
103.13
104.59
104.42
103.12
102.07
102.09
101.67
100.97
100.27
98.17
97.88
98.29
97.38
96.92
97.34
97.65
98.08
97.37
97.59
95.58
97.35
96.41
94.48
96.07
93.96
93.65
93.35
93.86
93.88
94.55
95.96
95.83
92.88
95.54
94.45
93.29
92.66
92.75
91.67
92.83
92.27
92.92
94.88
94.42
93.07
92.41
91.52
91.56
92.8
92.53
93.54
94.57
91.16
90.73
91.01
89.74
90.34
88.85
87.31
85.77
85.82
85.74
81.84
81.78
82.7
82.75
82.71
82.81
80.52
82.09
81.01
81
81.42
82.2
81.12
80.54
78.78
77.19
78.68
77.91
78.65
77.4
77.94
77.18
74.21
75.82
75.64
74.61
74.58
75.58
76.51
75.78
74.09
73.69
68.55
66.15
69
66.88
67.38
66.81
65.84
63.05
63.82
60.94
59.95
57.81
55.91
55.93
56.47
54.11
56.52
55.26
57.12
55.84
55.92
54.73
53.61
54.12
53.27
54.56
52.69
50.04
47.93
48.65
48.79
48.36
46.07
45.89
48.48
46.25
48.69
48.85
47.78
46.39
47.78
46.31
45.59
45.15
46.23
44.45
44.53
48.24
49.57
53.05
48.45
50.48
51.69
52.86
50.02
48.84
51.21
52.78
54.06
53.61
53.53
52.14
51.16
50.34
49.45
49.28
50.99
48.17
49.76
49.59
50.52
51.53
50.76
49.61
50
48.29
48.17
47.05
44.84
43.88
43.46
44.66
43.96
45.72
47.45
47.51
49.21
51.43
48.87
48.68
47.6
50.09
49.14
49.14
52.14
53.98
50.42
50.79
51.64
51.91
53.29
56.39
56.71
55.74
56.38
55.26
56.16
57.74
57.15
56.99
57.06
58.58
59.63
59.15
58.93
60.4
60.93
58.94
59.39
59.25
60.75
60.5
59.88
59.69
59.43
57.26
58.98
60.72
59.72
59.92
59.85
58.03
57.51
57.68
60.3
60.2
61.26
59.64
58
59.13
58.14
60.14
61.43
60.77
59.96
59.52
59.97
59.92
60.45
59.61
59.68
61.01
60.27
59.7
59.63
58.33
59.47
56.96
56.93
55.52
52.53
52.33
51.65
52.78
52.74
52.2
53.04
51.41
50.91
50.89
50.15
50.36
49.19
48.45
48.14
47.39
47.98
48.79
48.52
47.12
45.17
45.74
45.15
44.66
43.87
44.96
43.08
43.3
42.23
42.5
41.87
42.62
40.8
41.14
40.45
38.24
39.31
38.6
42.56
45.22
49.2
45.41
46.25
46.75
46.05
45.72
44.7
45.94
44.15
45.92
44.63
44
44.59
47.15
46.9
44.68
46.68
45.83
44.48
44.91
45.7
44.43
45.23
45.09
44.74
45.54
46.26
48.53
47.81
49.43
49.63
47.1
46.66
46.64
46.38
47.26
45.89
45.55
45.2
45.38
44.6
43.98
43.2
45.94
46.06
46.59
46.14
47.9
46.32
45.2
44.29
43.87
44.21
42.93
41.75
40.74
41.74
40.67
40.75
40.54
40.39
41.75
42.87
43.04
42.59
41.71
41.65
41.85
39.94
41.08
39.97
37.65
37.51
37.16
36.76
35.62
36.31
37.35
35.52
34.95
34.73
34.74
36.14
37.5
38.1
36.81
37.87
36.6
37.04
36.76
35.97
33.97
33.27
33.16
31.41
30.44
30.48
31.2
29.42
29.75
30.02
28.46
26.55
29.53
32.19
30.34
31.45
32.3
33.22
33.62
31.62
29.88
32.28
31.72
30.89
29.69
27.94
27.45
26.21
29.44
29.08
30.6
29.04
30.66
30.77
29.64
31.48
31.87
32.15
33.07
32.78
33.75
34.4
34.66
34.57
35.92
37.9
36.5
38.29
37.84
38.5
37.18
36.34
38.46
40.2
39.44
39.91
41.45
39.79
39.46
39.39
38.28
38.32
38.34
36.79
35.7
35.89
37.75
37.26
39.72
40.36
42.17
41.76
41.5
40.36
39.78
41.08
42.63
43.18
43.73
42.64
44.04
45.33
46.03
45.92
44.78
43.65
43.78
44.32
44.66
43.44
44.66
46.23
46.7
46.21
47.72
48.31
48.19
48.16
47.75
48.08
48.62
49.56
49.48
49.33
49.58
49.51
49.1
49.01
49.17
48.62
49.69
50.36
51.23
50.56
49.07
48.88
48.49
48.01
46.21
47.98
49.37
48.85
49.13
50.11
47.64
46.33
47.85
49.88
48.33
48.99
49.01
48.65
46.6
47.43
45.14
45.41
44.76
46.8
44.75
45.68
45.95
45.24
44.65
44.94
44.75
44.19
43.13
42.92
41.92
41.14
41.6
40.06
39.51
40.83
41.93
41.8
43.02
42.77
41.71
43.49
44.49
45.74
46.58
46.79
48.22
48.52
47.05
48.1
46.77
47.33
47.64
46.98
46.35
44.7
43.16
44.44
44.11
45.07
44.83
45.5
47.62
45.88
46.29
44.9
43.58
43.91
43.03
43.3
43.44
45.34
46.32
44.48
45.93
44.67
47.05
47.83
48.24
48.81
48.69
49.83
50.44
49.81
51.35
50.79
50.18
50.44
50.35
49.94
50.29
51.6
50.43
50.85
50.52
49.96
49.18
49.72
48.7
46.86
46.67
45.34
44.66
44.07
44.89
44.98
45.27
44.66
43.41
43.32
45.81
45.57
45.42
45.69
47.49
48.03
47.96
47.98
46.06
47.08
45.23
49.44
51.06
51.68
51.79
50.93
49.77
50.84
51.5
52.83
52.98
51.04
50.9
51.9
52.12
52.23
52.49
52.95
53.02
53.19
53.9
54.06
53.77
53.72
54.03
52.33
53.26
53.76
53.99
51.96
50.82
52.25
53.01
52.37
52.45
52.52
52.48
51.08
51.37
52.42
52.75
53.18
52.75
53.78
53.17
52.63
52.81
53.88
53.54
53.83
53.01
52.17
52.34
53
53.86
52.93
53.2
53.11
53.36
53.4
53.79
53.97
54.06
53.59
54.45
53.99
54.05
54.01
53.83
52.61
53.33
53.2
53.14
50.28
49.28
48.49
48.4
47.72
48.86
48.75
48.78
48.22
47.34
48.04
47.7
47.97
47.73
48.37
49.51
50.35
50.6
50.24
51.03
51.15
51.7
52.24
53.08
53.4
53.11
53.18
52.65
52.41
50.44
50.27
49.62
49.23
49.56
49.62
48.97
49.33
48.84
47.66
47.82
45.52
46.22
46.43
45.88
47.33
47.83
47.84
48.85
48.66
49.07
49.35
50.33
50.73
51.47
51.36
48.9
49.8
49.94
49.97
49.66
48.32
48.36
47.66
47.4
48.19
45.72
45.64
45.83
46.08
46.46
44.73
44.46
44.74
44.2
43.23
42.53
42.74
43.01
43.38
44.24
44.74
44.93
46.04
47.07
47.13
45.13
45.52
44.23
44.4
45.04
45.49
46.08
46.54
46.02
46.4
47.12
46.79
45.77
46.34
47.89
48.75
49.04
49.71
50.17
49.16
49.59
49.03
49.58
49.39
49.17
49.56
48.59
48.82
47.59
47.55
46.78
47.09
48.51
47.37
47.64
48.41
47.43
47.87
46.57
46.44
45.96
47.23
47.29
47.32
47.41
48.66
49.16
49.09
47.48
48.07
48.23
49.3
49.89
49.89
49.91
49.48
50.41
50.55
50.66
52.22
51.88
52.14
51.56
51.67
50.58
50.42
49.98
50.79
49.29
49.58
50.92
51.3
50.6
51.45
51.87
51.88
52.04
51.29
51.47
51.9
52.47
52.18
52.64
53.9
54.15
54.38
54.3
54.54
55.64
57.35
57.2
56.81
57.17
56.74
56.76
55.7
55.33
55.14
56.55
56.09
56.83
58.02
58.38
58.95
58.11
57.99
57.3
57.4
58.36
57.47
57.62
55.96
56.69
57.36
57.99
57.14
56.6
57.04
57.3
57.16
57.46
58.09
58.36
58.47
58.59
59.97
59.64
59.84
60.42
60.24
60.37
61.63
62.01
61.44
61.73
62.96
63.57
63.8
64.3
64.28
64.73
63.73
63.97
63.95
63.37
63.49
64.47
65.61
65.51
66.14
65.56
64.5
64.73
65.8
65.45
64.15
63.39
61.79
61.15
59.2
59.29
59.19
60.6
61.34
61.68
61.72
62.38
61.9
61.68
62.77
63.55
63.91
63.01
61.64
60.99
61.25
62.57
62.6
61.15
60.12
62.04
61.36
60.71
60.96
61.19
62.34
62.06
63.4
65.17
64.3
65.88
65.55
65.25
64.38
64.94
63.01
63.51
63.37
63.54
62.06
63.42
65.51
66.82
67.07
67.39
66.22
66.52
68.47
68.29
68.38
68.64
67.7
68.05
68.19
68.1
68.57
67.25
67.93
68.43
69.72
70.73
69.06
71.14
71.36
70.7
70.96
71.31
71.49
71.49
71.28
72.24
72.13
71.84
70.71
67.88
67.36
67.05
66.73
68.21
67.04
65.81
64.75
65.52
64.73
65.95
65.74
66.1
66.36
66.64
66.89
65.06
65.85
65.07
66.22
65.54
68.58
68.08
70.53
72.76
73.45
74.15
73.94
74.14
74.13
72.94
73.8
73.85
74.11
70.38
70.33
71.01
68.06
68.08
68.76
69.46
70.46
67.89
68.52
69.3
69.61
68.69
70.13
68.76
67.66
68.96
68.49
69.01
69.17
66.94
66.81
67.63
67.2
67.04
65.01
65.46
65.91
66.43
67.35
67.86
67.83
68.72
68.87
68.53
69.51
70.25
69.8
69.92
70.12
69.87
68.72
67.77
67.75
67.54
69.25
70.37
68.59
68.99
68.91
69.85
71.12
70.8
70.78
72.08
72.28
71.57
72.12
73.25
75.3
75.23
76.41
74.33
74.34
74.29
74.96
73.17
70.97
71.34
71.78
71.92
69.75
68.65
69.12
69.17
66.43
66.82
67.33
67.59
67.04
66.18
65.31
63.69
63.14
63.1
62.21
61.67
60.67
60.19
59.93
55.69
56.25
56.46
56.46
56.76
53.43
54.63
54.02
50.42
51.63
51.56
50.29
51.45
50.93
52.95
53.25
52.89
51.49
52.61
51
51.65
51.15
52.58
51.2
49.88
46.24
47.2
45.88
45.59
42.53
43.16
46.22
44.61
45.33
45.41
45.89
46.54
47.09
47.96
48.52
49.78
52.36
52.59
51.59
50.51
52.11
52.31
52.07
53.8
53.65
54.24
52.57
52.62
53.13
53.69
51.99
53.31
54.23
53.79
55.26
54.56
53.66
54.01
52.64
52.72
52.41
53.1
53.9
54.41
55.59
56.33
56.27
56.09
56.92
56.96
57.26
55.48
55.5
56.94
57.22
55.8
56.59
56.56
56.22
56.66
56.07
56.79
56.87
58.26
58.61
58.52
59.09
59.03
59.83
59.98
59.04
58.82
59.94
59.41
59.3
60.14
61.59
62.58
62.46
62.1
63.08
64.4
63.98
64.61
63.58
63.89
63.4
64.05
63.76
64
65.7
66.3
65.89
65.21
63.3
63.5
63.91
63.6
61.81
61.94
62.25
61.4
62.12
61.7
61.66
61.04
61.78
62.02
62.87
62.76
63.1
62.99
61.42
57.91
58.63
58.77
59.16
59.14
58.81
56.59
53.5
53.25
53.48
51.68
52.59
53.99
53.26
53.27
51.14
52.28
52.51
51.93
53.9
53.76
56.65
57.43
57.9
57.83
59.38
59.43
58.47
59.09
56.25
57.34
56.8
57.51
57.66
57.83
60.43
60.2
60.21
59.58
57.62
56.78
55.3
55.63
56.22
56.77
55.88
56.02
56.2
56.87
58.05
58.58
53.95
55.66
54.69
53.63
51.09
52.54
54.5
54.93
57.1
55.23
54.47
54.87
56.21
56.34
55.68
55.35
54.17
53.64
54.93
55.78
56.71
55.1
54.8
54.66
53.94
56.26
56.3
56.52
57.85
57.4
55.75
55.09
54.85
62.9
59.34
58.11
58.13
58.09
58.64
57.29
56.49
56.41
55.91
54.07
53.62
52.64
52.45
52.81
52.75
52.63
52.59
53.55
54.7
53.59
52.81
53.36
53.93
53.78
53.31
54.16
55.97
56.23
56.66
55.81
55.54
55.06
54.18
56.2
56.54
57.23
56.35
57.15
57.24
56.86
56.8
57.12
56.77
57.72
57.05
55.21
57.11
58.58
57.77
58.01
58.41
58.11
58.08
55.17
55.96
56.1
58.43
58.43
59.2
59.02
59.24
58.76
59.18
60.07
60.21
60.94
60.93
61.22
60.44
60.52
61.11
61.19
61.68
61.72
61.68
61.06
61.33
61.18
63.05
63.27
62.7
59.61
59.56
59.04
58.08
58.23
57.81
58.52
58.54
59.27
58.73
58.34
56.74
55.59
54.19
53.14
53.48
53.33
52.14
51.56
50.11
49.61
50.75
50.95
50.32
49.57
49.94
51.17
51.42
52.05
52.36
52.2
52.05
53.29
53.78
53.38
51.43
49.9
49.79
