
1107.699951
1102.800049
1119.199951
1117.300049
1138.099976
null
1133.099976
1125
1131.599976
1153.800049
1146
null
1132
1127.099976
1115.5
1114.199951
1137.099976
null
1138.099976
1146.800049
1149
1144.699951
1156.300049
null
1164.900024
1165.800049
1180.099976
1187.900024
1183.599976
null
1173.300049
1178
1167.599976
1166.599976
1163.300049
null
1167
1166.800049
1177.099976
1147.199951
1141.5
null
1135.800049
1114.199951
1106.5
1104.400024
1087.599976
null
1087.900024
1088.199951
1084.699951
1080.800049
1080.800049
null
1083.699951
1068.699951
1068.800049
1078
1076.400024
null
1066.800049
1074.300049
1070.5
1056.199951
null
1065.800049
1063.800049
1054.199951
1061.699951
1084.5
null
1076.400024
1076.300049
1077.599976
1073.099976
1076.900024
null
1064.699951
1062.900024
1078
1050.800049
1066.199951
null
1081.900024
1074.800049
1069.400024
1077.199951
null
1070.5
1077.5
1060.099976
1060.300049
null
1075.099976
1078.400024
1091.900024
1107.699951
1097.800049
null
1096.5
1085.599976
1087.5
1073.900024
1091.5
null
null
1089.900024
1107.099976
1099.099976
1097.199951
null
1106.199951
1121.699951
1116.099976
1115.599976
1116.400024
null
1127.900024
1127.300049
1141.300049
1157.599976
1157.800049
null
1197.900024
1198.699951
1194.699951
1247.900024
1239.099976
null
null
1207.900024
1211.099976
1226.099976
1230.400024
null
1209.5
1222.300049
1238.699951
1238.199951
1219.800049
null
1233.900024
1230.300049
1241.099976
1257.400024
1269.900024
null
1263.199951
1262.099976
1256.599976
1272
1258.699951
null
1244.400024
1230.400024
1229.300049
1264.5
1253.800049
null
1243.800049
1248.199951
1223.699951
1221.400024
null
1219.900024
1235.599976
1226.900024
1234.199951
1222.199951
null
1218
1228.400024
1222.5
1236.199951
1242.5
null
1256.699951
1259.400024
1246.800049
1225
1233.099976
null
1233.599976
1253
1253.199951
1249
1228.699951
null
1238.900024
1242.199951
1249.199951
1265.5
1289.199951
null
1294.699951
1290.699951
1273.300049
1271.400024
1292.900024
null
1265.599976
1263.900024
1274.599976
1270.300049
1271.900024
null
1273.400024
1276.199951
1273.699951
1254.199951
1252.400024
null
1251.099976
1228.900024
1223.5
1220.099976
1213.800049
null
1214.800049
1211.900024
1209.800049
1240.099976
null
1244.599976
1244.400024
1259.800049
1270.199951
1273.400024
null
1284.400024
1285.599976
1285.800049
1296.099976
1292.5
null
1290
1270.5
1268
1261.199951
1320
null
1322.5
1315.300049
1323.900024
1318.400024
1336.699951
null
1356.400024
1364.900024
1360.099976
1356.599976
null
1355
1334.099976
1342.400024
1331.300049
1326.5
null
1328.400024
1331.5
1318.800049
1330.5
1323.099976
null
1319.300049
1320.699951
1326.599976
1332.300049
1349
null
1351.400024
1364.400024
1356.099976
1358.800049
1336.400024
null
1333.400024
1339
1344.300049
1342.5
1335.800049
null
1340.300049
1350.5
1342.699951
1351.199951
1340.400024
null
1337.699951
1340.599976
1324.400024
1320.099976
1321.5
null
1322.900024
1311.699951
1306.900024
1312.199951
1322.099976
null
1349.400024
1344.300049
1336.800049
1330.099976
null
1321
1319
1321.5
1313.5
1305.800049
null
1313.5
1313.699951
1326.900024
1340.400024
1337.199951
null
1339.699951
1325.900024
1319.400024
1321.699951
1313.300049
null
1309
1266.300049
1265.199951
1249.800049
1248.900024
null
1253
1251.099976
1255
1253.099976
null
1254.400024
1260.800049
1267.900024
1265.599976
1265.900024
null
1262
1271.900024
1264.800049
1267.900024
1275.5
null
1271.5
1286.400024
1306.800049
1302.099976
1303.300049
null
1278.300049
1273.400024
1272.599976
1265.5
null
1221.199951
1224
1223.400024
1216.5
1208.5
null
1209.599976
1211
1189.099976
1178.199951
null
1190.599976
1187.900024
1170.800049
1166.900024
1175.099976
null
1174
1167.599976
1175
1169.800049
1159.400024
null
1163.5
1156.699951
1161.300049
1127.800049
1135.300049
null
1140.5
1131.5
1131.099976
1128.800049
1131.900024
null
1137.300049
1139.400024
1156.400024
1150
null
1160.400024
1163.800049
1179.699951
1171.900024
null
1183.5
1184.199951
1195.599976
1198.900024
1195.300049
null
1212
1211.300049
1200.900024
1204.300049
null
1215
1210.300049
1197.300049
1189.5
1188.099976
null
1193.199951
1208.599976
1205.599976
1216.699951
1218.5
null
1230
1234.199951
1237.599976
1235.099976
1234.400024
null
1224.400024
1223.900024
1231.699951
1240
1237.599976
null
1237.5
1232
1250.199951
1256.900024
null
1257.400024
1252.599976
1248.900024
1231.900024
1225.5
null
1224.5
1215.099976
1208.5
1202.400024
1200.699951
null
1202.400024
1201.900024
1200.099976
1226.5
1229.800049
null
1233.599976
1246.099976
1249.300049
1246.900024
1248.199951
null
1255.400024
1255.300049
1253.400024
1245
1247.300049
null
1250.800049
1255
1245.400024
1250.300049
1254.300049
null
1251.099976
1271.199951
1275.300049
1285.900024
null
1289.400024
1291.699951
1281.400024
1281.900024
1287.400024
null
1275.800049
1265.599976
1262.099976
1263.699951
1266.099976
null
1253.300049
1255.099976
1246.400024
1226.5
1224.800049
null
1225.300049
1214.300049
1217.300049
1222.699951
1226.199951
null
1228.599976
1235
1257.5
1251.699951
1252.699951
null
1260.699951
1254.800049
1252.400024
1255.800049
1267.599976
null
1262.099976
1272
1267
1276.800049
null
1279.300049
1294.400024
1290.099976
1276.300049
1268.5
null
1266.099976
1265.800049
1272.800049
1252.199951
1254
null
1244.199951
1241
1243.400024
1247.599976
1256.199951
null
1246.300049
1246.400024
1248
1244.199951
1240.699951
null
null
1220.400024
1222.199951
1208.599976
null
1212.099976
1213.599976
1218.099976
1216.300049
1226.599976
null
1232.800049
1241.099976
1241.199951
1244.800049
1254.300049
null
1253.900024
1251.699951
1249
1259.599976
1268.400024
null
1266.599976
1272.599976
1271.800049
1267.800049
1258.300049
null
1258.199951
1256.400024
1273
1283.699951
1287.699951
null
1284.199951
1273.699951
1276.900024
1286.400024
1285.699951
null
1290.800049
1285.099976
1288.900024
1286.5
1292.5
null
1309.699951
1313.099976
1308.099976
1316.199951
1324.5
null
1339.199951
1333.900024
1345.099976
1346
null
1331
1328
1323.400024
1324.699951
1320.400024
null
1306.300049
1306.199951
1312
1290.599976
1293.300049
null
1306.800049
1297
1283.400024
1285.5
1281.5
null
1272.699951
1271.5
1273.699951
1269.900024
1271.599976
null
1281.800049
1290.599976
1285.800049
1293.300049
1301.5
null
1299.900024
1283
1279.900024
1286.900024
1277.400024
null
1277.699951
1275
1275.400024
1266.300049
1268.5
null
1274.099976
1267
1274.099976
1274.900024
1266.5
null
1279.400024
1273.699951
1281.599976
1285.599976
1272.400024
null
1277.300049
1281.5
1276.5
1277.400024
1295.800049
null
1274.599976
1281.099976
1291.599976
null
null
1293.800049
1294.699951
1282.099976
1273.199951
1278.800049
null
1274.300049
1261.599976
1262.800049
1249.800049
1245.199951
null
1243.699951
1238.5
1245.400024
1253.800049
1254.300049
null
1262.199951
1260.699951
1266.099976
1267.300049
1275.400024
null
1284.099976
1287
1294.099976
1306.300049
null
1313.699951
1316.199951
1319.400024
1320.300049
null
1318.599976
1311.699951
1317.400024
1320.599976
1333.400024
null
1335.400024
1338
1326
1331.900024
null
1330.900024
1335.699951
1355.900024
1362.400024
1351.599976
null
null
1335.400024
1339
1344.300049
1333.699951
null
1333
1326.099976
1311.599976
1316.900024
1313.099976
null
1324.199951
1328.099976
1355.5
1352.099976
1353.199951
null
1328.800049
1330
1330.599976
1328.199951
null
1330.699951
1315.5
1315.5
1302.900024
1321.099976
null
1318.099976
1333.599976
1326
1319.900024
1322.400024
null
1319.400024
1325.900024
1324.400024
1316.800049
1311.300049
null
1316.800049
1311.099976
1320.699951
1326.599976
1349.300049
null
1354.400024
1341.300049
1324.199951
1322.800049
null
1342.099976
1332.800049
1335.800049
1324.300049
1331.900024
null
1336.300049
1342
1356.5
1338.400024
1344.800049
null
1347.5
1347.199951
1351.199951
1346.800049
1336.699951
null
1322.5
1331.400024
1321.199951
1316.300049
1320.300049
null
1316.199951
1303.800049
1302.599976
1310.699951
1312.699951
null
1312.199951
1312
1311.300049
1320.800049
1319
null
1316.5
1288.900024
1290.199951
1288.199951
1290.199951
null
1290.199951
1291.699951
1289.300049
1303.699951
1303.300049
null
1298.699951
1301.5
1300.099976
1294.800049
null
1293.099976
1297.5
1297.099976
1298.699951
1298.099976
null
1298.900024
1295.099976
1296.900024
1304
1274.599976
null
1276.199951
1275.599976
1271.199951
1267.199951
1267.400024
null
1265.599976
1256.599976
1252.800049
1247.800049
1251.300049
null
1239.800049
null
1257.300049
1254.300049
null
1258.099976
1253.800049
1242.800049
1245
1239.599976
null
1238.099976
1225.699951
1226.300049
1222.400024
1229.5
null
1224
1223.900024
1231.400024
1225.300049
1222.599976
null
1221.300049
1223.699951
1217.900024
1210.599976
1214.199951
null
1208.599976
1209.599976
1212.599976
1211.900024
1211.099976
null
1191.300049
1193
1177.5
1176.199951
1176.5
null
1186.800049
1192.599976
1196.300049
1187
1206.300049
null
1209
1207.400024
1204.5
1197.699951
1200.300049
null
1192.699951
1194.900024
1197.900024
1193.599976
null
1193
1195.400024
1204.699951
1202
1195
null
1199.699951
1196.800049
1202.199951
1206.199951
1196.199951
null
1199.300049
1200
1194
1182.300049
1191.5
null
1187.099976
1202.400024
1198.300049
1197.199951
1201.199951
null
1184.400024
1187.199951
1189.300049
1223.5
1218.099976
null
1226.400024
1227.300049
1223.699951
1226.5
1225.300049
null
1221.199951
1233.400024
1227.800049
1229.099976
1232.5
null
1224.5
1222.599976
1212.300049
1236
1230.900024
null
1229.800049
1223.800049
1226.199951
1222.900024
1206.400024
null
1201.300049
1199.199951
1207.900024
1212.800049
1220.800049
null
1223.099976
1219
1225.800049
null
null
1220.199951
1211.199951
1221.400024
1224.099976
1220.199951
null
1233.900024
1241.099976
1238.099976
1246.800049
null
1243.699951
1241.900024
1244.400024
1242.699951
1237
null
1247.400024
1249.199951
1252.099976
1263.599976
1253.800049
null
null
1269.199951
1277.300049
1279.900024
1281.900024
1278.300049
1281
1291.800049
1282.699951
1285.699951
1286.800049
1283.199951
1289.300049
1284.699951
1287.099976
1288.300049
1289.099976
1286.199951
1291.599976
1291
1281.300049
1282.099976
1282.5
1283.099976
1279.099976
1297.400024
1299.599976
1302.400024
1308.199951
1309.900024
1319.699951
1316.900024
1322
1314.300049
1314.199951
1309.5
1309.400024
1313.699951
1317.599976
1307
1309.199951
1310.800049
1309.800049
1318.099976
1324.199951
1340.099976
1343.300049
1323.5
1329.199951
1330.199951
1325.900024
1325.099976
1317.699951
1312.800049
1296.400024
1296.300049
1284.800049
1282
1284.900024
1283.800049
1297
1297.599976
1288.800049
1296.300049
1307.5
1293.400024
1301.800049
1300.800049
1300.300049
1305
1300.5
1306.099976
1311.599976
1311.900024
1321.900024
1314.300049
1309.900024
1289.800049
1293
1296.699951
1288.400024
1290
1289.900024
1289
1290.400024
1295.599976
1297.099976
1303.5
1309.099976
1288.599976
1290.599976
1292.599976
1286.800049
1272.599976
1272.199951
1271.900024
1279
1273.5
1269.300049
1275.5
1275.800049
1284.900024
1288.199951
1278.599976
1282.800049
1281.400024
1269.699951
1279.199951
1285
1281.699951
1283.5
1279.400024
1283.5
1285.699951
1288.300049
1300.099976
1294.699951
1296.300049
1285
1274.5
1277.099976
1276.099976
1272
1273.599976
1284.800049
1283
1284.099976
1276.5
1280.599976
1287.099976
1305.800049
1313.699951
1322.699951
1323.400024
1328.300049
1337.599976
1341.199951
1339.5
1324.699951
1326.400024
1331.900024
1339.199951
1340.099976
1342.5
1338.699951
1346.599976
1344.599976
1392.900024
1396.199951
1409.5
1414.300049
1414.900024
1411.599976
1408.400024
1409.699951
1395.5
1385.599976
1404.599976
null
1396.699951
1398.900024
1397
1397.5
1410.099976
1404.300049
1409.900024
1418.099976
1411.400024
1409.199951
1421.300049
1426.099976
1425.099976
1426.5
1425.300049
1420.099976
1422.800049
1413.900024
1418.5
1420.300049
1419.599976
1429.699951
1426.099976
1420.900024
1445.599976
1452.199951
1464.599976
1472.400024
1507.300049
1497.699951
1496.599976
1512.400024
1505.300049
1502.199951
1515.900024
1519.599976
1512.5
1519.599976
1500.400024
1504.599976
1504.599976
1497.300049
1526.599976
1557.099976
1526.300049
1541
1537.800049
1526.5
1519.099976
1538.199951
1545.900024
1550.300049
1515.400024
1506.199951
1513.400024
1502.199951
1490.300049
1494.400024
1498.699951
1490.900024
1515
1503.099976
1505.099976
1507.5
1498.400024
1507.300049
1521.199951
1523.699951
1532.099976
1504.599976
1507.5
1499.099976
1503.599976
1465.699951
1482
1501
1507.099976
1506.199951
1513.099976
1497.699951
1497.199951
1506.099976
1494.800049
1482.699951
1489.699951
1491.699951
1477.599976
1488
1492.300049
1488.199951
1495
1482.400024
1481.699951
1489.900024
1498.900024
1499.5
1506.599976
1490
1487
1493.199951
1511.400024
1508
1515.099976
1508
1480.800049
1490.199951
1464.199951
1461.300049
1461.800049
1455.5
1452.099976
1461.699951
1471.800049
1467.300049
1470.099976
1470.900024
1473.300049
1473.300049
1463.099976
1463.099976
1460.400024
1456.599976
1459.800049
1453.400024
null
1468
1462.300049
1478.199951
1474
1476.900024
1459.099976
1463.900024
1459.300049
1462.599976
1469.400024
1466.699951
1475.599976
1478.400024
1475
1474.599976
1472.599976
1478.199951
1474.699951
1482.099976
1482.5
null
1509.300049
1513.800049
1517
1514.5
1519.5
1524.5
1549.199951
1571.599976
1566.199951
1571.800049
1557.400024
1551.699951
1557.5
1560.099976
1548.400024
1542.400024
1552.099976
1549
1558.800049
1557
1556.400024
1555.300049
1564.599976
1571.099976
1581.900024
1576.800049
1569.199951
1569.800049
1583.5
1582.900024
1594
1577.199951
1550.400024
1557.800049
1565.099976
1568.599976
1577.599976
1574.699951
1565.599976
1567.400024
1575.099976
1582.699951
1585.099976
1600
1607.5
1616.599976
1644.599976
1667.099976
1672.400024
1646.900024
1640
1640
1564.099976
null
1592.300049
1642.099976
1641.099976
1666.400024
1670.800049
null
1674.5
1659.099976
1641.400024
1589.300049
1515.699951
null
1485.900024
1524.900024
1477.300049
1478.599976
1484
1495.599976
1567
1660.199951
1632.300049
1650.099976
1623.900024
1664.199951
1622
1583.400024
1578.199951
1625.699951
1633.699951
null
1677
1664.800049
1665.400024
1736.199951
1738.199951
1744.800049
1756.699951
1727.199951
1720.400024
1689.199951
1690.199951
1701.599976
1678.199951
1728.699951
1733.300049
1723.5
1741.400024
1711.900024
1710.5
1703.400024
1684.199951
1694.5
1704.900024
1706.900024
1704.400024
1684.199951
1721.800049
1709.900024
1708.400024
1695.300049
1704.400024
1713.900024
1738.099976
1753.400024
1766.599976
1731.800049
1744.199951
1750.599976
1720.5
1734.599976
1730.599976
1704.800049
1710.300049
1713.300049
1736.900024
1755.199951
1737.800049
1725.199951
1697.800049
1718.900024
1676.199951
1684.599976
1698.300049
1714.699951
1713.300049
1732
1729.300049
1740.699951
1720.300049
1729.599976
1729.199951
1724.800049
1745.900024
1761.5
1756.699951
1772.099976
1765.800049
1762.099976
1772.5
1785.300049
1774.800049
1793
1773.199951
1784
1787.099976
1788.5
1804.199951
1815.5
1799.199951
1798.199951
1804.5
1811
1810.599976
1811.400024
1798.699951
1808.300049
1810.300049
1815.900024
1842.400024
1864.099976
1889.099976
1897.300049
1910.199951
1931
1944.699951
1953.5
1942.300049
1962.800049
1997.900024
1966
2001.199951
2031.099976
2051.5
2010.099976
2038
2024.400024
1932.599976
1934.900024
1956.699951
1937
1946.099976
1985
1999.400024
1958.699951
1933.800049
1934.599976
1943.599976
1927.699951
1911.800049
1940.699951
1921.599976
1964.599976
1984
1967.599976
1968.199951
1934.400024
1927.599976
1923.900024
null
1933
1944.699951
1954.199951
1937.800049
null
1953.099976
1956.300049
1960.199951
1940
1952.099976
null
1901.199951
1898.599976
1859.900024
1868.300049
1857.699951
null
1872.800049
1894.300049
1887.5
1908.400024
1900.199951
null
1912.5
1901.099976
1883.599976
1888.599976
1919.5
1932.400024
