3
4
20
11
3
4
12
12
12
12
10
10
9
8
15
20
29
37
41
50
61
61
47
56
57
50
88
107
29
26
14
12
26
30
26
16
9
7
7
4
7
9
11
41
69
57
59
78
63
62
64
65
65
67
70
74
78
80
93
104
127
135
101
104
103
102
110
140
132
140
123
127
135
126
110
93
89
84
77
NA
74
61
69
61
75
92
NA
NA
45
77
83
105
141
153
132
108
116
108
107
94
102
107
115
126
116
110
123
120
112
114
NA
10
16
10
10
9
12
9
8
6
6
6
12
10
9
7
8
12
24
32
34
28
21
12
13
13
12
17
25
74
71
58
72
63
60
69
52
37
30
30
27
28
33
34
33
22
12
31
23
20
18
28
46
79
105
80
64
60
69
74
66
63
68
71
65
62
69
82
76
92
110
111
109
106
107
116
125
156
160
154
153
142
134
131
115
112
110
87
51
35
38
36
41
26
18
20
20
16
13
12
22
68
85
65
59
61
74
61
51
42
38
38
37
39
50
63
70
66
68
89
101
106
95
68
61
73
103
88
59
44
25
10
9
8
8
8
9
8
10
17
18
11
11
13
15
13
18
19
18
57
70
60
81
83
83
106
111
95
80
75
72
77
80
85
102
91
96
114
134
144
145
144
146
169
184
166
152
138
139
138
137
125
130
126
113
111
109
109
120
145
147
128
118
109
115
121
131
144
192
164
150
143
150
143
141
146
150
148
156
151
147
150
150
162
163
152
160
152
156
163
164
190
234
234
236
244
233
234
226
216
207
196
191
184
181
177
194
214
261
314
320
320
360
385
394
396
420
398
411
410
372
369
350
349
363
314
181
177
78
10
8
10
10
8
5
6
6
10
9
13
16
13
9
14
17
20
18
15
13
19
15
23
15
25
23
22
15
20
25
29
35
36
46
62
79
84
115
105
105
87
84
76
81
76
84
84
84
94
100
148
143
150
100
12
11
8
9
8
11
12
10
7
7
9
11
17
15
12
10
17
26
35
NA
45
36
NA
21
32
50
67
72
99
108
109
100
91
70
66
64
66
56
53
50
59
57
62
69
101
96
93
85
71
79
84
87
121
114
130
132
134
150
142
118
59
21
14
11
9
10
15
9
13
4
5
10
8
5
5
10
15
57
58
44
57
42
34
41
37
37
26
23
26
32
33
48
46
51
38
47
85
110
127
151
155
182
160
149
139
131
128
124
133
138
148
142
151
159
176
176
164
165
146
156
173
181
171
179
210
223
213
203
210
176
93
42
30
58
22
13
13
27
44
42
36
70
135
145
151
124
116
68
58
61
83
82
90
90
131
138
130
127
149
159
148
144
152
194
234
247
241
221
202
180
166
159
169
197
198
200
182
204
191
198
189
158
173
169
169
168
157
178
148
83
45
10
12
8
10
8
14
14
7
6
6
10
9
10
5
8
8
8
13
NA
28
26
15
14
13
11
NA
NA
NA
NA
18
57
43
43
33
48
45
40
15
12
5
6
9
13
12
18
12
10
10
12
18
29
41
46
74
99
114
94
65
68
87
134
110
102
102
105
103
105
103
140
165
156
143
115
75
8
5
7
9
9
7
6
6
6
5
12
10
12
12
13
10
15
21
22
16
6
8
11
9
8
10
11
21
48
35
19
22
21
15
10
15
21
17
15
19
24
19
21
25
16
13
14
17
15
18
21
29
83
66
69
60
57
53
45
44
33
35
29
28
27
35
36
25
21
16
17
19
20
19
29
37
79
78
91
81
75
63
59
56
58
59
54
58
73
78
84
85
82
84
82
119
136
137
145
161
186
169
165
166
148
148
151
159
161
174
170
171
172
171
184
205
178
178
179
134
104
63
17
17
13
8
9
10
9
11
10
12
19
19
12
18
33
42
38
18
12
16
15
18
14
16
16
9
7
7
13
5
14
21
22
15
12
17
29
14
35
37
32
25
27
28
20
20
18
23
29
43
62
101
94
99
96
78
60
57
46
37
35
38
39
42
46
43
34
31
29
22
25
29
36
48
83
112
96
83
66
72
38
13
6
8
6
7
7
10
14
10
9
10
7
8
10
4
3
5
3
8
5
5
10
11
11
5
6
7
7
11
12
14
21
28
11
4
8
11
9
14
18
16
48
40
48
46
43
42
46
39
40
41
44
48
61
59
58
55.1
57
59
63
72
78
88
89
104
139
138
128
125
121
114
105
100
98
91
82
84
77
92
81
67
57
56
55
57
54
52
64
66
62
75
91
91
63
41
38
24
26
32
35
34
26
NA
34
20
16
16
12
16
18
18
21
37
53
14
18
15
12
31
38
30
21
17
14
19
24
31
20
20
14
12
15
18
23
26
32
59
64
80
87
88
91
109
97
82
69
67
63
63
65
76
94
80
90
92
98
94
103
131
136
160
182
NA
NA
84
120
123
133
131
134
136
138
140
149
177
175
163
159
170
180
192
196
209
217
230
272
268
242
234
234
221
208
196
207
202
202
205
205
207
196
176
NA
NA
101
145
219
283
284
278
305
322
339
333
287
270
267
290
256
230
227
230
227
225
255
248
165
18
15
11
12
12
14
14
20
26
25
33
21
19
12
12
9
12
12
16
17
19
16
11
8
11
6
10
10
6
8
11
16
37
31
26
27
27
32
16
11
8
8
8
10
13
18
8
9
7
7
6
10
25
29
62
108
83
217
242
320
659
762
383
293
248
228
228
211
248
227
220
231
232
217
200
179
158
120
97
94
100
111
113
124
121
119
111
109
112
117
113
140
150
127
104
104
108
100
99
103
113
119
131
138
135
142
134
136
121
121
187
149
158
144
151
161
162
162
172
198
202
197
203
208
230
50
36
50
67
85
73
64
130
158
142
130
116
98
62
45
27
20
13
12
10
7
7
12
12
12
10
54
17
19
20
23
38
27
35
39
34
18
23
21
28
32
25
16
13
20
22
32
37
36
58
109
156
255
152
93
78
74
70
61
65
60
61
67
72
77
84
89
102
119
121
140
159
173
188
201
214
211
212
244
228
244
197
194
193
190
192
92
13
9
16
14
12
3
6
7
14
6
7
14
16
14
17
16
19
20
20
20
4
3
4
5
11
4
3
7
7
12
11
8
11
7
8
14
18
10
7
4
8
7
9
9
7
7
9
10
10
9
6
8
11
13
20
21
32
34
40
58
47
52
41
37
42
50
67
62
48
48
54
55
66
90
103
106
125
132
138
153
170
180
180
174
178
176
135
158
183
186
189
185
168
157
150
134
154
152
176
117
30
11
12
13
16
8
20
33
36
38
60
44
43
43
44
36
32
33
29
32
59
70
65
73
60
35
26
12
16
9
NA
3
5
5
6
7
5
5
7
10
3
3
3
3
3
3
9
4
11
5
3
3
3
4
7
8
7
8
8
5
24
7
6
7
5
3
22
28
25
20
14
10
19
13
18
17
11
18
31
54
56
69
61
73
58
49
45
47
47
48
53
61
69
113
106
116
136
152
125
75
64
69
88
181
280
229
159
170
151
138
122
122
123
122
132
131
139
139
126
133
148
166
177
191
200
201
203
238
276
245
227
228
228
224
222
220
216
220
232
220
234
230
225
210
196
176
185
187
197
189
193
221
246
263
260
246
232
221
219
218
215
212
211
210
229
266
249
169
44
23
8
3
12
7
4
3
5
10
19
12
7
8
4
3
5
7
4
7
8
4
6
3
3
3
3
4
4
9
3
3
4
6
3
3
3
18
18
20
20
9
12
23
32
33
35
6
NA
NA
6
10
32
45
48
57
98
94
85
74
66
55
53
56
47
45
41
33
16
9
10
4
7
4
9
6
9
11
22
49
62
57
71
72
83
92
84
79
73
62
68
76
83
72
57
47
21
11
12
12
18
17
26
49
63
49
108
160
113
114
125
114
117
118
118
108
66
23
10
12
11
7
13
7
9
9
12
28
51
76
89
82
70
75
73
66
57
54
56
63
63
68
77
88
101
109
114
113
120
128
140
138
140
145
142
142
144
135
139
144
143
130
138
135
128
167
89
52
41
31
48
54
62
91
102
131
145
148
153
135
124
113
116
121
122
123
142
136
146
159
175
187
210
223
245
271
283
295
301
309
329
325
327
322
325
313
306
306
301
295
273
283
246
97
38
27
16
14
14
49
82
80
113
132
132
117
67
59
59
59
58
60
57
62
58
52
69
70
57
43
49
53
66
66
58
55
64
82
100
94
89
80
74
70
72
72
69
67
70
76
93
95
96
86
70
55
50
32
44
64
72
80
84
103
84
89
80
74
71
62
51
48
52
61
59
52
15
24
15
41
33
24
30
33
32
45
52
51
50
38
37
28
21
18
20
13
11
11
6
8
3
6
3
3
11
3
3
7
9
9
9
13
12
25
28
38
21
16
10
8
7
10
12
12
8
8
4
19
3
12
13
15
19
30
37
40
60
74
68
67
51
46
43
44
40
51
53
51
NA
35
31
16
10
12
16
17
20
35
53
52
46
35
28
36
60
89
97
91
87
72
80
80
74
79
76
72
74
64
59
70
86
108
113
105
107
133
152
131
129
113
115
116
131
131
127
142
128
NA
134
152
160
133
119
99
95
103
111
132
132
147
138
114
109
107
112
116
118
129
131
133
140
154
165
147
107
90
82
72
69
90
107
120
122
130
116
110
95
83
77
84
89
98
99
113
107
112
127
135
136
126
117
125
131
147
153
179
181
189
178
138
116
117
119
130
136
91
47
86
140
132
142
118
53
23
21
23
24
24
32
28
27
27
43
15
22
22
19
16
24
40
48
90
116
138
152
156
142
130
96
78
84
87
96
99
107
116
112
108
106
108
108
115
113
114
120
138
147
159
169
189
186
171
168
166
179
182
196
206
199
184
181
172
175
179
184
185
184
194
200
184
106
74
67
58
58
79
NA
NA
NA
NA
79
NA
83.7
82
104
97
93
82
70
61
54
49
52
48
NA
52
49
3
27
29
31
32
36
39
46
44
41
39
40
42
45
46
50
48
54
54
55
43
36
29
27
20
20
25
20
22
24
26
24
24
20
28
20
19
17
19
21
15
14
20
14
15
11
9
3
17
32
26
30
29
33
52
58
60
62
37
32
37
49
61
53
57
58
61
61
54
62
67
65
66
70
68
70
68
76
83
88
105
109
113
118
112
96
101
98
110
68
15
16
24
21
22
18
16
19
18
13
19
20
17
19
24
23
22
17
19
17
16
13
13
13
20
19
14
15
12
15
13
11
16
16
17
20
27
33
32
34
26
14
11
5
10
12
14
20
27
17
9
10
12
11
7
18
18
8
24
27
30
33
40
45
57
57
47
56
60
54
47
58
68
107
121
126
130
139
137
76
87
98
104
110
128
130
136
137
140
141
142
133
129
142
144
148
151
145
140
162
168
172
165
162
178
176
159
160
177
189
207
204
201
191
171
177
182
181
184
191
190
178
166
185
NA
NA
99
100
96
101
95
55
81.8
119
100
104
109
143
143
145
155
139
134
134
163
251
260
236
185
116
94
95
83
33
28
29
34
27
21
9
5
9
15
12
12
13
10
9
7
7
12
13
13
13
16
16
14
16
14
11
12
11
11
11
9
10
10
12
12
15
13
20
20
NA
15
19
20
22
27
29
33
32
31
37
48
46
51
48
40
42
43
38
38
40
42
53
49
44
38
39
32
38
43
39
37
65
52
51
55.7
83
95
71
72
56
51
50
54
60
59
59
67
73
100
122
128
143
149
152
148
162
170
221
81
90
95
101
76
85
45
18
16
14
14
8
7
5
8
10
10
13
5
14
11
25
15
16
32
24
32
30
24
99
61
37
34
34
28
31
38
48
65
79
87
86
99
121
95
96
68
79
100
106
99
115
104
83
107
101
86
85
89
95
101
106
108
120
143
144
137
129
110
121
125
73
38
33
34
29
45
93
100
98
92
63
80
82
80
44
64
51
61
64
52
53
43
36
43
38
101
116
112
96
91
86
95
90
85
81
76
71
68
56
46
37
31
21
30
36
40
37
52
51
65
57
74
73
75
61
57
65
62
76
76
77
84
91
119
119
108
117
115
63
77
59
33
36
18
18
20
26
20
22
16
15
17
12
13
20
33
42
47
61
169
NA
NA
42
50
59
50
51
56
59
57
63
47
48
46
46
43
43
44
49
67
64
66
77
73
164
NA
NA
52
81
54
52
41
36
35
46
44
30
30
34
29
38
34
32
43
59
109
74
73
180
194
NA
NA
NA
NA
NA
NA
NA
NA
NA
NA
NA
NA
NA
NA
NA
NA
NA
NA
NA
65
92
204
NA
NA
NA
NA
NA
52
66
86
99
97
87
82
63
56
52
59
59
59
63
85
104
121
128
156
201
287
156
134
107
92
89
95
83
89
72
70
69
61
63
63
75
83
80
93
114
126
132
NA
NA
134
NA
NA
98
80
57
52
43
40
37
40
50
45
47
46
44
36
37
40
42
46
35
32
30
34
46
35
34
33
37
50
46
47
56
89
100
105
101
87
81
86
87
105
130
143
150
138
136
169
152
133
121
117
115
116
122
128
129
130
130
137
143
146
140
135
140
146
153
156
156
161
171
159
119
96
118
130
133
117
178
208
235
243
236
214
198
201
205
208
201
157
147
169
172
179
138
68
43
30
23
27
29
26
30
28
24
33
32
32
31
30
33
34
39
43
43
44
50
51
54
59
106
65
67
54
63
73
80
76
87
95
86
85
91
91
85
69
32
49
32
24
10
6
3
13
19
8
4
7
8
15
9
8
9
14
19
18
14
9
70
11
19
12
7
3
6
14
23
14
12
24
28
34
40
38
53
64
63
58
59
48
49
48
47
47
49
52
66
62
70
55.1
NA
29
62
3
NA
NA
12
14
5
14
15
4
9
20
28
20
14
14
17
10
6
6
9
10
11
13
18
15
37
39
34
29
42
28
28
40
37
37
75
68
41
34
36
35
43
55
48
67
59
68
74
42
69
64
55
49
37
26
21
17
14
12
11
14
12
15
17
25
23
27
29
26
26
20
23
20
18
18
34
55
46
38
58
108
84
62
48
50
43
50
45
42
54
41
12
14
19
23
34
20
22
24
23
22
28
31
24
24
26
29
26
24
30
35
37
43
40
53
63
61
58
37
26
23
24
21
24
29
28
26
37
31
31
32
38
27
25
25
25
18
23
29
36
46
NA
16
45
27
14
10
6
6
9
6
7
4
3
3
3
3
3
7
7
11
15
8
7
5
20
18
29
18
29
39
34
44
43
39
29
27
27
20
22
21
20
20
24
28
24
23
26
30
53
55
75
87
107
111
107
89
85
56
69
63
54
24
12
7
13
13
9
6
9
11
18
16
NA
27
19
18
22
21
19
26
28
19
13
12
10
11
13
20
24
23
33
25
22
19
24
26
24
22
22
22
36
32
28
28
33
36
28
24
26
25
24
22
22
21
24
25
21
30
37
24
18
14
15
32
28
50
50
42
49
66
80
87
89
90
87
85
80
84
95
112
124
131
151
132
133
139
145
148
154
144
146
157
150
148
117
88
79
74
72
52
46
42
59
31
25
28
11
20
15
17
13
9
12
7
16
15
29
39
44
26
15
8
9
15
14
4
3
4
13
15
12
3
3
13
9
12
9
10
10
12
13
10
8
9
11
13
8
13
10
15
16
12
14
14
11
8
10
17
23
23
14
15
20
22
22
21
23
20
18
21
19
16
18
16
22
28
28
21
17
22
23
24
42
43
34
33
29
27
18
27
32
39
40
35
41
34
29
28
32
39
45
42
53
57
60
64
65
80
64
58
48
51
51
64
75
64
59
60
68
62
65
67
74
81
82
98
94
87
93
108
122
119
73
68
71
72
81
87
90
85
99
124
99
101
99
100
99
108
122
132
131
147
160
170
108
79
72
60
60
65
68
83
80
84
79
72
72
80
80
81
87
97
113
106
109
128
127
134
115
92
96
96
102
99
99
85
97
80
79
79
69
76
81
86
83
83
97
104
111
112
126
105
90
78
69
63
56
56
56
59
66
82
69
80
84
82
78
78
81
88
97
106
104
86
83
92
97
93
96
93
91
94
99
117
125
130
127
136
129
127
132
134
138
127
135
144
147
144
155
156
123
81
87
96
91
87
100
101
72
70
56
52
66
72
76
86
84
90
95
93
82
78
79
88
65
59
56
67
56
59
59
58
57
62
63
62
57
56
49
35
32
22
18
23
3
12
30
23
40
43
75
107
99
59
49
34
26
28
28
27
29
35
36
38
51
73
81
84
88
90
76
64
55
53
49
45
47
60
70
68
68
58
57
59
58
59
58
56
58
61
78
77
73
83
102
98
109
112
116
118
113
89
65
52
57
75
79
64
59
59
95
15
55
17
6
14
10
9
3
NA
3
10
18
14
15
8
10
9
25
36
37
32
35
30
25
27
32
31
26
28
26
7
13
3
3
25
38
44
37
38
32
45
50
39
37
29
29
43
43
36
42
48
53
28
35
40
54
71
75
54
60
43
70
80
87
92
96
85
52
45
69
80
79
45
50
57
72
44
49
45
32
42
64
57
60
58
45
38
32
35
29
27
31
26
37
32
21
14
8
14
11
4
10
15
13
17
16
21
22
23
28
16
16
19
17
20
11
5
10
10
11
13
15
3
17
3
3
3
3
3
8
3
6
12
9
8
10
12
12
13
8
10
7
23
15
19
20
21
29
22
17
8
NA
NA
8
15
15
18
17
16
20
20
23
22
22
19
24
19
18
17
27
14
31
18
23
22
28
27
27
31
33
41
32
29
32
36
28
34
36
43
39
36
35
40
45
49
48
58
62
68
70
63
67
66
59
61
60
60
56
63
50
22
19
27
27
28
27
32
42
46
48
46
12
7
4
3
3
7
8
5
8
6
5
4
9
6
9
8
3
6
10
6
6
3
5
3
7
4
7
8
8
5
3
8
7
5
7
3
3
5
9
8
5
7
8
6
6
6
11
10
9
13
9
10
11
11
16
17
18
17
9
NA
NA
NA
NA
11
14
13
9
14
11
11
8
9
8
15
15
10
13
15
13
13
18
23
27
29
34
41
53
49
54
55
49
53
55
71
88
95
96
93
85
100
95
80
79
79
78
73
85
100
114
104
110
103
105
106
112
111
113
116
128
114
116
113
115
113
137
135
117
118
93
76
18
20
27
25
23
21
23
21
20
26
24
32
36
NA
NA
NA
31
29
20
17
13
17
29
34
28
22
11
9
14
12
12
7
6
8
5
6
8
7
9
6
5
3
3
5
9
6
8
7
8
7
7
12
9
9
3
3
8
10
9
4
NA
9
7
12
6
7
15
15
12
14
9
18
23
24
26
25
21
18
17
15
16
16
18
15
14
14
9
9
7
6
14
9
9
12
14
21
20
25
22
20
22
22
20
22
24
26
28
30
32
33
32
36
29
46
48
31
26
35
40
38
47
53
61
62
78
84
78
61
67
68
70
83
82
85
85
85
83
83
59
62
64
60
70
90
105
114
116
112
131
138
137
136
140
152
159
180
202
213
200
215
217
204
200
174
164
148
122
87
86
94
176
214
205
211
213
191
163
126
119
110
115
127
134
136
138
151
154
152
156
157
150
129
116
105
126
135
140
133
128
128
131
141
140
144
138
138
135
139
144
136
130
146
129
135
144
130
123
117
107
118
119
140
118
100
112
94
75
83
88
90
102
107
106
81
45
57
67
89
104
63
33
31
24
24
28
29
23
16
30
28
22
20
19
25
45
100
93
93
103
123
140
153
157
164
166
166
166
122
96
83
85
89
84
93
99
124
134
131
138
136
162
187
193
199
173
164
180
163
148
161
153
145
148
151
150
151
155
157
156
154
159
169
177
170
32
12
3
5
4
17
16
19
17
17
15
15
17
11
11
10
9
9
8
12
9
8
3
11
3
11
11
5
13
14
14
14
15
28
22
25
22
15
15
21
21
20
22
31
31
20
16
19
11
3
19
15
16
4
6
9
8
11
6
3
3
14
12
14
9
12
9
13
12
8
7
17
13
3
18
3
3
3
8
7
10
6
12
7
3
6
9
4
4
5
12
15
9
4
13
13
3
3
11
8
20
35
30
29
27
35
41
41
33
25
26
28
24
26
30
33
25
20
41
35
46
53
55
44
48
46
44
41
32
41
52
51
46
50
51
48
45
45
51
52
51
54
45
44
44
45
40
49
40
43
51
81
67
61
62
64
69
75
72
67
68
68
69
76
87
87
59
44
46
51
56
62
54
56
49
44
49
50
55
63
70
68
56
63
66
63
64
75
73
74
71
68
75
89
83
77
68
58
58
63
61
49
62
74
86
100
86
78
81
91
99
154
163
173
171
161
170
161
164
159
142
125
105
82
71
68
57
61
62
56
55
58
60
62
66
67
62
65
76
77
68
68
83
85
86
73
59
47
48
47
46
32
31
30
34
35
36
35
35
37
36
36
50
44
39
37
43
43
40
47
47
43
37
39
47
57
49
46
47
50
52
54
53
60
78
96
113
119
118
136
133
144
137
126
113
111
106
112
121
117
115
110
110
109
110
111
113
120
126
124
108
102
101
95
92
89
63
35
41
38
NA
46
56
55
52
54
45
48
54
52
47
46
43
33
24
24
NA
20
18
39
38
35
39
47
58
59
58
45
47
54
35
31
31
28
23
28
28
16
12
24
29
29
40
36
44
53
43
40
44
31
18
24
29
18
25
25
25
26
21
35
29
25
25
36
31
44
51
44
47
45
52
46
47
48
46
50
47
47
38
29
42
58
38
36
37
32
23
31
23
30
20
26
22
20
23
30
27
21
22
20
18
20
17
20
18
18
18
22
25
21
19
16
19
31
21
25
26
31
37
37
42
46
44
49
63
66
53
35
33
29
28
38
44
30
37
41
39
39
50
48
44
43
25
24
23
16
20
23
14
27
26
22
10
21
17
22
28
29
34
56
86
96
102
87
40
49
56
56
50
52
53
53
50
43
44
30
17
17
20
25
26
25
38
49
62
81
96
90
85
90
88
81
90
104
106
86
94
89
85
78
66
72
81
87
101
120
153
165
166
165
170
176
188
199
202
200
161
43
54
44
48
60
59
52
49
42
61
77
81
82
84
76
78
68
65
63
NA
NA
69
76
32
15
11
6
5
8
14
18
16
12
22
31
54
94
102
91
78
66
47
43
49
25
24
23
22
26
28
31
31
32
34
37
39
47
49
60
68
84
77
67
78
73
59
68
31
27
25
25
24
27
30
29
30
28
35
34
37
32
37
41
53
52
64
75
61
96
102
129
110
81
84
84
91
93
100
110
134
128
113
105
103
114
125
140
120
83
90
91
86
72
75
69
84
85
52
45
49
55
76
66
65
72
77
61
45
52
55
54
66
76
118
118
99
84
88
103
111
112
111
114
99
26
24
26
30
22
23
22
29
27
28
30
32
32
33
43
30
32
36
32
25
33
28
35
40
33
36
33
26
39
43
48
58
66
53
66
58
69
89
62
66
66
70
71
59
60
55
71
73
63
57
59
35
21
29
28
29
34
33
38
39
33
31
24
50
51
38
43
25
24
5
17
16
15
12
14
15
9
15
14
19
19
22
16
21
22
NA
NA
16
13
12
27
11
17
27
39
50
40
31
29
37
41
39
30
30
35
39
58
72
79
84
95
91
94
85
73
80
75
68
70
72
65
69
64
52
49
47
30
24
25
24
24
36
41
60
68
63
56
47
50
55
73
81
99
91
98
101
118
115
110
113
98
85
70
72
72
59
42
28
30
27
28
13
7
3
4
8
6
9
7
15
8
3
10
16
7
10
13
11
7
17
17
9
15
13
18
23
33
31
21
17
25
33
32
34
41
39
39
32
32
34
33
39
43
54
54
NA
NA
NA
NA
NA
116
72
63
75
79
88
73
3
16
10
11
12
20
20
8
5
15
12
16
21
24
31
40
60
82
99
90
125
154
109
118
110
84
80
83
81
73
69
68
71
75
82
81
104
113
133
128
121
105
103
78
27
29
35
28
25
28
19
29
14
30
23
16
19
16
15
16
24
18
15
15
25
16
19
32
34
35
43
33
37
25
36
35
31
33
32
29
26
30
30
23
25
18
18
22
24
29
31
72
52
51
52
48
39
37
38
39
44
38
39
40
42
24
15
20
17
12
16
13
6
8
17
17
14
40
20
74
90
84
76
54
58
69
82
59
69
87
97
78
84
57
49
50
44
37
46
49
50
56
61
64
61
56
58
61
65
61
67
68
71
79
77
61
62
59
67
60
57
66
73
81
76
82
90
111
112
106
101
105
101
97
94
96
97
108
112
101
105
121
127
139
143
165
179
158
138
123
121
144
145
137
133
124
144
145
144
142
138
120
89
11
19
12
20
21
15
32
27
27
26
34
32
29
27
31
32
31
35
35
32
28
25
25
15
13
9
3
10
4
4
14
19
15
21
18
18
13
17
17
14
14
14
15
12
15
19
21
18
20
17
19
15
37
25
27
40
35
39
37
43
36
43
44
40
47
54
58
63
63
64
75
83
97
103
85
80
84
92
81
82
76
90
84
57
53
50
50
59
36
24
23
24
26
26
30
29
27
29
31
54
83
97
100
92
67
53
42
30
48
58
57
48
57
53
38
46
51
56
58
46
60
29
32
32
22
20
47
54
53
60
19
18
17
18
15
21
20
16
21
20
22
26
26
31
40
44
45
44
42
35
15
21
23
23
23
11
12
11
14
10
3
9
6
11
13
9
11
8
14
5
8
9
14
NA
18
18
27
15
24
19
21
17
16
12
12
8
7
10
9
7
13
5
7
7
10
6
3
8
17
16
12
13
19
20
22
37
38
16
11
12
8
13
9
5
11
10
13
11
15
18
16
15
13
14
8
13
18
19
16
16
12
16
14
10
10
13
10
12
14
12
13
5
3
5
13
18
9
12
15
20
15
21
22
20
20
17
19
18
15
17
18
18
19
15
15
18
14
8
14
6
15
11
20
15
15
19
12
12
12
13
12
14
14
13
12
8
14
8
7
NA
NA
11
NA
4
3
NA
21
6
7
10
16
16
14
12
9
12
10
10
10
10
13
10
9
5
7
3
3
11
6
8
9
6
11
15
17
17
18
12
11
10
11
11
13
13
12
9
12
19
17
8
3
22
15
10
18
17
20
26
29
29
29
16
10
12
19
16
15
12
17
15
12
19
18
16
17
18
34
35
31
30
29
33
17
19
24
24
24
24
22
22
18
18
21
15
22
21
19
23
25
26
27
26
23
24
28
34
34
28
28
26
24
27
24
30
27
25
25
20
17
17
19
17
21
24
21
18
20
20
17
11
12
5
9
12
13
10
8
14
12
6
8
9
7
13
12
6
7
6
11
15
14
10
16
19
11
10
10
10
10
9
9
10
8
15
14
11
7
15
NA
3
5
8
6
7
8
7
11
11
11
12
13
11
9
8
8
9
6
8
8
9
9
13
12
7
11
11
8
12
15
18
23
21
26
22
23
25
24
26
23
31
27
24
25
24
29
29
29
33
31
27
25
16
18
25
35
33
30
30
26
21
19
18
19
21
15
16
14
14
16
14
14
13
12
11
10
13
13
12
10
9
12
12
20
23
24
18
12
12
14
14
20
17
17
13
13
13
15
10
14
15
17
18
20
21
18
18
20
19
17
20
17
17
15
16
21
20
20
16
20
19
18
18
19
24
29
33
35
39
39
42
41
34
29
28
28
28
29
30
40
47
37
47
45
45
59
80
74
46
36
34
46
48
51
44
47
45
43
44
47
46
48
47
50
44
27
13
13
10
9
8
7
7
7
8
9
8
5
5
7
7
4
7
7
5
8
13
10
9
8
7
5
11
4
3
4
4
5
9
3
4
3
4
4
3
4
7
11
11
10
4
7
6
3
NA
NA
4
3
7
12
6
5
8
9
5
4
3
3
3
5
4
4
3
3
NA
5
5
5
7
8
12
3
8
8
10
10
19
26
16
10
16
15
10
9
16
10
11
11
13
18
12
15
10
12
16
10
14
16
14
16
21
23
27
28
23
24
20
19
18
19
19
21
24
27
30
32
52
73
87
116
115
90
76
79
77
80
90
88
88
85
82
82
83
81
85
87
90
96
101
97
94
96
104
104
88
89
99
112
115
113
113
103
106
109
107
112
111
106
106
105
101
116
119
113
114
119
119
123
116
138
155
150
152
160
145
127
129
133
121
121
115
126
129
134
127
123
137
135
134
155
151
157
167
161
172
184
187
180
178
161
176
162
150
144
144
145
111
90
57
52
75
62
60
50
22
16
NA
NA
17
9
25
20
13
23
19
12
12
9
14
7
10
7
9
8
6
12
3
4
5
NA
3
3
NA
4
26
18
15
13
17
16
16
19
16
16
16
19
25
29
23
33
51
73
112
134
150
145
136
132
142
146
144
138
130
129
114
97
95
93
87
84
82
83
87
96
92
101
109
121
116
109
106
98
93
95
104
93
82
84
87
95
105
109
125
161
190
201
204
204
192
189
195
181
165
154
65
57
58
40
31
30
38
40
34
28
20
18
12
16
13
11
12
12
17
17
9
8
13
18
17
28
33
38
44
41
37
45
35
38
34
42
43
45
45
50
51
51
48
104
131
145
154
169
NA
NA
NA
20
22
16
7
19
15
17
17
17
20
16
16
20
22
24
16
NA
5
5
9
4
9
8
13
16
7
9
22
6
8
13
9
6
9
10
11
16
12
15
17
20
29
38
37
43
44
45
48
50
58
54
47
49
48
48
51
54
52
57
63
66
59
49
44
31
21
15
21
17
NA
27
26
20
22
33
28
27
20
24
26
23
25
23
36
46
60
74
58
41
46
40
41
44
42
47
56
60
58
70
73
57
48
46
44
44
39
46
47
51
47
48
37
33
19
14
13
18
13
15
17
16
20
24
23
26
22
22
25
18
13
12
14
13
18
16
29
25
31
38
51
49
44
54
30
25
28
32
30
29
33
25
NA
3
4
5
9
3
4
NA
3
NA
NA
3
3
NA
5
NA
3
15
14
8
11
4
10
9
9
12
13
11
17
21
22
26
28
15
4
29
11
15
16
25
35
32
27
22
23
15
8
3
8
5
4
7
3
12
10
21
22
13
19
26
37
22
27
29
31
47
42
38
30
33
33
32
32
31
34
38
38
40
49
55
65
77
87
87
98
115
126
134
132
140
126
128
143
146
146
149
150
152
147
144
141
138
145
150
161
210
240
243
265
296
326
354
361
329
309
291
260
241
236
226
230
221
223
228
221
204
242
189
182
174
154
184
225
245
293
336
349
337
290
262
253
261
272
271
259
241
242
231
224
217
223
221
249
258
274
307
318
314
313
319
315
305
112
NA
20
15
NA
8
12
NA
5
8
NA
NA
NA
NA
NA
NA
14
14
NA
10
14
3
NA
29
16
3
18
3
22
22
9
22
10
14
15
7
20
12
37
3
5
NA
NA
3
3
4
9
17
3
3
3
3
4
3
3
3
3
3
10
6
3
14
4
3
7
NA
11
14
3
7
10
13
16
3
3
9
3
6
10
7
14
12
5
5
3
10
3
7
3
13
4
3
NA
8
10
8
3
3
4
13
8
18
6
22
NA
7
28
26
13
22
20
19
11
8
10
NA
3
18
26
31
38
25
24
22
19
18
12
11
14
15
5
20
16
20
23
17
19
3
29
21
3
25
22
27
24
22
16
21
20
26
28
25
24
29
37
39
38
53
38
33
27
32
74
79
98
104
100
122
86
69
70
67
62
65
62
65
70
75
76
93
95
89
96
65
67
84
69
70
75
76
96
95
91
85
89
86
88
88
89
91
88
91
96
100
103
93
112
121
152
181
220
245
262
270
280
270
228
226
231
237
237
246
240
235
234
233
230
237
246
255
269
272
263
250
233
255
281
267
282
280
249
247
233
228
208
165
55
51
14
3
25
3
13
15
13
15
14
12
27
27
31
35
49
47
48
49
55
43
50
41
37
51
NA
NA
39
41
47
42
23
41
51
52
47
67
69
70
94
93
88
83
78
71
68
68
66
67
67
65
68
78
82
88
93
80
57
53
61
57
70
70
66
60
65
62
52
44
41
43
45
44
45
46
48
39
45
40
41
46
29
30
41
37
34
36
38
51
66
73
91
91
86
77
56
32
29
20
11
10
16
19
26
19
5
6
28
20
14
17
21
26
30
35
39
61
39
42
44
27
27
29
29
30
23
35
18
40
37
60
57
65
55
58
74
79
73
72
72
64
56
55
54
54
47
47
49
49
62
61
31
13
43
49
17
32
54
72
62
71
75
73
104
86
78
61
51
45
41
41
37
42
72
66
39
75
78
76
85
79
50
61
86
67
61
46
46
63
68
64
62
56
48
53
40
30
35
40
45
36
48
48
53
59
37
9
3
3
3
17
16
12
39
15
20
12
3
3
4
3
3
17
3
3
3
11
10
19
17
17
31
30
21
9
6
3
3
3
5
7
8
8
4
4
3
8
7
3
8
9
5
3
3
3
5
7
3
6
4
3
3
7
4
4
3
3
3
3
3
3
3
3
8
6
7
5
5
6
8
7
6
6
6
3
10
10
5
10
9
8
6
22
21
19
15
11
10
3
7
14
10
21
47
67
46
35
31
29
25
24
26
24
18
19
14
19
22
16
13
6
4
7
15
18
25
31
44
50
55
44
43
41
40
36
NA
NA
NA
NA
NA
40
40
31
28
28
31
29
29
24
46
61
73
91
89
75
57
50
51
48
41
39
40
37
43
38
45
26
30
32
28
30
37
30
42
52
75
97
84
72
66
62
64
61
63
64
64
69
76
85
91
115
182
187
200
207
202
188
169
151
172
193
182
175
162
151
151
141
136
138
133
145
138
142
150
NA
162
175
193
201
215
223
225
238
271
264
250
232
228
226
260
265
238
232
215
198
175
174
117
70
40
33
30
24
18
23
20
23
17
18
18
17
14
16
13
15
17
18
13
11
16
14
12
25
20
22
25
27
16
26
16
12
23
16
11
12
12
10
12
10
7
8
9
6
10
6
14
13
14
8
11
9
10
12
12
17
23
26
18
20
20
24
25
29
27
36
38
42
45
50
52
55
51
39
44
32
34
37
43
58
69
98
127
126
116
116
131
147
125
120
98
108
98
103
82
89
94
111
120
120
135
145
154
158
160
148
101
106
111
103
104
100
103
95
89
92
81
103
116
103
105
108
129
130
133
128
122
108
122
141
134
128
130
132
125
117
111
118
120
120
123
123
125
115
76
57
53
50
55
51
63
73
65
76
78
85
83
81
81
78
79
80
83
93
91
101
115
132
135
141
132
132
148
145
151
169
158
161
155
147
140
141
143
134
138
158
180
204
205
209
210
208
219
233
227
223
212
198
185
190
199
217
208
193
201
203
194
186
182
174
172
172
173
172
188
187
216
199
259
264
239
220
241
377
422
408
389
376
377
380
367
330
275
220
193
157
137
126
143
162
151
135
100
151
190
208
205
236
269
199
154
144
94
86
85
92
75
70
66
65
64
65
69
79
60
47
74
72
83
75
84
71
78
88
95
100
102
101
90
87
79
75
70
65
68
70
37
31
31
18
19
5
3
43
107
103
83
87
83
68
65
69
75
76
69
55
49
49
60
54
60
60
48
53
52
64
83
85
95
81
94
110
95
86
91
96
95
93
89
84
96
91
80
81
95
101
103
78
52
48
51
98
144
125
116
98
92
87
80
74
60
60
67
NA
NA
56
60
63
71
66
67
77
77
72
73
72
82
78
81
82
100
76
84
68
64
52
45
40
27
31
30
44
49
53
57
49
56
42
39
38
41
46
52
47
59
NA
109
109
104
97
108
107
74
17
3
10
23
20
25
28
35
33
37
51
55
49
36
49
67
44
22
27
26
23
21
20
23
28
29
26
31
32
23
20
22
15
15
26
21
NA
NA
12
8
14
8
8
16
8
6
10
13
13
11
15
19
7
13
15
6
15
19
22
24
33
32
45
63
46
44
NA
62
48
43
40
35
34
38
48
52
49
44
52
45
44
15
6
15
13
9
6
3
4
8
6
7
7
7
8
3
8
11
22
23
15
18
18
12
26
20
17
20
30
38
54
62
83
112
65
64
41
57
NA
39
26
30
35
55
133
161
155
186
184
208
232
251
325
274
237
240
239
252
223
233
251
247
222
200
140
107
103
94
94
97
197
284
280
237
198
183
185
203
210
218
206
192
179
203
191
198
196
202
189
179
185
199
226
211
186
172
157
142
143
137
193
207
166
143
114
92
78
69
70
61
53
38
31
38
36
33
59
50
44
51
111
164
235
274
316
311
345
391
381
402
388
371
372
365
365
369
363
374
376
382
380
397
456
512
509
534
545
559
551
498
480
525
529
503
445
376
NA
NA
NA
23
10
13
10
4
10
21
NA
6
5
3
6
7
5
8
7
7
6
7
8
7
8
5
8
7
6
7
5
5
11
21
22
19
14
7
7
6
7
6
11
11
13
13
14
12
13
6
7
9
22
20
32
44
26
26
19
7
15
7
8
8
22
30
49
48
31
19
51
55
41
33
35
30
25
22
30
40
44
29
17
11
6
6
8
16
35
78
49
39
56
90
62
47
49
42
47
44
36
38
34
43
39
56
52
57
67
80
89
86
125
137
138
135
138
135
151
175
165
169
154
147
136
118
118
123
125
124
138
146
145
142
158
161
177
200
179
179
174
204
277
255
225
219
199
191
184
182
172
201
217
253
275
239
214
195
196
209
253
251
250
262
264
251
223
199
209
216
220
230
259
254
251
230
206
223
233
234
240
230
218
225
234
287
278
253
253
258
250
228
217
208
186
181
162
153
156
162
173
159
73
NA
16
6
8
6
10
14
17
14
23
34
34
24
17
27
19
20
19
14
21
32
16
14
21
13
16
15
14
27
41
87
67
57
51
68
69
88
65
53
59
52
41
34
31
46
53
38
43
50
51
48
48
53
71
124
98
103
102
90
91
93
89
86
77
65
58
61
55
73
63
50
60
73
109
132
143
148
185
210
211
198
188
231
223
242
247
311
292
257
279
259
247
272
262
291
269
255
278
276
278
136
10
13
14
5
6
9
5
6
8
14
9
3
4
8
9
14
7
16
3
3
7
8
3
7
5
8
9
7
3
6
6
9
5
3
6
3
3
NA
NA
NA
7
3
9
4
14
6
6
9
8
3
8
9
9
13
15
16
15
15
13
12
9
13
28
27
24
26
24
16
20
39
56
55
63
86
130
123
119
111
105
59
53
53
46
43
35
43
38
43
60
43
27
10
8
12
14
17
41
77
65
50
55
57
67
67
59
61
55
59
54
49
61
64
69
57
70
61
78
91
96
115
121
178
154
146
134
119
122
137
137
125
126
129
126
126
131
140
140
156
145
159
161
164
165
165
210
226
200
201
192
194
192
178
176
167
151
141
140
136
150
148
135
113
119
113
116
103
101
103
116
174
163
170
188
179
165
166
143
136
125
121
115
110
107
114
112
119
107
105
105
134
165
168
188
325
514
484
442
468
468
445
406
370
325
292
278
274
264
235
211
211
156
149
94
75
65
71
109
150
146
135
125
117
84
73
48
34
36
37
35
38
47
56
47
53
122
152
339
437
321
302
352
376
384
334
265
270
308
362
330
305
301
311
299
302
348
354
360
NA
NA
348
494
517
529
525
537
538
528
504
461
406
385
329
312
290
272
255
230
239
240
234
299
328
328
289
271
212
203
176
166
203
242
230
212
106
60
33
18
9
9
8
8
8
11
11
18
22
19
17
27
30
47
53
63
66
94
76
89
93
87
81
79
72
71
65
63
52
54
47
45
42
35
30
24
18
21
47
76
100
109
113
99
115
148
117
99
92
93
91
97
98
109
122
135
120
117
153
171
195
223
230
232
243
275
303
299
287
271
289
307
329
330
309
307
281
266
263
175
112
32
25
12
15
10
20
25
36
34
44
33
28
19
21
18
22
21
20
17
16
17
30
26
26
21
NA
NA
NA
NA
51
81
128
124
96
91
85
85
79
72
74
75
81
79
83
87
98
96
94
99
109
142
149
181
209
209
251
269
236
206
207
204
204
198
196
188
180
175
161
159
166
155
147
196
174
234
263
281
290
302
294
297
269
226
220
246
226
246
246
246
263
261
269
256
256
255
226
183
128
146
190
216
234
230
269
275
245
256
227
220
203
192
163
106
61
24
5
44
23
13
12
9
6
3
10
8
7
10
50
30
3
6
7
6
8
5
9
12
11
23
17
22
16
23
18
13
15
20
13
10
20
17
26
38
62
70
66
40
34
23
24
16
19
23
NA
38
48
43
36
13
14
19
9
3
3
13
7
17
9
12
9
6
6
9
9
21
18
18
26
31
36
30
19
19
11
14
15
15
18
32
25
6
7
4
8
28
37
20
18
14
13
12
13
15
26
24
13
12
12
10
9
11
10
16
67
63
63
68
66
50
54
44
40
43
33
22
23
23
27
26
12
13
11
14
24
35
36
46
51
68
84
94
69
80
41
48
33
38
25
19
20
17
21
21
18
16
15
17
22
14
22
33
58
85
30
15
10
10
12
12
20
18
9
13
12
13
14
15
9
10
8
5
8
6
7
11
19
28
8
6
14
16
17
34
44
21
19
NA
13
28
24
20
14
14
8
10
17
19
14
26
30
8
6
8
12
31
36
44
27
33
30
18
24
24
27
12
12
23
14
18
16
13
15
23
18
33
48
66
61
60
27
34
34
14
15
19
29
33
42
54
44
49
52
56
16
4
11
14
28
67
44
47
42
49
45
57
63
58
46
33
32
37
44
53
33
28
30
33
44
52
70
76
162
136
115
200
256
187
178
177
160
153
153
152
141
134
108
113
116
103
96
101
103
108
115
119
136
138
143
139
133
140
151
157
132
99
104
78
21
15
23
27
28
20
16
28
22
18
17
27
30
36
45
66
49
47
17
3
3
6
5
6
3
4
4
7
11
NA
3
3
5
8
7
9
14
12
15
17
18
13
11
11
13
11
12
13
9
19
26
23
25
21
19
24
37
40
39
38
41
45
85
77
77
73
76
72
56
38
31
23
20
22
21
31
34
37
46
59
78
107
111
130
144
153
167
154
138
132
137
134
132
126
125
123
156
137
132
146
149
143
126
110
108
109
106
124
145
154
174
179
164
167
157
125
10
3
4
3
5
3
4
5
3
8
5
3
4
4
9
8
7
5
NA
NA
8
12
9
8
7
6
6
3
7
5
4
6
4
7
7
5
5
5
3
7
4
8
4
3
4
6
7
8
4
7
10
11
3
NA
20
27
13
11
9
8
6
6
11
12
12
13
9
34
79
53
23
14
14
15
15
12
15
24
42
51
46
33
29
21
18
20
NA
25
30
24
26
25
20
18
18
15
16
14
17
11
11
16
20
28
30
18
17
24
24
14
15
15
22
33
39
41
61
71
63
70
63
50
41
37
31
31
42
40
31
30
28
38
40
47
56
75
125
118
113
97
99
99
107
106
116
121
120
123
123
120
111
108
101
88
79
68
73
68
57
68
111
103
99
95
105
163
139
139
130
128
124
105
88
114
123
76
32
44
86
93
95
76
63
58
59
67
100
92
87
81
79
92
95
89
91
90
85
69
50
30
18
10
11
16
16
16
17
17
28
68
45
34
27
20
11
14
9
14
22
17
27
25
33
21
25
15
10
13
11
19
22
22
33
36
14
33
50
44
28
29
32
25
14
15
12
21
32
19
26
7
7
6
11
7
5
7
10
9
6
9
23
42
44
27
NA
14
20
22
23
17
20
16
5
6
13
12
13
15
15
17
46
72
53
56
48
47
36
45
37
29
15
16
16
25
25
23
32
22
23
24
22
26
23
24
42
50
55
50
49
31
15
17
9
10
7
9
14
16
13
15
16
14
9
11
4
8
8
13
55
50
27
8
10
5
8
3
6
3
5
7
7
8
20
29
5
6
5
4
3
8
4
7
8
4
4
5
3
6
14
15
12
12
10
10
9
16
28
28
25
24
16
11
14
9
11
13
18
43
47
46
59
54
52
45
41
35
35
21
22
21
28
35
36
20
28
25
15
8
17
14
37
29
17
20
78
309
683
344
544
190
203
112
102
94
86
13
9
4
9
5
3
3
8
5
7
18
49
34
56
31
30
13
12
8
9
9
13
16
18
19
25
9
19
29
36
49
54
55
76
112
82
87
93
89
85
80
77
72
65
62
59
60
63
56
60
53
45
48
52
58
67
78
111
110
96
94
100
109
140
130
134
137
139
139
130
119
136
143
136
146
153
170
167
167
162
165
194
204
243
224
186
158
145
129
131
148
127
113
102
127
154
160
143
139
118
119
117
121
139
145
167
186
158
116
47
25
NA
9
5
9
8
4
4
3
8
6
14
7
5
8
3
3
6
4
3
12
4
3
6
10
3
8
3
3
3
6
9
8
17
3
9
9
3
3
3
3
8
3
7
3
10
3
3
3
3
3
7
9
11
12
6
9
9
5
7
4
3
11
8
3
6
4
5
10
3
6
3
3
7
4
9
9
10
13
15
26
29
24
28
4
5
5
8
3
3
3
3
3
3
7
7
22
12
15
19
19
16
19
21
24
22
37
47
32
25
NA
NA
31
53
58
67
70
113
105
98
74
53
42
24
14
3
6
5
7
3
7
8
12
3
8
13
4
9
6
17
22
23
31
25
29
23
14
14
14
15
13
19
25
28
28
21
11
12
14
3
6
7
8
11
14
14
13
14
16
17
12
14
15
NA
16
16
10
NA
NA
17
23
34
23
16
31
31
44
24
27
59
54
55
15
NA
27
18
24
12
NA
8
3
NA
27
37
69
104
115
136
136
130
123
124
112
108
135
124
131
135
122
119
115
116
116
118
120
70
141
151
144
84
7
3
6
11
13
22
28
42
38
47
13
15
19
9
17
11
15
NA
3
NA
13
13
14
27
3
12
19
27
25
10
9
4
17
3
16
16
16
NA
3
9
14
3
3
NA
NA
22
58
48
38
23
17
15
21
28
19
6
8
11
15
22
28
20
20
17
NA
NA
NA
NA
NA
18
25
39
40
41
62
44
53
66
57
46
15
13
15
18
16
13
12
27
20
19
NA
NA
25
NA
NA
NA
NA
NA
11
40
46
69
83
61
43
66
46
51
56
37
15
17
10
15
14
19
14
9
8
8
10
11
11
12
15
20
25
24
48
64
47
45
43
52
55
51
54
59
64
70
73
51
14
10
8
8
3
9
7
7
5
4
8
9
15
13
16
14
11
9
9
11
12
12
13
11
12
10
13
19
24
26
32
45
60
88
85
88
81
85
90
79
75
75
75
74
78
82
95
97
89
93
102
112
114
115
118
134
159
177
160
138
136
127
131
130
126
127
131
135
150
148
152
160
157
140
105
61
49
52
83
135
148
156
159
148
143
137
128
138
143
143
147
156
161
170
199
248
252
263
271
287
304
315
324
354
391
375
334
330
341
336
330
344
321
324
324
331
334
354
356
364
333
328
335
354
380
413
420
449
437
406
408
159
54
70
58
54
54
49
44
38
39
38
35
34
36
34
35
25
26
22
24
25
30
37
37
39
42
38
37
29
24
23
25
21
27
31
28
34
29
26
36
46
62
82
87
108
138
133
142
109
105
83
78
98
99
82
56
10
18
10
3
9
8
4
5
4
5
10
3
6
7
6
5
8
8
8
7
9
11
10
10
11
10
11
11
9
7
7
7
7
9
10
10
5
10
7
6
4
6
6
6
5
8
3
6
9
17
24
16
10
5
5
11
8
9
6
6
9
10
3
6
5
4
9
9
8
4
4
4
5
8
NA
7
6
3
12
6
7
8
10
8
6
8
5
6
7
7
6
8
11
10
10
13
11
17
20
20
10
9
10
13
12
13
16
15
24
44
58
53
49
42
41
39
44
46
45
48
49
66
75
78
91
100
103
103
99
101
102
111
116
148
135
125
145
136
132
129
115
116
101
61
52
8
5
6
8
3
8
8
8
5
8
13
28
49
58
63
72
75
79
75
62
54
50
50
53
60
57
64
74
64
64
54
48
NA
50
45
51
55
84
88
80
84
72
66
62
64
67
68
67
90
95
120
NA
136
NA
NA
143
150
154
159
165
195
195
NA
182
178
174
NA
178
175
170
169
169
178
NA
202
203
207
208
229
253
274
280
287
304
323
346
331
319
309
289
274
267
267
263
261
261
255
269
277
267
245
257
268
265
268
271
281
293
355
335
302
309
309
303
305
307
304
301
302
310
308
302
279
163
94
51
37
33
23
17
18
20
19
25
9
9
13
81
31
21
17
13
12
14
26
65
92
78
66
66
55
65
56
45
39
51
75
79
88
79
68
80
72
69
69
66
77
69
72
77
87
127
72
54
30
20
25
31
37
38
64
70
86
76
65
59
57
60
66
67
66
66
81
89
85
94
111
136
123
121
128
102
115
121
139
156
167
150
130
135
124
122
128
118
119
122
128
124
93
34
23
17
40
81
70
74
82
64
65
81
47
13
10
9
9
4
6
7
4
9
5
7
6
3
9
13
3
5
8
5
NA
10
8
6
4
8
7
6
3
9
4
4
6
8
17
24
10
7
3
4
3
4
3
7
8
11
17
28
7
4
10
3
3
5
9
10
5
9
19
15
12
12
7
8
10
9
8
7
9
15
28
31
20
11
11
11
12
7
6
6
8
12
12
13
6
5
5
8
8
6
20
8
11
16
15
3
6
6
5
5
4
NA
11
18
17
16
25
19
25
24
22
11
9
7
9
10
8
16
23
29
51
49
30
21
24
20
21
22
24
30
31
57
61
77
91
101
100
99
108
111
107
117
75
25
15
7
8
9
3
11
3
5
7
11
13
10
11
11
17
15
8
11
11
12
4
19
18
30
12
7
8
8
5
7
9
7
10
7
13
16
17
13
6
9
16
24
30
28
38
43
46
43
54
58
64
57
53
55
56
59
74
76
204
98
108
196
155
198
215
219
209
191
177
187
211
229
274
161
70
85
86
88
74
70
70
69
80
186
77
18
14
NA
NA
14
10
10
9
12
5
5
7
3
3
5
3
7
9
4
3
6
10
3
7
3
9
8
6
6
3
3
9
13
6
7
7
4
6
16
15
13
18
12
7
12
16
23
20
8
9
3
18
16
79
NA
NA
NA
NA
NA
NA
NA
NA
NA
NA
NA
NA
NA
NA
NA
NA
NA
NA
NA
NA
NA
66
66
72
68
66
168
170
84
116
91
81
77
77
76
76
70
74
82
87
172
176
86
121
133
154
229
182
119
96
73
54
47
38
37
39
39
36
38
44
36
39
40
60
94
69
66
101
138
NA
NA
NA
192
204
208
225
229
235
229
217
208
207
201
204
206
212
184
185
129
12
7
6
3
8
9
7
5
8
5
9
8
3
7
9
4
3
7
8
7
6
11
12
8
3
6
3
5
5
15
13
15
23
24
35
37
47
40
25
27
24
19
22
22
17
29
43
45
47
56
51
116
103
87
76
64
50
44
43
38
38
40
34
33
31
31
37
38
64
37
44
48
50
52
88
52
59
60
59
69
61
65
58
46
40
33
30
20
23
23
20
21
23
31
32
30
27
25
29
30
35
41
43
45
47
48
43
44
42
103
40
41
45
47
50
52
47
53
55
51
54
52
65
66
67
70
62
40
50
52
61
65
61
65
63
67
82
86
79
95
108
144
192
248
266
281
283
269
257
217
125
23
12
9
13
18
17
19
23
46
58
51
43
26
18
9
11
9
10
13
51
30
23
24
31
42
35
41
45
32
27
20
18
19
26
21
18
18
19
23
22
32
35
39
41
43
52
59
72
70
77
75
66
71
91
30
21
22
17
18
14
18
19
21
24
42
61
58
44
35
27
25
31
26
19
15
11
12
11
12
14
14
18
29
15
11
10
10
11
9
16
31
28
24
23
27
19
NA
13
9
13
18
15
10
7
8
7
5
3
9
7
9
9
12
10
10
11
7
8
6
6
8
9
11
16
19
24
30
45
36
31
44
52
48
48
51
51
51
58
74
74
77
70
66
60
59
63
68
59
52
54
48
49
NA
44
44
43
41
46
43
44
45
47
48
46
41
33
27
28
25
25
28
46
56
71
70
65
52
52
51
60
62
74
73
102
158
199
180
164
NA
128
81
61
56
41
38
22
25
39
48
46
52
48
69
84
91
82
68
61
42
32
25
30
29
26
13
14
29
10
12
8
11
16
13
14
15
12
13
10
14
13
16
21
15
7
15
19
9
14
14
14
18
28
31
34
35
38
47
44
41
34
29
33
28
29
32
32
33
55
56
63
78
79
85
91
105
117
119
123
125
125
109
108
101
77
58
64
65
71
72
71
69
71
84
98
113
107
66
57
60
75
74
76
90
81
76
68
68
67
65
68
66
69
67
66
61
59
59
62
70
78
75
76
64
54
54
61
65
72
69
72
69
58
56
56
57
55
62
69
66
53
47
NA
70
63
76
81
90
94
95
98
114
112
112
101
94
84
75
72
66
65
65
65
60
53
46
61
77
59
77
105
75
67
52
38
39
34
31
27
29
31
29
26
33
28
32
34
42
66
85
101
125
148
162
175
158
196
175
166
165
167
170
162
150
143
143
136
129
134
129
128
114
109
83
84
94
107
113
74
65
73
86
85
100
114
127
127
NA
136
135
139
140
142
153
170
171
177
169
172
179
184
188
175
172
174
184
191
186
177
168
120
59
43
35
27
20
20
32
61
103
64
54
38
40
37
37
39
42
41
51
39
34
39
29
19
17
27
26
21
19
18
9
3
19
41
3
11
15
44
58
25
88
NA
14
21
22
NA
44
44
30
16
22
22
17
14
16
25
46
65
64
75
67
59
60
57
72
49
62
61
48
45
41
36
32
31
25
22
23
21
19
31
38
68
67
65
43
57
54
60
58
57
53
56
52
71
165
281
345
265
146
62
45
29
31
27
32
42
42
33
34
32
29
36
20
21
20
25
14
10
12
25
19
26
15
27
19
18
19
31
33
27
36
32
30
35
29
27
39
33
35
31
38
37
37
31
38
41
31
25
26
26
34
44
91
94
87
99
102
81
61
46
56
NA
NA
53
48
44
40
51
39
28
27
25
27
28
35
58
57
71
73
66
34
16
15
21
23
24
25
22
30
26
26
23
23
22
21
20
18
17
17
21
27
39
37
39
33
34
47
51
68
91
56
53
65
70
70
59
57
NA
67
68
82
83
102
118
143
203
194
NA
NA
136
130
127
129
120
113
127
128
120
128
124
122
122
68
19
3
3
3
8
3
13
14
11
11
14
5
3
5
7
10
16
19
15
13
12
12
19
11
16
10
8
11
15
13
16
22
26
42
23
33
37
38
37
27
24
27
30
34
39
39
40
45
36
27
21
24
27
32
31
36
37
32
31
36
40
46
49
55
54
58
65
70
76
80
81
77
47
46
47
38
45
26
21
17
4
3
4
6
5
9
4
7
13
18
14
10
10
7
5
6
12
11
9
13
10
14
12
13
18
17
14
9
13
10
10
15
13
30
37
32
24
17
14
16
14
16
17
23
33
36
44
57
61
60
84
104
75
57
44
39
48
58
61
60
60
61
60
55
51
47
46
46
58
65
69
75
84
63
50
48
39
47
55
53
52
51
65
85
94
101
104
90
76
71
80
95
99
101
103
111
107
102
79
70
65
60
56
57
77
84
82
90
99
97
91
81
85
89
96
94
98
93
82
85
85
87
79
72
68
51
38
33
31
32
41
NA
51
53
51
46
49
53
55
58
60
58
49
49
51
57
48
53
49
43
44
34
30
37
39
34
32
31
32
26
25
34
27
31
37
42
35
28
30
34
29
32
39
36
37
47
46
51
48
45
41
70
73
69
64
58
56
53
65
65
58
63
65
72
70
69
75
81
83
86
65
8
7
5
3
6
4
4
4
6
8
12
18
24
26
26
17
18
14
12
16
11
9
11
25
14
10
5
13
7
3
6
8
5
8
9
10
11
7
14
12
5
13
13
13
15
14
15
14
7
8
13
10
12
11
16
12
16
16
18
23
24
20
18
10
8
13
13
8
12
18
11
15
18
18
21
15
14
11
9
9
9
12
12
27
44
63
67
78
84
34
32
37
48
47
47
48
64
76
70
56
55
56
52
54
59
56
59
52
49
53
57
59
60
44
47
43
43
38
39
37
33
37
46
49
49
44
41
40
41
24
25
16
17
15
13
15
19
15
10
14
7
17
22
22
39
48
39
34
34
31
27
29
31
36
35
46
62
72
64
63
60
61
76
94
100
106
104
104
119
110
106
104
97
102
97
92
84
90
73
66
63
57
55
55
45
38
34
32
34
39
38
37
38
44
39
26
26
29
25
24
24
28
29
35
27
28
32
31
41
32
36
28
25
28
35
40
41
38
37
36
48
42
39
37
32
40
44
43
46
NA
55
54
NA
67
53
56
55
55
49
48
48
49
69
46
44
48
46
41
39
38
47
49
53
55
58
72
64
73
86
67
57
58
63
68
67
74
77
83
84
85
74
74
75
80
89
88
95
102
119
134
105
94
103
82
85
80
91
102
110
106
106
101
99
89
73
78
77
80
78
58
54
57
65
76
82
79
78
70
72
71
65
47
48
44
31
26
27
30
32
33
41
43
45
60
55
52
56
67
77
83
90
88
105
107
110
78
21
30
26
34
36
31
31
36
35
32
33
33
33
30
31
43
50
43
43
37
44
45
48
53
64
71
71
80
59
66
109
84
88
131
111
117
118
93
80
58
62
71
65
63
77
73
80
86
80
79
88
138
144
115
111
117
115
114
120
146
141
145
151
157
125
67
53
49
53
52
50
59
52
47
45
42
56
50
44
41
40
40
43
35
35
55
70
78
90
106
120
127
107
28
4
3
4
6
5
7
3
5
4
4
5
11
7
10
9
6
7
3
7
3
7
9
11
5
5
12
16
19
17
27
57
66
69
59
57
43
41
62
67
67
70
69
75
79
78
72
51
163
58
40
58
73
53
38
32
24
25
28
32
40
39
30
26
25
21
24
29
29
33
31
33
38
39
35
38
37
36
36
38
37
37
35
31
33
26
24
26
25
16
14
11
18
17
18
14
15
16
13
13
13
15
9
8
7
8
11
19
14
16
9
15
9
9
10
11
14
10
16
12
15
16
15
14
8
9
12
14
13
17
17
14
16
20
15
17
18
16
23
16
9
7
10
10
14
20
27
18
10
13
11
14
19
13
16
19
18
19
18
21
14
17
15
17
16
11
13
17
16
16
24
18
17
22
21
19
20
19
15
16
17
19
24
23
28
27
27
24
28
27
39
39
39
42
44
48
50
49
52
50
49
51
51
52
56
58
55
48
39
47
44
40
35
27
28
25
28
26
27
31
44
47
102
163
113
83
97
76
78
92
121
89
87
85
80
82
76
73
70
59
22
29
25
33
28
30
42
45
44
43
42
41
46
46
57
70
102
95
86
90
83
91
72
88
90
92
70
33
31
29
25
26
33
24
26
27
35
30
29
28
23
31
50
67
75
76
69
64
63
70
77
75
73
82
102
106
102
100
108
93
104
94
68
42
36
20
22
99
96
116
95
88
71
54
55
27
9
7
18
15
20
14
10
9
6
11
9
4
8
12
NA
3
7
6
5
7
5
7
8
9
7
5
6
6
3
8
10
6
7
7
9
10
9
10
14
14
17
16
21
21
24
31
40
35
31
31
27
32
27
29
30
32
31
33
39
33
32
38
34
39
48
70
73
29
37
41
45
50
47
51
55
58
58
60
60
62
63
57
55
50
38
39
54
59
55
60
62
61
69
68
67
64
50
51
51
43
36
34
50
52
47
46
47
33
30
27
33
44
41
39
39
42
39
48
53
59
59
61
67
69
72
76
77
77
86
82
88
102
100
99
83
79
80
106
91
109
112
99
79
31
15
23
18
19
22
23
18
29
21
15
31
30
24
31
32
30
36
32
33
34
29
29
24
25
26
25
9
10
10
8
6
7
6
10
11
6
5
6
4
7
10
6
5
8
9
7
10
17
65
53
38
28
29
29
27
26
32
42
54
48
52
55
44
43
35
43
45
32
23
22
23
40
39
30
26
28
32
39
37
31
40
46
60
65
68
71
73
68
60
68
47
41
21
38
52
63
64
74
122
147
169
199
202
203
182
165
156
142
136
127
124
105
105
97
103
73
88
99
89
66
47
40
58
96
109
120
122
125
100
93
114
120
97
62
70
66
58
57
63
66
66
77
73
76
86
94
93
89
88
91
92
98
99
103
109
111
104
101
95
78
69
76
75
61
45
48
55
62
69
76
82
102
109
92
89
81
85
89
102
114
115
119
120
119
114
130
123
123
113
118
117
112
100
87
84
70
61
44
49
62
66
68
58
54
54
57
69
86
97
115
117
113
118
106
91
107
85
67
40
36
35
42
44
47
49
47
53
60
61
75
83
83
74
72
93
82
75
79
88
83
103
116
135
135
128
125
125
128
131
132
132
135
143
125
123
114
118
66
43
40
52
54
54
51
55
56
53
56
68
75
88
101
113
115
118
118
123
132
137
89
79
76
74
69
75
62
55
67
79
80
76
79
77
71
76
78
85
80
85
72
11
7
10
6
3
4
4
5
6
12
12
16
13
9
11
13
8
7
6
7
5
7
9
7
11
9
15
14
10
11
13
15
15
NA
26
30
30
29
32
28
37
32
35
30
30
32
37
33
32
34
32
22
25
20
25
30
33
28
35
41
44
46
49
49
50
48
46
39
40
37
28
32
26
31
36
31
25
21
19
20
17
22
19
22
25
19
19
18
17
20
20
19
20
20
24
19
18
18
22
19
19
21
15
24
25
25
25
29
35
37
42
41
40
43
45
47
48
50
53
47
41
44
60
62
54
51
43
43
52
76
118
127
132
131
143
140
137
135
123
112
109
112
116
111
79
69
82
87
92
89
87
93
91
88
86
84
88
85
88
68
67
67
68
67
68
63
59
59
67
73
65
65
81
73
71
89
94
94
83
79
77
67
67
62
61
59
58
55
59
59
60
34
26
17
10
7
10
5
3
3
3
3
3
3
3
3
3
3
7
5
7
7
4
8
7
11
8
11
5
10
5
8
20
23
33
31
26
27
20
25
27
28
25
24
27
31
NA
47
39
50
61
73
68
61
56
63
73
82
79
78
77
76
77
78
81
93
98
100
95
88
74
76
87
98
108
114
120
94
93
112
178
133
83
80
74
50
23
14
17
15
23
23
29
25
19
22
30
39
31
36
38
69
77
78
64
74
103
122
NA
NA
NA
NA
NA
NA
34
37
42
34
36
32
36
NA
22
25
29
27
30
NA
32
28
37
36
29
23
11
7
6
7
4
6
NA
11
10
10
9
10
13
17
18
16
12
19
15
18
20
14
20
26
25
26
21
25
25
24
21
28
26
30
29
28
30
29
31
34
36
40
36
67
85
74
26
24
23
18
10
18
20
17
13
13
14
16
20
28
15
18
28
19
20
25
48
80
77
74
71
79
79
NA
67
73
76
75
80
78
87
87
98
110
81
64
86
91
110
130
133
122
144
143
156
158
162
180
174
159
134
NA
127
120
128
130
143
152
NA
145
150
162
164
181
126
23
19
28
28
26
19
19
40
37
33
40
38
42
25
14
8
26
20
43
42
21
13
19
17
21
25
31
30
26
30
28
30
35
30
36
43
40
41
36
44
35
33
35
38
43
49
59
47
44
50
52
55
52
52
51
51
57
49
44
45
48
35
28
26
NA
18
15
17
16
16
18
19
21
21
29
35
37
37
30
26
26
30
36
36
36
45
46
45
29
26
31
28
26
28
26
28
28
30
40
42
39
39
37
NA
49
92
68
61
57
69
68
NA
90
125
131
146
136
118
121
108
101
98
105
113
131
148
127
84
63
59
62
60
67
70
58
57
56
65
56
45
48
48
39
55
49
50
59
75
87
95
108
111
116
110
101
97
103
102
97
108
104
120
120
109
125
119
105
96
81
78
75
81
89
85
92
94
37
50
32
19
17
18
17
9
9
10
10
13
11
13
14
14
19
14
20
19
26
23
25
24
24
18
26
31
23
15
11
18
17
15
12
15
17
14
20
13
16
18
21
26
28
32
31
41
50
50
44
30
31
32
31
29
30
27
27
20
25
33
31
47
49
54
64
70
69
84
94
102
113
125
126
125
124
131
144
153
141
131
120
104
75
62
54
65
69
75
76
81
86
90
96
95
91
88
89
81
84
86
85
90
95
101
117
116
113
125
95
68
71
73
85
83
87
87
89
92
91
98
94
95
94
99
102
103
105
81
35
11
12
17
12
17
15
23
21
29
24
19
19
14
16
15
16
16
15
17
14
18
18
17
17
24
14
16
9
11
14
15
17
16
19
14
11
8
13
8
19
12
11
11
14
13
9
17
15
16
15
11
12
10
15
18
18
25
17
14
12
18
25
30
25
25
35
30
14
14
14
16
9
15
10
7
12
9
9
14
16
17
20
19
16
15
22
15
11
12
14
14
16
20
19
17
12
19
10
18
14
24
33
27
36
44
44
42
42
56
60
50
40
39
37
40
41
39
44
45
49
50
46
51
41
47
53
56
63
57
57
63
66
58
66
69
69
70
76
74
68
65
60
59
52
52
52
56
62
60
58
49
40
33
37
42
37
23
24
22
21
12
15
11
11
7
7
13
11
15
8
8
7
11
14
23
14
22
35
45
57
65
71
66
65
72
38
26
24
27
24
24
27
20
23
23
24
18
24
19
25
38
33
34
31
32
31
34
30
33
28
34
33
31
34
31
31
28
32
31
38
51
68
67
62
62
60
64
76
90
99
114
116
97
94
91
94
94
104
84
65
53
68
54
40
40
40
32
38
54
49
44
49
44
49
87
95
80
78
75
82
94
94
84
76
74
73
65
57
59
53
44
51
60
65
69
64
61
54
56
60
57
59
57
57
67
66
66
68
51
53
52
48
52
61
78
80
85
93
100
103
96
91
90
99
48
7
3
5
7
10
8
12
6
12
6
7
3
5
3
10
7
5
8
NA
8
3
4
9
10
11
4
7
8
9
7
3
3
10
14
5
3
9
9
19
9
12
12
7
12
14
15
10
11
11
11
11
15
12
12
16
11
3
NA
20
3
11
18
13
15
22
14
15
10
15
4
13
10
8
9
5
9
15
4
11
3
9
3
6
13
23
6
9
19
13
8
9
13
13
13
8
12
7
10
10
15
5
12
10
14
NA
6
14
12
10
15
16
14
20
24
19
22
18
14
17
16
18
20
16
19
15
20
14
15
24
22
20
24
20
19
22
22
23
26
28
21
19
20
17
15
14
20
22
24
24
23
15
17
9
NA
NA
3
4
12
3
3
5
3
3
3
6
3
3
9
4
4
6
3
9
6
6
6
5
10
3
5
7
5
15
5
7
9
9
7
6
3
5
8
7
3
4
12
6
9
4
10
9
6
10
3
4
7
6
13
7
8
8
6
9
3
4
6
5
5
7
9
14
12
11
9
11
7
13
6
19
18
23
28
30
35
34
52
75
73
84
67
91
81
71
76
92
105
121
124
114
108
106
91
72
69
90
107
50
29
25
23
20
26
25
25
26
29
36
36
33
27
28
31
23
NA
NA
8
10
10
16
21
20
16
12
14
10
11
13
10
11
10
13
12
14
12
11
11
11
10
11
14
14
NA
NA
NA
NA
NA
NA
NA
NA
NA
NA
NA
NA
NA
NA
NA
50
52
60
56
40
38
37
37
NA
NA
41
35
30
33
25
28
24
23
23
25
18
17
18
22
18
16
16
19
21
13
6
12
7
9
14
19
17
15
17
14
11
16
13
11
12
16
14
16
16
15
10
7
5
4
6
10
6
15
18
17
13
16
16
13
12
7
10
10
3
6
6
4
8
8
10
5
4
5
8
8
11
11
23
28
39
37
35
21
23
32
27
25
22
25
28
27
23
20
20
15
14
13
16
18
16
21
22
26
18
17
14
17
18
18
19
17
18
19
23
21
23
20
24
16
17
17
17
17
21
29
26
35
34
32
25
22
18
21
19
16
22
22
23
37
36
65
91
102
116
105
111
128
137
122
108
104
104
121
118
112
112
111
104
109
109
111
108
112
118
130
137
141
139
139
139
142
157
140
138
104
40
56
41
52
99
105
102
97
97
89
87
83
81
69
70
49
37
36
35
32
41
38
63
67
53
48
54
55
63
65
67
74
74
77
87
101
132
134
161
131
152
149
146
164
198
183
22
16
24
23
27
21
19
19
22
26
31
34
37
26
25
22
20
18
25
24
22
22
21
21
26
29
23
22
20
21
19
19
19
16
22
17
18
16
20
23
16
12
12
12
NA
NA
NA
NA
NA
NA
NA
NA
NA
NA
NA
NA
NA
NA
NA
NA
NA
NA
NA
NA
5
9
7
8
8
3
3
6
9
11
7
8
12
14
11
10
6
10
9
9
9
13
10
8
6
8
11
10
5
11
12
12
17
32
25
23
20
20
20
18
20
17
21
20
22
29
35
31
34
21
28
40
52
56
63
66
72
79
81
82
84
88
83
80
79
75
72
69
66
65
68
65
66
84
98
90
81
81
81
79
85
87
92
93
96
111
113
108
116
135
125
NA
NA
121
144
149
147
122
106
90
93
105
105
116
144
167
167
156
165
122
22
25
8
18
18
13
17
22
23
24
35
44
92
114
117
123
123
141
165
205
207
178
157
161
182
169
173
171
157
141
139
129
104
91
66
60
57
69
114
138
135
145
145
144
136
123
96
90
90
92
98
83
20
13
22
26
21
21
25
27
27
32
44
51
56
56
50
60
56
54
59
59
56
55
56
47
23
17
10
10
3
3
3
3
7
7
5
4
11
10
10
6
8
9
9
10
10
5
7
5
7
3
5
7
9
7
6
8
8
9
12
11
9
9
10
16
15
16
15
12
13
14
12
12
10
12
11
14
21
21
33
36
47
62
71
65
62
56
66
78
74
66
59
63
61
62
63
59
64
62
65
68
71
69
64
NA
63
93
94
90
91
92
110
116
108
96
97
101
104
121
122
123
114
116
116
117
132
180
205
203
203
205
198
220
206
171
181
212
214
211
211
202
195
189
174
169
166
166
166
165
177
166
170
163
152
147
142
142
147
148
146
154
152
150
170
127
97
90
81
80
74
79
79
99
138
150
146
130
66
61
53
24
35
94
131
124
86
71
156
53
23
25
23
31
34
19
26
30
29
35
37
34
30
34
41
48
46
48
49
43
43
40
35
38
32
25
20
19
14
9
9
11
29
54
64
60
68
71
73
75
84
84
86
94
91
88
85
81
71
71
64
63
55
63
61
65
58
62
102
69
68
64
63
66
76
80
87
74
71
65
56
61
54
48
37
32
28
29
30
39
32
33
39
39
39
31
33
45
35
36
36
27
24
19
19
5
3
6
3
8
7
4
3
8
5
9
13
10
12
12
7
3
7
6
16
14
18
13
10
11
6
10
10
11
13
11
13
9
16
19
21
28
39
44
48
58
56
57
61
64
58
52
44
47
44
44
38
39
39
36
40
44
50
58
61
78
97
102
112
117
121
127
138
137
126
119
122
116
116
121
123
119
115
111
103
104
122
117
127
79
55
139
133
150
161
138
121
139
112
82
80
76
82
76
59
54
63
64
64
69
71
67
70
75
87
89
92
95
101
101
99
108
116
106
109
108
105
106
103
101
98
98
98
102
104
119
133
138
141
147
158
169
178
180
208
192
172
160
157
155
150
158
158
159
154
162
168
177
188
214
247
261
271
270
260
330
371
377
378
379
353
324
300
280
266
246
200
NA
152
141
139
135
131
160
200
149
151
149
144
146
152
149
149
149
148
134
129
119
110
103
95
97
98
100
110
122
142
157
156
140
141
137
129
133
132
135
143
144
133
124
115
101
82
81
75
60
60
38
35
37
45
29
15
13
4
4
6
17
27
56
78
73
55
54
63
61
57
55
52
55
54
59
62
61
57
60
69
82
104
113
121
135
129
136
168
159
157
156
161
156
156
157
159
NA
176
176
172
166
221
246
245
251
241
245
265
279
321
314
312
290
274
284
256
246
240
246
244
237
240
174
118
85
79
67
61
60
51
47
48
44
48
46
35
32
30
27
29
26
29
26
28
27
30
29
34
29
38
41
41
44
52
55
58
53
43
42
32
33
21
19
15
21
22
14
15
15
16
14
12
10
8
7
3
3
11
11
7
9
6
11
21
20
19
13
14
17
12
11
14
13
16
15
14
15
18
16
12
16
9
8
18
10
13
19
30
23
20
28
17
20
16
18
20
23
21
20
17
15
17
21
25
49
58
69
86
82
90
93
101
97
98
104
96
99
86
81
72
66
64
54
52
60
66
60
NA
NA
43
78
86
103
112
114
127
131
127
122
112
101
93
89
91
90
66
20
7
10
10
5
7
5
6
4
4
6
11
24
34
34
34
32
33
30
27
25
22
23
23
23
24
23
24
24
27
26
30
24
27
25
24
26
22
13
16
14
13
13
17
14
17
12
9
14
12
4
5
8
5
3
3
3
5
3
3
5
6
11
10
6
5
8
4
5
8
10
4
8
9
5
15
8
10
11
13
25
32
27
27
34
44
72
76
71
59
47
42
43
39
37
36
41
44
47
62
66
74
74
72
73
10
5
7
6
7
3
3
3
5
3
3
3
3
4
3
3
5
6
5
4
6
3
3
4
3
5
6
6
14
11
13
16
11
8
11
18
21
16
24
26
18
23
17
20
19
22
22
35
38
43
52
59
83
70
69
64
60
56
59
57
58
58
58
59
60
69
69
64
71
76
78
74
78
79
84
101
126
126
123
114
104
96
77
74
62
65
59
62
56
64
79
103
169
209
239
241
236
255
318
323
309
295
295
268
267
247
239
221
218
198
198
191
179
172
183
231
252
256
277
285
308
302
NA
274
268
227
206
181
166
149
143
136
131
123
124
128
116
116
136
199
180
153
145
212
229
223
217
212
212
230
236
210
142
140
138
145
144
138
120
106
82
62
59
60
58
52
50
45
47
47
46
62
75
88
80
70
71
88
85
72
63
69
74
65
65
69
74
75
64
20
4
3
4
8
6
8
11
3
4
6
4
16
20
8
8
8
7
14
18
14
18
23
23
17
14
23
27
28
37
42
87
76
63
56
51
50
47
47
44
43
45
47
46
60
66
86
103
120
135
153
165
180
183
184
199
208
210
193
193
193
184
174
155
146
143
145
146
150
141
136
139
143
164
182
188
180
179
186
192
199
174
166
149
128
124
89
83
76
70
47
68
69
62
56
49
39
34
24
16
31
42
51
59
66
56
59
62
59
60
67
67
62
63
62
59
66
60
48
40
26
44
52
62
98
96
96
129
126
107
83
75
63
52
52
52
52
54
48
47
52
51
55
63
73
78
94
98
104
120
130
155
126
126
123
120
113
111
108
107
108
108
74
37
6
11
7
3
3
7
12
3
3
3
8
9
12
10
10
10
7
9
4
7
5
5
4
10
16
22
15
12
16
22
27
47
54
49
63
81
74
65
63
63
65
62
60
61
58
60
58
61
63
72
70
75
64
72
73
76
78
77
91
102
127
111
99
88
92
89
91
93
109
111
115
150
143
130
133
133
115
108
109
116
126
135
132
133
142
145
148
149
148
150
155
156
151
141
154
154
153
159
166
180
188
185
222
220
220
224
219
201
202
195
192
164
173
180
189
193
169
164
159
140
128
140
115
46
27
29
21
28
29
35
38
56
143
152
144
126
126
109
72
65
59
52
48
54
37
54
55
52
47
53
21
13
17
17
13
15
13
7
11
15
10
12
14
8
9
8
3
4
7
8
10
12
5
11
9
3
3
8
7
6
7
3
3
6
8
8
5
3
4
3
6
4
9
12
5
6
8
3
3
5
5
5
3
3
5
7
6
3
4
6
12
7
7
9
8
12
13
17
14
7
10
11
10
10
7
7
8
7
5
3
7
4
8
3
30
16
8
11
12
12
21
20
23
24
23
36
57
64
70
95
109
126
130
116
105
97
94
83
81
81
80
81
75
78
81
79
72
67
76
98
93
96
93
86
104
139
116
125
123
152
193
176
143
134
130
142
156
145
145
178
213
229
230
194
145
79
51
100
202
257
279
226
176
143
111
96
103
107
104
51
3
3
9
13
8
5
5
7
3
5
4
6
18
31
24
39
39
33
24
17
13
14
12
14
15
17
18
21
19
21
24
27
32
36
38
42
48
68
57
59
62
55
52
48
45
42
40
33
34
27
35
40
32
42
82
111
126
98
88
101
102
103
97
86
81
86
82
82
85
86
101
98
97
88
86
90
115
141
156
138
115
137
160
49
5
10
3
4
4
7
6
8
5
3
3
7
9
11
20
24
21
15
13
6
8
9
8
14
23
33
33
40
34
34
27
26
28
23
19
18
17
18
22
28
28
23
27
33
41
52
59
65
100
104
96
78
73
72
69
62
64
63
63
64
63
66
63
68
71
68
75
94
146
176
209
214
281
428
413
322
297
270
251
287
262
231
210
196
186
205
196
186
174
139
129
135
130
97
74
88
93
214
203
200
195
159
124
121
110
116
145
129
110
72
46
42
37
10
3
3
3
4
NA
3
3
3
10
19
11
21
16
11
15
14
10
12
11
15
25
20
25
44
47
55
54
50
63
84
120
127
95
83
77
71
70
60
56
56
48
49
39
33
40
48
90
141
141
159
158
114
99
111
126
159
139
139
131
131
122
122
121
120
124
130
125
129
134
145
161
125
3
4
3
5
3
5
8
7
6
9
6
3
8
3
4
7
6
8
13
20
21
18
18
10
5
6
4
6
6
7
14
45
31
23
25
32
30
25
22
23
18
19
13
15
18
22
23
19
14
12
7
11
11
17
21
46
39
28
38
41
43
43
39
37
37
37
35
42
41
53
57
64
93
117
120
131
140
149
182
187
183
181
172
175
172
172
179
185
187
179
181
191
198
195
207
211
208
195
180
165
166
175
216
258
242
235
220
228
218
142
114
61
8
5
4
6
7
8
12
7
7
3
3
4
10
5
12
13
10
6
6
5
5
4
5
6
6
3
9
4
9
16
10
11
3
8
6
10
12
15
21
54
49
35
34
30
35
38
23
23
24
23
19
20
32
30
30
6
8
6
7
5
4
4
11
8
15
21
24
18
11
11
13
13
10
15
10
14
16
18
20
15
20
26
26
32
40
45
60
72
62
59
54
62
64
55
65
73
72
68
65
84
84
76
72
54
50
58
61
69
78
102
231
232
196
174
163
155
173
180
176
185
186
190
188
166
183
184
130
100
104
110
106
99
120
135
146
167
158
147
143
133
123
118
114
113
107
106
103
101
101
99
77
64
67
66
68
67
66
69
82
126
117
121
332
358
256
204
144
410
331
283
276
273
287
290
295
320
279
250
256
322
351
375
381
397
393
368
352
345
338
316
306
312
317
309
320
336
330
332
338
401
410
411
385
341
318
350
389
408
413
422
493
457
441
422
390
412
424
425
40
15
9
13
11
7
14
17
12
9
4
5
9
14
19
14
16
14
20
17
15
14
12
13
11
14
17
18
16
16
9
8
9
3
3
5
18
39
43
31
44
61
36
33
41
37
34
35
37
39
56
50
51
74
68
73
90
99
112
121
131
150
152
142
138
131
129
129
125
117
118
115
106
111
113
105
110
119
129
120
115
123
129
131
137
168
155
161
156
144
137
138
133
139
98
26
12
9
4
11
11
6
9
9
10
5
6
10
15
20
19
17
17
19
15
15
15
17
14
16
12
12
15
22
13
17
15
12
12
15
14
14
26
44
58
41
38
39
49
57
85
103
88
80
76
87
90
130
142
112
55
33
20
9
8
12
11
13
8
5
6
6
7
25
14
15
13
13
13
12
18
19
15
12
16
13
12
22
27
29
45
64
68
62
60
52
55
55
52
57
54
54
55
61
62
74
72
60
60
72
82
3
56
187
186
214
201
166
156
159
143
132
133
129
129
123
127
117
119
121
111
109
106
108
100
88
114
138
167
207
208
198
191
195
324
279
226
255
319
520
488
450
384
260
288
274
375
344
391
478
497
525
558
527
505
477
496
474
449
424
369
300
269
293
197
122
129
101
59
53
29
13
13
12
26
113
194
262
269
307
255
210
179
160
156
153
151
148
144
144
148
151
153
127
127
120
113
109
108
106
120
182
262
319
295
226
253
269
222
147
125
118
97
91
84
75
57
58
48
62
162
222
228
246
253
267
290
381
393
345
318
330
305
247
249
295
336
296
270
327
331
309
314
326
268
138
3
3
29
75
NA
95
185
135
109
110
116
137
126
126
130
130
119
129
146
148
148
151
171
186
180
184
198
231
207
200
200
185
184
180
165
167
170
171
149
138
135
139
143
135
132
131
123
130
129
126
118
126
139
126
133
139
148
138
128
132
38
24
19
17
22
24
24
28
37
33
25
31
32
37
43
36
14
9
7
3
7
4
7
5
7
8
9
15
18
18
16
11
11
14
8
13
14
21
41
50
51
51
46
50
27
7
3
4
5
3
5
5
11
9
5
8
6
6
4
5
4
5
6
9
7
13
18
9
7
9
12
10
11
8
11
13
16
21
29
33
34
48
50
28
24
23
35
54
57
53
26
16
30
25
14
26
19
12
22
17
27
39
34
39
19
18
15
22
15
23
23
28
12
14
15
18
16
15
15
12
11
15
12
18
11
21
7
5
12
13
13
13
12
16
14
13
8
2
3
13
16
15
21
21
12
6
10
16
10
16
11
18
10
12
11
14
4
6
27
58
55
58
70
55
51
59
45
46
47
38
44
47
52
55
79
77
69
82
67
63
73
79
80
78
92
93
100
94
85
82
86
81
86
87
93
94
88
100
95
90
3
35
84
92
101
106
115
133
125
119
124
125
109
109
115
108
109
109
108
102
110
107
119
132
130
129
126
128
136
142
159
171
166
169
154
134
97
99
73
36
19
33
44
28
23
29
24
18
15
15
15
11
12
14
15
34
43
40
44
37
34
40
48
48
52
61
57
72
83
84
88
30
4
8
9
8
3
5
7
10
5
8
9
6
5
10
10
9
7
9
8
10
12
14
14
7
9
11
11
10
11
15
21
28
39
32
37
40
26
26
29
30
33
31
44
54
43
12
3
4
7
4
4
4
6
5
9
5
6
8
5
12
13
13
13
12
11
10
9
10
7
12
12
8
7
9
8
8
9
12
10
19
29
33
31
19
16
15
16
16
19
16
15
19
21
23
22
14
11
11
11
10
15
15
19
21
36
33
35
39
34
35
30
28
32
28
28
26
30
30
29
25
32
30
36
38
43
51
67
80
98
103
97
90
97
97
89
88
96
102
96
103
108
115
112
99
100
111
NA
142
152
155
173
200
220
212
202
195
192
192
181
190
193
197
199
194
203
213
251
3
84
284
257
226
19
9
8
7
6
10
5
8
5
3
4
4
4
3
7
10
21
26
21
19
27
36
33
39
47
49
73
155
204
211
290
242
161
556
314
218
218
214
221
244
231
221
215
221
212
162
166
174
178
187
196
238
246
237
219
205
210
222
218
118
7
7
11
10
4
10
10
6
11
13
11
10
10
16
13
11
14
7
4
3
6
3
3
4
5
6
6
6
9
13
7
9
8
9
9
11
13
14
16
28
50
46
38
47
45
47
50
49
44
43
43
46
53
67
72
80
80
70
68
60
57
56
52
81
97
73
24
25
12
13
10
4
6
7
3
3
3
9
9
3
4
5
3
3
4
9
14
82
110
124
75
77
38
32
27
30
25
28
26
23
41
30
32
35
33
32
30
34
45
50
57
75
116
84
89
86
80
67
72
72
67
65
66
63
63
73
64
50
55
64
103
124
148
179
210
235
224
204
191
179
184
164
172
174
183
192
179
183
202
224
243
271
271
253
245
246
247
250
270
297
304
201
74
61
45
29
16
11
12
16
16
14
19
28
32
25
12
4
3
8
3
3
3
10
10
5
6
4
3
7
5
6
4
3
3
3
5
10
10
6
3
4
4
3
7
10
16
37
57
48
45
37
44
42
38
38
40
31
32
39
36
52
64
65
69
70
77
96
84
69
64
78
112
115
109
93
86
88
88
90
90
79
50
10
9
7
6
6
5
4
8
6
5
6
7
4
4
6
7
4
6
6
3
NA
7
9
5
4
9
8
8
9
3
3
3
3
4
8
5
5
6
7
5
3
4
3
5
7
3
3
5
4
8
12
8
9
6
6
3
8
3
3
4
8
4
9
5
6
14
29
25
10
13
10
15
12
14
22
35
14
8
8
5
11
7
6
15
79
133
99
68
40
38
49
30
24
21
20
19
20
17
22
24
23
17
20
25
31
43
90
102
131
131
106
99
94
91
87
88
91
96
93
92
81
73
64
54
40
13
13
11
11
15
18
18
31
107
111
131
186
161
140
127
129
121
114
106
101
113
122
143
174
184
169
158
185
212
212
219
251
253
238
228
220
221
226
224
219
216
218
222
217
217
226
223
220
227
226
194
186
197
202
215
241
239
238
229
221
226
222
224
227
222
222
226
227
159
72
22
22
12
10
7
7
6
6
9
9
10
10
11
5
10
5
6
5
6
7
3
7
10
12
11
3
3
6
5
9
6
7
10
21
27
27
27
35
33
35
33
32
32
33
33
42
46
56
60
77
91
82
67
44
65
68
89
101
101
110
111
125
142
133
118
111
111
109
115
111
123
120
133
120
128
123
93
12
9
3
7
6
3
7
7
8
8
5
8
6
5
7
3
6
7
8
6
3
NA
3
3
NA
NA
7
NA
29
30
23
18
23
NA
NA
26
23
NA
NA
25
NA
NA
70
78
NA
87
NA
99
98
94
85
80
84
76
74
79
91
107
112
111
110
101
93
91
106
107
116
129
117
109
109
103
109
119
22
6
11
6
6
9
8
9
5
6
7
8
7
12
13
15
24
17
5
9
12
NA
4
11
11
8
8
24
20
17
14
17
20
21
23
17
18
16
16
22
28
22
18
13
13
12
11
10
15
17
12
3
4
6
7
5
3
3
6
8
8
12
9
24
26
29
27
18
11
10
9
9
10
16
28
19
19
8
9
13
13
14
13
12
13
14
13
20
20
17
14
13
12
18
16
25
29
32
39
58
62
51
43
47
39
36
40
37
37
37
41
42
53
48
49
69
78
91
82
87
75
59
66
92
93
76
56
71
62
39
32
25
24
42
23
29
28
30
23
14
6
7
8
9
9
9
16
21
17
11
11
