88 131 225 391 287 53 140 156 203 179 94 100 195 212 310 158 83 55 56 116 70 115 165 185 96 190 48 88 125 76 121  168 202 183 30 44 119 45 53 102 98 82 123 131 154 174 93 84 96 222 173 142 25 69 152 150 46 60 100 24 53 22 54 75 100 175 244 60 77 73 109 137 119 124 178 170 55 109 69 37 44 37 80 130 71 74 54 69 121 150 70 52 111 92 71 30 78 99 148 82 97 33 30 44 102 53 80 130 83 79 63 34 47 48 83 87 70 95 113 105  86 36 76 37 88 42 36 65 30 24 23 17 36 32 49 65 93 42 37 30 36 70 92 89 81 103 128 117 82 58 55 96 54 57 52 72 60 42 41 56 77 17 18 19 40 78 97 74 52 56 52 48 72 99 60 76 108 106 95 77 43  23 17 29 36 67 89 117 81 102 85 77 54 77 82 91 60 68 67 66  109 133 58 56 45 43 69 84 78 86 47 35  68 93 24 20 85 73 91 76 116 110 99 78 84 54 40 53 127 124 43 77 45 34 49 38 37 40 32 36 39 38 23 15 6 7 21 31 18 23 45 83 23 24 9 20 56 66 59 93 76 46 54 82 97 44 63 22 25 58 46 32 24  12 22 29 64 85 111 80 17 11 12 9 15 53 81 53 71 144 81 65 101 34 21 50 66 25 21 18 28 39 43 68 67 49 125 208 143 29 38 60 101 99 149 144 204 160 172 44 69 35 60 76 33 36 52 56 65 70 266 292 360 348 285 40 15 45 60 177 209 282 332 341 183 136 193 80 14 12 54 95 107 140 360 305 297 268 202 178 31 121 274 93 117   (2015)
  

283 474 336 148 75 138 109 88 202 206 49 105 88 43 120 181 112 53 128 181 164 58 39 17 33 40 154 169 108 68 85  51 50 105 135 60 29 62 76 106 127 175 241 35 9 10 10 36 32 40 27 87 203 36 59 89 52 65 34 31 91 85 103 194 55 100 86 23 45 26 38 83 38 49 116 170 160 224 103 65 93 127 71 65 49 27 28 63 25 58 92  59 21 22 58 85 146 92 29 33 45 38 114 104 57 66 15 16 16 51 70 40 29 38 52 49 79 86 84 116 99 58 34 21 52 69 47 31 40 60 74 146 54 44 46 27 25 51 72 81 80 89 59 85 22 23 24 42 46 64 63 50  30 40 64 91 54 55 101 84 55 44 15 27 58 42 19 15 24 34 41 42 36 31 25 19 19 34 66 86 50 68  32 31 31 23 32 30 31 61 103 85 124 76 55 78 41 90 111 150 134 19 57 119 133 82 52 30 63 50 39 46 30 33 30 27 28 34 29 26 18 28 32 32 27 24 18 15 20 32 35 21 21 25 21 39 49 21 16 15 10 16 23 17  12 15 20 24 23 45 22 24 40 47 45 76 105 109 129 130 83 37 36 46 132 171 202 205 216 178  107 37 77 133 236 259 304 256 59 109 104 35 67 98 140 141 167 71 74 106 132 170 244 161 54 42 51 69 103 118 38 32 37 91 30 77 153 198 226 201 110 175 85 142 105 151 171 255 278 196 209 219 274 252 136 136 42 58 105 120 261 111 93 142 212 322 132 214 453 621 198 176 174 122 61 159 248 323 144 152 174 280 438 482 615 614 542 112 99 194 210 222 122 245 229 310 499   (2016)

318 291 267 311 289 219 265 189 137 116 207 88 126 155 229 178 222 381 149 60 79 76 203 190 302 301 160 293 205 42 137 138 204 255 342 331 151 66 77 23 32 74 114 170 324 445 271 44 126 188 31 58 104 48 66 42 52 65 58 29 36 77 151 115 46 24 29 33 74 91 37 44 46 75 74 129 176 180 61 65 138 82 113 58 26 51 65 109 137 73 34 80 114 80 69 129 188 114 26 59 56 65 59 49 36 46 0 27 0 0 21 40 63 60 35 30 28 30 41 0 57 74 64 0 0 33 55  72 60 59 42 45 43 41 44 40 91 115 82 70 63 64 29 22 31 56 89 136 62 46 42 60 47 29 36 87 34 49 42 44 35 40 62 90 61 62 90 70 66 69 62 69 49 53 42 40 32 52 72 67 49  61 73 87 58 72 75 62 45 71 30 43 41 64 33 29 50 58 63 80 104 46 48 88 68 29 48 92 48 92 48 24 55 81 85 52 43 48 42 48 33 33 39 54 82 42 44 44 44 53 59 56 53 57 77 71 48 40 31 27 27 39 38 34 106 100 64 78 81 89 79 64 65 135 59 49 78 99 58 57 94 64 36 28 39 60 0 0 108 100 82 30 36 66 94 80 43 25 34 42 65 72 32 24 18 47 63 107 86 106 112 129 102 91 119 129 49 42 76 129 183 205 124 20 34 86 110 88 41 64 112 193 102 63 63 26 39 87 56 37 60 83 81 48 140 132 126 27 27 38 101 90 97 116 32 74 116 201 200 66 37 51 67 35 108 27 49 35 78 116 179 38 34 34 52 39 113 171 207 44 65 87 127 156 319 0 40   (2017)

84 89 91 88 148 218 118 28 22 35 47 87 168 232 218 142 173 203 174 230 58 80 82 93 113 56 117 151 50 40 36 58 24 30 69 48 93 64 89 0 31 28 21 43 79 91 141 182 228 267 171 98 40 72 47 83 150 207 201 108 105 199 128 42 76 82 92 132 172 92 159 277 340 0 31 68 110 117 39 44 76 76 54 71 82 69 0 33 39 110 105 87 0 38 45 26 29 52 100 0 32 67 38 31 25 68 72 79 137 69 68 22 35 42 62 86 89 101 59 59 52 22 22 49 50 53 54 34 44 62 62 89 67 89 69 73 50 46 46 42 48 35 33 46 80 0 33 35 27 26 26 32 53 60 47 29 40 36 33 17 27 53 60 39 38 42  49 28 39 32 39 41 36 38 42 42 66 55 17 21 29 30 41 57 61 41 47 51 47 28 25 33 29 33 25 38 45 51 53 35 44 43 51 42 36 18 25 48 49 41 45 42 41 44 47 44 35 34 48 41 19 26 35 35 37 24 16 17 24 35 25 22 22 19 18 27 47 52 61 36 33 26 26 25 38 25 14 21 24 15 21 31 48 58 47 37 82 64 38 47 35 43 30 29 17 20 29 52 38 92 39 32 20 18 21 28 46 73 63 37 38 32 29 42 65 93 143 210 113 83 71 66 73 90 73 21 56 84 19 26 20 33 46 79 107 144 153 159 33 44 49 61 68 59 58 122 200 224 180 28 58 38 65 106 82 70 120 130 167 258 0 0 98 124 179 177 0 0 86 82 36 28 72 109 85 98 86 105 164 130 48 95 138 134 79 138 51 90 148 66 40 33 39 72 142    (2018)


 127 182 203 176 202 199 227 178 91 158 278 354 317 341 33 68 60 132 92 44 34 40 103 112 83 85 136 126 138 145 37 38 147 0 100 168 91 40 37 60 57 126 116 68 71 78 43 52 100 184 241 281 285 180 210 180 110 113 213 225 153 138 179 148 22 33 57 72 97 21 19 29 32 23 32 74 77 60 52 20 37 24 40 30 36 95 30 41 17 24 32 60 61 92 0 36 40 36 30 41 58 74 61 17 37 41 60 53 21 52 79 122 106 56 20 35 45 42 94 53 15 24 43 45 42 25 29 45 23 40 28 41 27 47 58 53 62 53 29 15 23 26 27 44 41 53 14 19 28 26 21 36 52 38 45 58 35 56 25 17 17 34 35 28 24 58 31 31 53 58 53 57 28 32 29 39 39 38 52 50 11 21 27 32 38 41 18 22 32 34 31 37 36 42 38 45 43 44  68 71 54 54 62 28 30 26 46 36 28 18 19 34 24 19 29 29 27 51 41 43 36 35 25 15 12 19 23 14 13 18 31 45 37 22 18 19 29 61 41 12 9 11 14 20 29 30 28 39 50 32 34 53 30 20 25 27 25 29 46 77 24 26 29 37 63 52 16 25 30 29 31 37 42 37 40 46 34 13 32 38 20 24 56 63 53 34 23 26 36 70 100 152 127 63 74 90 75 19 38 43 45 41 48 30 57 43 50 54 78 129 72 91 148 29 35 49 23 38 64 70 59 38 55 84 117 143 186 58 24 54 45 52 82 118 97 24 27 33 58 80 161 171 174 98 41 45 80 62 63 101 52 26 52 44 97 138 103 161 160 53 61 100 132 38 31    (2019)


70 104 151 193 149 98 95 109 159 197 140 141 198 120 232 262 267 199 87 43 63 102 163 126 169 207 170 200 169 130 147 83 61 80 68 32 52 112 165 99 67 111 173 209 74 16 11 15 41 74 149 82 18 57 93 75 45 37 97 98 38 54 30 20 49 101 85 141 91 33 35 49 30 17 16 41 41 27 16 40 0 38 78 73 115 49 16 24 41 56 65 45 32 27 34 36 0 0 32 31 35 26 17 39 56 67 49 32 42 51 15 22 15 14 15 21 38 39 46 48 64 64 60 71 26 45 55 54 29 27 27 13 24 33 28 62 59 48 15 19 37 68 47 20 14 24 17 14 22 34 29 24 28 23 30 32 21 22 35 38 47 64 54 52 35 14 26 31 22 31 28 36 35 41 46 39 37 51 72 67 31 46 34 34 37 69 41 26 34 48 36 43 62 46 37 47 62 64 56 59 51 33 50 58 46 34 30 29 62 43 56 50 52 44 21 39 33 21 22 25 37 44 27 66 25 22 38 14 17 44 51 13 22 22 28 43 21 18 28 20 34 60 54 29 17 16 13 15 23 42 39 25 17 15 11 15 25 34 27 21 14 17 32 39 47 60 26 43 57 58 66 82 24 23 52 27 30 16 20 43 55 80 106 119 114 21 33 38 78 61 26 46 75 107 58 29 27 51 96 149 65 34 47 63 0 35 22 27 53 82 50 30 27 38 70 131 184 129 104 140 182 110 25 23 30 48 36 34 94 120 60 59 53 65 108 80 100 59 39 82 115 79 59 94 80 101 156 23 26 47 54 53 39 59 56 58 91 55 33 57 82 124 125 32 16 22          (2020)
       




33 49 49 42 63 57 12 15 33 28 10 18 10 16 46 43 67 162 29 8 42 60 54 75 142 150 160 169 76 46 44 8 32 16 11 25 41 71 59 119 124 180 205 200 56 6 3 6 16 54 109 85 7 38 61 50 36 28 51 88 23 22 16 9 36 81 62 99 53 10 27 21 9 8 6 24 30 39 7 30 26 28 28 47 118 10 4 8 43 68 65 8 15 14 22 29 60 48 21 33 38 21 16 25 65 62 24 22 32 40 6 6 2 6 17 10 12 41 59 59 88 109 55 57 35 46 72 72 41 33 19 17 17 39 36 40 41 17 10 13 18 69 45 5 8 9 9 8 36 57 55 11 18 22 43 8 11 21 30 57 36 54 47 30 52 6 13 34 20 23 23 36 35 49 44 19 32 27 65 57 28 15 24 27 49 44 22 17 13 30 28 45 82 88 50 31 30 47 47 42 28 33 33 41 29 24 26 24 55 72 55 72 42 33 15 17 13 31 30 23 22 17 14 30 33 11 26 32 38 47 31 9 19 22 37 56 10 17 58 45 16 48 53 15 11 13 6 13 23 57 16 7 7 6 4 10 23 42 34 5 6 9 13 11 36 23 33 27 34 52 65 82 13 16 43 5 20 4 6 25 59 85 107 139 43 9 13 8 45 17 15 27 48 115 43 12 7 29 78 84 8 15 34 51 78 15 6 10 37 84 74 27 11 20 36 98 89 20 46 77 103 104 45 7 9 26 7 13 29 25 19 16 11 15 16 24 18 7 7 21 34 7 20 44 56 32 73 8 10 15 17 36 9 25 24 34 52 39 19 31 46 63 60 8 5 11  