3
4
5
4
4
3
3
3
3
3
7
7
12
11
24
33
36
36
38
41
62
93
91
81
62
48
36
25
19
9
3
6
3
3
10
11
5
3
6
3
10
NA
28
62
73
71
79
93
96
104
112
114
106
NA
NA
88
123
117
116
115
104
116
139
150
148
147
173
215
203
198
205
221
252
199
157
148
152
128
110
103
91
86
87
76
90
134
145
NA
NA
21
179
261
208
270
204
174
48
241
249
155
178
179
159
147
132
219
159
197
160
123
98
94
3
3
3
56
23
3
3
4
58
14
49
22
3
130
3
3
114
NA
NA
NA
NA
NA
NA
NA
NA
NA
46
71
75
91
130
142
137
76
40
28
22
15
12
12
17
13
19
30
35
30
38
44
42
57
71
80
89
106
112
134
184
132
135
155
144
134
101
79
95
85
77
74
76
85
98
108
132
194
226
174
179
176
185
154
175
230
226
178
137
114
117
40
36
37
65
31
17
23
19
17
19
17
33
41
40
78
84
111
103
102
99
98
95
70
61
59
57
62
91
103
158
142
44
21
30
28
30
65
122
82
39
32
11
8
8
7
5
5
4
6
8
10
11
8
9
12
8
15
19
26
30
54
64
93
139
187
183
95
121
90
85
87
96
98
116
131
145
152
143
136
108
91
85
72
70
92
121
113
151
153
175
179
166
145
128
142
136
118
116
111
120
144
123
122
122
126
154
179
174
188
222
264
282
268
215
179
192
186
172
156
149
143
150
148
152
164
167
165
164
164
165
166
155
155
154
158
172
247
260
235
227
359
291
242
214
200
207
190
219
392
434
450
416
368
366
381
382
470
508
517
524
498
498
558
578
641
622
624
613
230
36
30
20
14
8
6
10
11
6
7
9
15
11
14
25
14
16
10
9
10
9
9
6
8
11
12
16
31
29
41
42
55
84
90
96
101
98
93
157
140
140
147
127.2
111
110
117
102
102
80
79
83
128
166
165
46
17
11
9
14
21
20
10
14
11
10
8
9
9
13
9
11
17
15
18
19
22
31
26
34
59
54
41
58
63
84
87
77
79
70
63
59
69
68
81
98
94
98
82
82
74
76
84
83
82
81
92
90
85
101
138
180
259
213
155
74
47
44
39
22
18
17
19
20
22
11
7
7
6
5
3
8
19
60
85
97
90
87
73
46
49
37
28
28
49
60
46
36
100
158
172
141
151
189
220
220
243
266
266
253
261
250
252
210
197
204
201
195
182
179
166
170
188
163
149
160
176
185
198
223
249
243
250
249
251
219
80
26
10
10
5
6
29
147
174
174
159
167
182
192
167
159
147
129
83
70
67
87
116
135
136
140
109
102
126
121
132
124
116
129
156
165
160
164
171
184
197
177
171
184
191
211
227
268
256
283
297
270
180
157
158
139
175
168
136
NA
23
10
9
8
8
8
14
14
15
17
17
13
14
14
7
11
8
8
7
11
9
16
15
14
10
7
7
9
10
10
17
33
52
101
72
38.1
36
32
14
6
4
6
8
7
7
11
11
12
19
31
36
44
58
62
86
103
117
122
121
144
177
153
136
125
120
120
97
93
103
141
162
141
133
32
8
8
8
11
13
11
6
14
12
9
9
8
12
7
5
9
10
15
17
12
18
15
12
7
7
5
8
8
11
65
102
60
18
18
12
13
10
5
12
10
9
16
13
15
15
11
6
9
15
13
18
19
37
64
63
69
146
155
144
94
43
35
37
41
37
29
19
21
14
20
21
19
25
44
64
77
113
136
149
151
249
287
271
183
126
143
111
89
75
63
67
105
75
75
88
105
133
151
153
169
193
231
221
253
141
130
133
144
164
167
175
161
186
194
209
230
225
195
183
154
121
78
46
41
52
43
18
11
17
19
10
10
10
10
13
11
12
11
20
22
14
16
17
19
14
14
17
15
12
11
8
11
13
18
17
14
10
13
14
10
12
15
14
12
18
19
18
10
17
11
20
29
42
54
61
68
77
96
94
83
68
52
33
40
35
39
50
52
44
39
35
27
19
18
20
58
106
104
107
124
161
162
105
63
40
14
10
11
13
14
17
14
9
9
11
8
8
6
7
7
13
11
6
8
10
9
7
5
7
6
3
6
4
10
22
13
10
8
9
10
10
11
20
18
31
56
76
87
98
117
126
158
162
112
98
76
54
57
60
71
69
82
87
76
71
74
92
136
142
145
148
219
245
197
150
112
127
109
100
81
78
69
64
96
76
83
73
61
63
76
82
87
100
112
133
80
66
63
39
34
158
211
59
19
15
17
20
22
19
12
10
11
16
17
20
20
24
30
26
16
12
16
15
14
13
16
16
20
11
15
16
24
17
17
18
24
25
29
32
38
48
72
92
69
74
92
88
83
86
87
91
84
78
78
82
75
92
90
100
121
125
134
142
141
154
200
258
264
265
224
181
184
207
212
208
200
184
179
180
197
219
210
209
221
250
261
259
270
284
309
398
389
392
362
362
316
296
304
337
331
326
291
231
207
192
200
NA
188
NA
146
244
281
273
242
215
213
191
190
189
197
201
205
204
196
205
233
258
249
226
153
19
16
12
14
13
10
15
16
28
20
19
17
13
16
15
11
13
13
12
14
18
15
14
9
13
11
10
8
9
9
11
12
NA
66
85
78
46
15
13
9
7
6
6
6
10
10
12
12
6
9
9
13
11
9
16
58
139
213
251
312
515
588
386
336
343
336
337
271
238
258
260
232
178
145
111
67
75
82
82
110
100
105
124
119
112
118
122
111
102
107
122
126
127
118
103
107
104
107
115
130
147
147
156
168
185
206
203
213
204
206
211
206
212
206
210
196
194
200
172
206
236
261
282
215
212
59
35
38
51
65
81
73
85
123
126
121
119
100
83
66
53
38
30
23
21
16
21
20
20
20
22
30
31
24
22
26
21
19
20
20
16
14
13
17
16
18
17
18
21
27
37
33
37
46
48
64
138
196
139
154
150
149
136
112
98
87
79
72
69
92
97
86
96
115
139
162
182
166
172
192
196
211
197
204
214
217
230
236
218
204
198
160
57
10
14
10
10
9
12
10
15
12
12
20
20
18
13
13
19
16
14
10
17
10
12
12
20
17
13
7
7
14
12
16
14
14
9
13
19
14
13
12
10
4
8
9
3
5
6
6
7
8
13
10
22
24
28
33
30
35
37
50
57
37
32
36
37
39
43
39
39
44
51
74
82
92
102
109
118
130
144
161
160
168
192
197
206
201
189
175
130
106
134
122
60
68
71
93
174
204
143
106
27
24
20
25
19
16
20
32
38
46
52
56
59
71
109
108
100
86
70
53
55
57
87
84
54
39
31
24
17
14
NA
NA
7
5
6
12
8
4
5
5
6
9
4
8
6
4
9
4
11
8
8
8
5
12
12
10
14
15
19
19
16
16
8
10
15
15
13
15
20
14
14
24
24
17
12
10
18
30
34
47
56
56
85
95
117
118
127
116
106
84
77
71
67
104
163
159
111
64
65
61
63
69
80
123
251
238
209
149
127
122
119
115
115
118
118
133
133
115
134
148
186
190
187
190
178
191
206
223
258
267
278
268
266
264
253
254
250
248
240
225
220
218
189
206
199
195
195
194
201
197
207
214
239
243
255
238
246
242
236
257
263
253
238
235
252
249
235
183
106
65
53
12
5
6
6
14
15
13
21
15
13
10
7
4
3
3
3
4
5
3
6
5
3
3
14
3
3
3
6
19
11
9
13
12
7
7
3
9
3
12
17
16
16
22
19
10
3
11
NA
15
37
37
35
45
68
86
98
101
106
90
82
87
NA
54
25
11
7
5
3
6
5
5
7
14
16
20
29
38
55
59
71
77
72
73
78
82
81
76
77
68
85
84
60
56
48
21
20
18
30
32
48
87
114
123
147
115
117
97
102
100
119
125
121
118
72
14
11
9
11
3
7
4
8
10
14
28
39
52
80
59
55
52
41
48
59
67
64
70
76
79
81
86
100
112
116
109
109
102
101
115
116
119
151
171
175
162
154
157
168
160
151
147
149
129
57
42
44
52
55
56
77
82
89
99
104
122
135
116
100
88
90
95
98
105
120
126
145
141
165
177
195
212
230
256
273
279
281
284
297
308
298
309
314
317
308
300
298
284
276
263
262
268
189
24
15
66
95
66
74
92
112
120
117
84
59
49
45
40
45
55
57
61
64
59
58
61
58
67
49
43
45
44
43
52
60
71
92
101
105
119
105
89
77
77
75
72
72
72
76
73
75
73
74
46
37
48
56
61
68
82
104
105
113
115
104
103
97
85
71
65
65
68
52
53
25
36
38
28
32
39
33
40
44
42
45
47
53
58
53
46
36
32
30
23
18
17
11
10
9
6
6
12
8
9
4
6
22
31
45
58
71
26
31
29
34
14
12
8
6
8
8
8
5
9
4
8
7
14
16
20
25
32
59
51
43
43
56
55
59
58
56
56
65
62
75
61
56
29
12
6
9
10
20
12
16
26
31
41
47
50
70
92
91
94
80
68
69
77
87
66
63
69
70
58
64
65
65
71
93
116
125
133
158
140
112
110
109
109
111
115
142
128
138
154
146
164
160
162
139
110
91
89
99
104
123
122
101
106
97
98
102
121
122
121
131
144
161
185
205
167
136
88
91
69
61
64
80
90
88
82
72
61
59
56
69
73
80
86
96
113
126
126
134
132
121
118
110
111
111
124
132
149
162
147
111
84
83
91
92
92
99
96
107
94
45
61
124
144
149
122
100
33
21
20
26
26
26
26
30
44
47
47
38
34
30
32
45
77
107
162
162
161
154
141
139
114
62
72
95
100
110
116
118
117
117
118
120
118
125
122
120
125
134
153
155
174
178
180
170
167
151
159
156
172
175
169
159
168
166
165
167
166
161
163
172
177
165
167
NA
136
122
109
102
66
NA
NA
NA
NA
66
NA
72
80
89
90
92
88
74
52
57
62
77
69
NA
64
29
35
25
35
36
35
29
44
50
56
60
51
43
43
47
45
49
61
66
62
60
42
28
28
33
24
18
20
22
25
28
28
42
36
30
28
22
18
18
19
18
16
13
12
22
10
13
16
18
38
29
23
27
36
52
55
50
61
39
35
36
40
40
43
49
48
46
63
70
66
71
77
80
80
79
80
78
73
86
95
109
118
119
113
128
169
189
200
207
183
153
90
48
21
25
26
22
20
25
20
16
16
14
16
21
23
25
22
17
16
19
19
15
16
10
18
24
14
13
13
15
17
17
22
21
18
22
32
32
41
50
48
27
8
9
7
5
9
17
12
17
18
3
5
19
4
7
19
15
28
24
31
33
46
59
61
69
74
80
91
100
114
113
138
153
153
125
107
75
69
79
101
99
108
116
117
128
139
140
140
126
113
124
126
124
122
130
135
155
147
146
159
171
172
189
185
166
139
161
190
207
233
231
215
215
212
198
198
190
186
191
197
203
205
215
190
147
130
NA
87
120
127
62
66
74
92
143
169
171
206
249
239
250
241
246
245
213
193
163
112
NA
101
79
87
86
58
54
24
28
28
17
8
6
10
12
10
10
7
6
9
11
11
10
14
11
14
14
11
11
10
10
11
11
12
10
12
12
10
16
13
17
12
15
16
17
20
20
23
26
27
31
35
33
33
42
45
45
48
53
58
63
73
78
76
55
46
44
43
45
42
39
37
43
41
37
53
50
48
52
59
47
55
70
71
71
82
86
97
104
99
88
117
NA
145
150
147
151
146
151
157
163
162
214
88
88
88
98
82
78
52
36
23
19
15
13
7
7
7
13
15
19
24
8
10
12
15
22
23
30
34
39
41
189
41
117
66
51
46
48
56
88
78
NA
68
69
75
69
69
60
64
82
96
104
138
123
135
123
116
116
128
115
112
114
108
131
132
148
170
168
154
139
152
147
139
140
128
100
81
55
46
41
85
84
98
90
74
30
18
20
22
20
18
25
21
22
22
18
24
30
111
86
79
72
74
74
71
69
70
75
89
94
96
86
61
36
20
12
34
34
27
34
56
58
72
116
129
99
86
87
77
71
73
81
85
95
101
113
124
142
112
103
96
110
41
25
12
11
11
32
133
19
14
19
54
54
46
50
53
62
78
118
197
NA
46
38
29
155
NA
NA
56
51
43
36
42
40
53
51
103
91
80
68
79
73
72
62
66
67
NA
50
47
44
20
14
12
8
12
8
12
10
NA
76
73
71
70
70
65
73
92
101
68
32
27
34
50
35
37
42
37
47
58
57
64
60
79
83
74
64
57
52
51
48
42
48
53
53
40
29
61
57
44
40
34
52
66
79
138
122
102
91
101
103
105
103
100
NA
107
144
149
160
152
150
110
117
94
79
78
81
76
67
58
50
47
50
54
62
72
85
92
97
105
128
135
127
120
124
124
120
127
128
91
63
55
35
34
32
30
30
27
27
32
38
33
34
37
38
44
35
NA
NA
21
27
46
38
42
42
44
50
64
81
92
103
107
116
107
117
109
108
136
132
141
160
138
140
130
109
107
108
112
104
113
129
136
136
123
123
143
155
135
134
133
132
137
154
156
166
162
140
99
94
83
68
66
93
127
NA
241
253
239
222
194
153
149
142
135
126
124
128
152
156
158
174
83
52
33
24
24
33
33
32
32
35
35
32
32
31
36
40
41
38
40
43
45
46
38
48
32
38
36
50
58
69
79
79
96
118
147
137
141
142
142
120
53
28
21
15
12
5
4
10
12
13
9
10
7
7
6
7
13
11
16
10
19
10
13
14
31
14
10
10
16
8
11
18
18
13
15
19
29
31
42
58
56
51
47
46
48
52
57
68
68
64
64
56
54
57
52
57
42
40
36
30
15
17
11
21
6
10
6
8
8
15
20
15
12
13
12
15
23
17
10
4
15
14
23
24
30
25
29
29
28
35
37
41
41
42.5
44
27
25
67
202
49
50
54
48
124
NA
33
52
82
44
43
43
59
54
16
16
14
17
16
16
17
20
19
31
31
36
41
NA
NA
14
22
20
20
64
86
67
37
49
113
89
63
59
49
41
42
36
37
33
43
42
50
44
28
28
29
21
19
29
26
31
36
39
41
40
38
36
38
41
39
45
38
44
45
38
44
45
50
49
36
31
26
20
20
24
30
34
31
39
32
42
35
37
38
34
36
42
44
42
45
41
32
22
22
21
22
26
12
7
14
10
7
4
9
6
6
3
4
6
4
9
6
9
5
9
9
11
16
30
27
23
31
40
43
44
53
58
61
63
49
44
29
27
28
29
28
35
66
75
80
92
114
135
118
115
112
124
168
96
84
62
58
28
11
10
6
11
13
9
14
17
9
15
27
26
17
13
18
22
26
28
28
26
27
18
15
16
15
14
15
28
34
39
33
28
19
25
24
39
21
30
37
31
28
28
28
34
46
49
49
51
57
40
32
34
36
39
49
45
46
53
11
25
33
35
55
48
50
55
70
74
70
70
70
84
91
103
124
138
140
130
119
117
121
142
131
137
130
142
140
144
137
133
144
177
166
171
179
167
143
153
140
100
53
71
29
9
18
3
20
3
14
4
16
16
13
16
13
33
36
31
16
10
8
12
10
11
8
3
4
8
20
10
4
14
13
11
18
15
14
10
17
25
18
17
15
16
9
15
21
17
22
30
20
13
15
17
8
13
28
28
20
30
26
29
27
25
26
28
32
30
39
31
27
22
31
32
26
30
30
47
48
46
51
59
66
39
29
22
31
32
35
36
39
37
35
37
45
52
58
66
66
69
77
85
79
76
79
66
63
50
49
51
58
70
83
94
108
123
124
124
104
98
83
91
113
111
122
120
122
132
98
65
66
73
66
75
86
89
106
122
142
159
166
173
176
162
126
138
150
158
168
166
146
89
81
69
79
37
53
56
72
80
88
82
86
88
114
140
151
135
151
153
155
140
134
132
124
114
106
88
104
92
85
74
74
69
70
69
70
70
72
75
83
93
99
99
113
123
122
120
109
89
82
63
52
50
51
51
51
65
65
72
73
76
78
80
92
94
106
119
NA
126
114
111
96
112
110
107
99
95
90
83
103
130
133
128
127
130
139
139
144
144
126
122
141
151
154
156
136
84
84
88
88
86
91
89
93
98
67
58
57
53
59
65
81
82
89
100
110
118
130
108
97
56
54
64
57
50
58
66
60
57
63
66
71
70
68
68
71
77
61
44
38
38
48
44
23
21
47
70
89
118
73
61
49
34
35
27
26
31
40
45
58
65
78
93
91
86
71
53
58
59
38
42
57
54
62
57
55
55
61
59
66
78
80
86
88
88
108
114
120
122
119
117
109
108
118
118
114
112
124
127
134
134
61
55
53
64
65
71
69
71
47
22
19
10
29
14
3
NA
15
9
35
3
30
8
8
15
48
40
38
42
45
48
46
53
50
47
44
27
37
39
51
34
93
89
53
28
19
27
29
31
33
44
52
66
68
58
68
65
81
79
75
50
77
79
82
68
55
50
61
63
74
82
87
90
93
97
94
91
91
105
95
80
89
94
69
51
59
51
45
58
66
44
38
52
50
31
51
55
60
45
37
40
48
33
16
5
4
10
12
13
3
17
27
9
32
44
37
22
20
17
17
14
7
11
14
13
10
5
10
13
10
9
15
12
3
31
3
3
32
10
9
20
16
18
13
13
16
13
14
13
NA
11
13
20
22
21
23
16
21
15
13
10
6
NA
NA
12
16
22
23
34
25
29
35
39
37
37
24
22
21
36
32
24
32
55
67
67
72
74
85
79
72
77
75
37
31
42
33
38
41
46
49
43
45
56
56
50
57
81
65
73
82
98
90
96
110
115
151
168
149
15
20
20
23
27
28
36
41
28
15
10
8
6
6
4
5
3
4
4
7
8
14
16
20
26
24
10
8
10
8
14
16
11
11
8
7
9
12
8
10
8
7
9
9
11
14
15
11
10
6
8
6
4
4
6
7
3
8
6
6
12
10
11
13
15
15
18
22
24
17
17
20
22
21
20
24
20
17
17
14
13
8
8
5
10
10
13
16
13
16
17
20
23
35
41
43
63
73
88
116
137
131
114
96
89
100
112
105
103
106
85
78
81
84
66
69
89
102
118
135
124
130
131
131
134
131
126
124
121
NA
131
141
143
141
138
106
70
65
72
91
101
87
68
75
54
46
45
36
41
39
42
44
47
44
35
40
30
36
NA
NA
NA
24
28
35
38
44
38
54
74
89
89
86
54
27
16
19
17
9
8
5
8
8
10
7
5
3
8
8
6
9
13
13
18
6
8
9
6
8
7
7
6
9
12
15
22
20.8
32
25
33
29
28
29
21
32
38
38
44
46
48
26
24
20
19
12
17
10
9
16
12
8
13
13
14
13
14
19
22
25
32
37
38
44
57
64
67
56
51
50
52
58
66
71
58
38
38
36
30
39
37
36
45
50
53
62
62
57
84
127
136
170
189
151
126
136
140
132
113
87
76
72
67
59
56
87
107
113
114
130
155
207
261
296
293
316
326
326
304
278
247
246
240
226
200
175
166
143
125
93
88
94
106
116
120
133
142
118
93
89
93
104
126
141
153
158
160
164
162
149
131
123
99
94
91
89
85
85
87
96
104
113
120
132
137
139
143
154
166
168
174
165
143
117
94
73
85
96
95
107
137
168
186
165
164
144
102
94
85
90
90
94
98
79
73
78
61
51
86
110
131
128
122
141
85
31
30
29
26
32
30
28
27
29
28
29
73
94
103
120
151
164
153
141
134
141
141
147
170
114
91
88
82
90
87
117
150
159
169
172
176
172
198
199
202
196
175
170
180
185
167
153
157
153
148
149
152
161
163
166
NA
156
165
166
174
175
181
78
11
6
10
12
13
9
8
18
26
24
30
28
26
22
24
19
16
16
9
10
10
11
16
21
12
3
17
14
26
29
23
23
26
25
25
27
35
26
27
26
31
30
30
30
22
16
17
3
15
17
13
18
6
3
8
14
10
14
8
11
4
9
10
7
10
20
17
18
19
4
3
3
3
3
3
3
13
7
11
11
14
12
12
22
22
18
17
23
20
15
12
8
6
8
10
8
12
10
17
14
12
31
30
31
36
33
26
21
28
33
29
39
33
34
48
45
37
42
53
43
29
30
22
21
37
33
32
38
36
35
41
45
48
47
37
39
36
38
47
49
70
83
70
67
61
56
46
43
56
72
50
55
52
57
64
66
77
81
90
97
97
112
119
109
91
58
57
53
52
46
64
59
45
36
39
51
52
49
68
68
56
75
87
85
94
102
103
103
94
109
93
86
73
61
62
59
59
66
67
57
55
70
81
99
113
137
154
163
161
173
175
187
200
185
166
168
162
155
127
115
100
91
85
76
62
58
58
61
62
74
85
92
99
96
94
111
98
82
67
80
81
83
80
71
58
44
41
35
35
35
33
39
39
42
47
49
58
47
55
59
57
48
39
39
28
31
36
38
40
42
42
37
51
64
54
54
60
82
75
76
79
95
123
119
122
136
151
150
155
153
139
123
113
106
87
89
112
121
126
131
126
143
155
158
159
152
154
157
138
124
113
120
NA
93
93
55
66
73
79
82
87
95
90
88
74
69
71
64
59
58
48
35
37
5
16
44
24
18
17
30
43
43
41
53
65
68
67
63
57
32
35
29
25
15
19
22
20
27
18
28
39
41
53
54
61
43
36
45
41
53
36
29
36
40
37
29
33
31
35
37
28
34
37
42
42
63
52
55
49
57
53
52
49
50
49
52
56
57
46
54
43
42
42
40
32
32
25
25
24
26
19
23
19
18
23
22
18
19
23
14
13
18
17
19
21
18
20
17
19
29
23
28
31
29
27
26
35
48
61
71
64
64
63
82
62
41
40
36
38
27
29
31
28
37
37
44
49
45
52
61
69
71
35
42
42
35
40
39
30
34
39
33
28
28
34
31
44
76
93
89
65
59
50
43
52
58
55
59
63
77
74
78
62
70
57
53
34
32
42
35
39
73
NA
58
86
87
87
83
80
88
94
100
119
127
98
79
77
66
72
78
87
101
107
123
159
169
167
173
178
192
190
175
175
184
178
107
53
62
68
70
63
62
56
71
85
81
95
95
92
95
106
109
116
91
66
81
100
71
81
24
22
18
23
31
39
48
44
35
45
41
45
70
117
132
141
133
117
99
75
67
69
78
52
36
32
32
32
35
54
48
53
59
57
60
65
78
96
102
126
112
94
48
37
51
68
73
74
61
37
36
46
54
62
72
57
42
38
48
53
60
65
84
101
115
130
113
88
74
64
57
72
104
125
136
138
145
151
154
156
159
155
166
177
163
160
151
116
98
94
89
90
68
73
122
110
110
101
70
65
80
72
64
89
145
57
56
38
48
85
76
69
76
91
106
109
101
84
97
119
79
19
20
23
16
28
34
NA
31
36
41
42
42
35
35
38
39
48
41
34
29
31
42
47
51
56
64
65
55
69
69
72
86
71
65
70
61
87
108
96
110
118
130
127
141
140
139
139
145
175
157
51
18
22
25
29
32
32
38
46
46
49
39
38
38
66
62
72
52
14
12
17
13
13
10
11
8
11
11
13
13
13
13
15
17
18
NA
7
14
16
17
19
26
31
41
48
57
51
52
54
66
84
69
82
94
99
101
107
100
89
87
84
79
83
82
83
78
80
86
82
85
98
74
20
16
20
25
27
26
20
21
21
33
50
71
97
97
72
70
70
68
93
94
100
101
95
100
113
110
110
109
115
113
109
117
99
72
61
64
72
76
89
64
22
4
11
16
16
10
12
12
15
8
9
9
9
7
6
9
9
5
9
20
19
18
15
31
26
21
19
21
26
34
39
41
44
55
63
69
72
77
79
73
81
95
107
122
131
NA
NA
NA
59
56
76
84
91
97
71
22
10
15
11
9
17
8
10
12
12
12
14
15
22
30
47
71
100
120
133
150
165
179
112
75
73
84
89
84
72
69
74
78
74
77
82
97
NA
74
118
107
103
97
101
90
33
24
34
36
32
28
34
31
24
27
22
22
24
20
18
17
19
19
23
23
29
31
30
28
42
45
46
61
70
64
62
54
38
33
32
33
31
29
31
35
31
23
20
24
26
30
32
35
41
38
50
73
70
56
50
49
41
41
32
29
23
19
15
16
17
22
21
25
19
20
18
21
26
43
85
95
112
116
112
96
93
92
102
97
81
68
75
100
95
84
78
63
44
58
66
66
51
52
74
97
103
106
107
109
103
105
92
85
78
81
91
84
65
62
74
83
54
60
69
74
90
96
108
116
122
123
135
131
126
123
125
125
134
139
144
148
159
166
174
183
159
98
96
103
120
125
124
103
104
113
111
118
124
135
134
132
129
85
24
19
19
21
27
22
29
27
21
21
31
33
53
57
45
41
39
31
26
26
21
21
17
17
10
3
8
6
12
6
NA
3
3
10
16
23
26
30
34
30
28
26
17
15
16
16
15
14
17
21
36
36
40
39
48
59
55
47
60
93
92
80
81
78
94
99
93
92
93
95
115
126
136
127
112
97
107
105
106
107
102
95
49
28
29
38
51
55
66
44
23
17
20
22
17
21
21
27
56
142
38
28
39
27
44
41
45
53
51
40
39
44
41
48
51
56
58
60
71
71
63
50
37
36
27
38
NA
62
72
84
67
19
22
21
16
15
14
20
20
22
19
20
27
26
40
51
46
36
20
22
16
14
14
19
25
29
25
19
12
9
13
10
8
4
8
7
10
8
8
21
18
14
15
7
12
10
12
20
19
27
26
24
19
15
10
12
13
9
9
7
5
4
6
8
8
12
10
8
11
12
10
15
20
35
36
26
26
30
28
11
11
10
12
10
12
13
11
15
20
17
22
10
8
8
10
8
11
13
14
16
14
12
12
12
9
11
11
13
12
11
8
13
6
9
10
11
11
8
15
15
20
18
26
25
29
28
27
20
17
15
14
13
12
14
15
12
NA
6
13
9
9
13
13
16
19
16
21
24
21
20
17
14
17
12
9
12
9
11
10
9
8
8
4
9
10
8
9
13
11
14
12
14
16
15
13
10
9
4
7
8
10
6
8
10
11
8
8
7
9
10
7
16
13
21
18
20
29
26
20
15
12
9
12
13
NA
NA
NA
6
11
11
7
8
7
10
14
18
23
25
22
19
26
16
8
3
15
18
18
12
10
NA
NA
13
16
18
26
29
29
27
32
24
28
28
15
22
24
25
24
31
31
30
29
27
21
33
18
17
18
20
17
18
18
18
23
28
28
31
35
42
41
43
45
46
41
38
30
25
21
20
21
25
23
17
20
21
21
22
24
32
27
7
11
6
9
9
9
10
12
12
12
6
10
8
5
8
5
7
7
5
6
9
7
10
18
13
22
20
16
12
10
8
8
8
8
9
7
8
9
5
5
5
5
6
5
6
9
9
12
15
17
19
21
16
14
9
6
9
10
7
6
10
12
10
11
10
10
12
12
14
14
16
19
28
35
25
24
27
30
26
27
24
25
25
27
32
39
46
54
49
40
24
22
22
26
35
41
48
41
31
26
26
25
28
23
27
22
20
15
15
17
20
18
11
14
18
NA
23
20
24
22
29
22
23
24
25
22
20
19
18
18
18
22
13
12
18
16
15
14
14
19
16
14
19
26
37
39
38
41
50
42
37
26
21
24
28
21
18
18
22
21
21
22
17
27
29
22
26
29
35
40
43
43
53
52
54
47
46
44
40
48
53
68
72
62
72
42
37
32
26
32
48
60
59
55
65
70
69
68
60
48
47
46
42
43
41
33
15
14
16
15
11
9
7
4
6
7
4
6
6
8
4
5
4
5
7
4
7
8
12
13
19
14
3
13
9
10
11
13
13
12
12
7
7
9
11
6
9
10
7
5
7
7
8
7
NA
NA
3
4
4
5
4
6
8
11
10
3
7
5
3
3
4
9
5
7
6
7
6
3
3
3
3
9
NA
4
8
7
11
14
19
22
26
33
23
14
16
16
13
14
12
13
16
13
12
14
11
18
19
10
17
16
22
28
35
42
43
46
48
54
47
42
36
38
42
58
78
97
124
131
131
110
67
82
58
67
70
79
81
82
101
109
114
119
130
108
88
81
77
87
90
92
99
102
97
93
100
109
103
107
114
123
140
148
161
170
159
154
151
137
127
124
114
116
118
123
148
146
139
141
143
139
120
102
100
118
126
129
146
147
151
167
163
165
157
152
149
147
147
166
193
210
195
192
189
161
122
117
132
152
159
164
178
177
175
191
193
202
182
146
92
62
57
50
58
59
46
19
15
25
22
21
17
26
40
33
21
17
11
10
13
12
11
11
9
7
5
4
6
3
6
18
10
7
6
15
21
30
38
49
51
53
44
41
32
24
18
20
22
26
38
67
99
134
146
110
92
78
77
61
54
60
60
71
73
86
83
75
74
76
76
75
75
84
94
111
125
118
119
110
99
109
94
93
92
89
97
94
93
95
110
142
166
183
190
204
210
220
224
222
198
187
183
153
135
125
132
27
35
43
47
40
24
18
25
16
13
14
16
14
14
13
11
12
13
9
15
15
23
22
28
32
47
76
84
78
76
71
61
51
50
42
36
33
36
39
52
47
47
113
156
173
189
171
176
175
126
21
NA
25
27
24
17
19
25
24
26
28
33
36
30
24
16
14
20
6
4
6
NA
5
17
22
25
21
33
25
17
11
6
6
10
6
6
11
7
5
14
20
41
44
54
34
38
51
47
56
63
66
71
72
87
84
81
71
66
62
67
64
53
43
40
35
24
18
13
11
4
24
26
27
51
51
44
42
NA
30
26
28
31
32
38
48
69
57
56
NA
32
56
54
57
60
60
61
62
73
69
70
71
NA
65
68
67
71
62
57
60
59
62
64
47
32
29
34
30
25
17
18
23
18
23
24
27
22
29
29
29
26
30
32
27
36
36
32
42
45
43
31
29
33
38
38
51
38
39
45
39
41
40
11
6
3
3
3
NA
NA
3
3
3
3
3
3
6
3
10
12
16
21
21
21
22
25
37
37
32
31
27
60
33
42
37
22
19
17
17
21
22
21
22
29
32
41
46
45
24
39
22
19
11
7
7
6
17
14
25
27
26
25
30
27
24
28
33
31
43
47
53
61
69
60
56
55
47
43
43
40
44
45
70
90
101
109
113
133
144
142
150
156
163
178
170
172
156
157
159
131
124
120
117
113
122
125
135
200
304
319
329
312
308
352
348
347
351
362
389
396
392
366
308
310
326
308
283
274
280
261
240
229
253
268
283
303
323
326
335
356
366
321
293
301
282
277
274
268
266
240
232
228
240
263
273
277
296
333
327
279
260
256
335
361
379
329
94
15
8
NA
5
3
7
6
8
4
10
14
3
4
4
7
NA
NA
6
11
14
8
18
19
26
29
25
19
29
32
49
45
31
30
26
24
10
15
NA
11
3
19
3
3
7
3
8
8
4
3
3
5
3
3
4
3
3
3
6
3
3
3
11
3
3
10
3
8
14
6
4
11
3
4
7
8
6
7
5
5
7
6
8
8
9
11
8
12
5
9
5
3
11
20
24
13
8
9
7
9
8
17
13
13
13
11
24
33
11
17
NA
3
6
6
16
11
14
21
23
20
37
47
27
24
29
25
18
21
21
17
14
12
22
13
3
8
7
20
20
36
15
37
56
48
65
63
63
62
49
32
26
26
28
38
42
41
47
44
54
72
61
81
86
100
112
111
133
133
134
138
NA
115
100
98
95
95
86
85
89
97
83
76
89
79
57
72
69
85
125
132
122
127
140
141
134
116
111
105
100
101
101
99
105
120
154
220
260
276
275
294
286
293
305
323
344
350
353
353
328
313
291
288
270
259
247
239
232
252
270
298
299
313
310
327
328
328
324
332
341
354
326
323
302
226
177
90
40
12
17
15
13
10
16
12
26
36
31
30
28
33
43
46
44
45
45
39
35
33
45
42
41
40
39
32
35
42
42
55
50
52
70
80
78
78
82
83
102
100
103
89
82
84
89
88
78
72
78
78
77
89
95
97
107
102
53
63
63
72
65
67
75
68
69
56
46
41
43
46
43
36
44
45
39
29
36
40
44
64
71
61
76
59
49
51
79
87
84
87
84
NA
78
70
75
68
42
34
26
21
22
24
20
22
24
23
17
23
21
23
28
30
30
28
35
55
48
46
45
46
37
37
33
47
38
47
37
39
44
62
66
65
61
65
77
84
78
84
87
80
80
59
56
50
61
55
61
71
64
49
37
54
43
48
50
60
NA
71
77
34
50
70
59
52
56
47
43
40
49
43
48
53
52
79
83
92
76
55
53
38
42
45
55
51
61
58
41
37
43
45
36
26
25
27
27
33
32
48
52
56
62
61
58
24
14
21
14
21
10
12
10
9
6
8
7
30
15
26
13
20
11
16
23
3
3
3
13
19
23
30
31
40
29
12
8
3
5
6
6
4
5
7
14
8
16
9
8
8
8
9
11
7
8
14
23
31
9
8
4
3
3
5
4
6
11
10
10
6
5
7
7
9
8
13
11
8
8
11
9
5
10
7
9
12
9
11
12
12
15
21
22
16
14
12
13
11
7
10
20
22
28
36
46
70
104
69
43
40
27
28
35
23
12
12
13
14
14
11
6
9
16
19
21
37
37
48
58
68
93
147
103
83
70
NA
NA
NA
NA
NA
41
41
35
27
34
34
30
21
39
57
68
79
129
136
115
114
109
74
65
71
57
47
41
36
31
36
38
35
32
37
42
33
40
62
66
72
84
102
113
117
132
120
109
95
96
92
95
93
101
120
177
232
234
212
177
121
109
112
118
124
139
142
168
182
192
191
189
184
180
170
172
169
176
184
202
218
229
228
232
215
227
234
240
289
315
317
317
316
306
315
312
279
263
235
220
200
156
123
99
65
40
29
25
17
16
18
19
NA
20
14
16
18
14
13
14
17
17
15
18
14
11
11
12
8
10
15
16
12
9
9
10
13
13
6
10
12
10
10
7
7
8
8
7
6
10
10
7
9
12
10
11
10
5
13
19
21
21
18
21
22
26
32
35
38
40
41
38
48
54
54
54
52
53
58
46
52
48
66
77
95
121
130
155
143
145
113
118
130
131
108
84
86
85
83
94
112
127
143
145
144
136
130
148
155
165
171
165
165
164
159
143
126
122
118
117
110
105
115
145
167
166
156
148
150
150
147
142
142
166
149
152
156
142
137
135
137
139
141
136
122
122
130
143
125
63
56
55
61
62
69
75
79
101
104
115
127
128
107
100
99
95
95
94
89
97
117
137
146
168
171
191
205
202
200
199
214
229
238
236
213
199
219
231
231
221
218
201
204
213
223
234
258
243
239
241
229
226
221
224
227
220
225
227
237
242
228
224
229
240
241
242
249
256
266
299
295
298
292
296
311
NA
400
364
343
331
341
364
407
406
377
320
NA
NA
NA
NA
NA
3
3
163
149
112
144
221
217
255
326
260
258
219
137
114
74
118
98
101
84
71
64
67
65
70
69
19
68
32
68
69
67
55
62
71
65
65
78
90
105
111
183
138
100
86
95
84
68
59
45
14
20
23
17
16
94
106
89
68
84
69
63
63
67
71
63
64
66
53
54
53
48
45
56
56
49
58
66
80
79
75
79
84
96
94
102
102
106
106
94
105
99
97
107
114
104
111
114
125
111
112
95
76
3
3
90
87
104
101
90
79
65
66
67
70
65
70
59
55
52
61
67
67
73
79
77
86
102
99
76
83
88
102
105
89
82
53
43
43
49
47
36
36
39
43
43
54
57
55
47
44
48
53
50
51
90
101
103
NA
97
99
90
95
78
70
78
85
48
17
NA
34
56
54
48
47
50
43
49
47
48
57
58
46
25
22
18
17
13
13
14
14
17
29
26
26
21
18
18
18
25
19
19
NA
NA
19
16
11
16
14
13
5
4
8
8
11
9
6
13
17
21
15
11
16
15
17
20
20
32
28
44
42
57
48
55
104
90
63
55
47
48
49
63
74
66
47
34
42
9
10
9
13
14
11
13
11
13
8
5
5
8
9
7
7
7
4
11
8
10
14
14
17
3
16
18
31
39
58
58
110
111
149
133
190
196
146
100
83
114
135
144
207
239
259
258
229
192
208
253
324
328
309
335
348
388
426
382
344
366
321
248
170
139
142
169
251
333
329
292
240
237
256
258
263
251
259
251
223
230
234
217
216
244
226
221
226
254
300
281
314
281
237
202
187
198
186
166
171
162
171
186
209
223
85
60
102
49
71
171
NA
68
99
175
247
267
215
214
297
410
485
512
492
443
428
422
414
406
410
445
430
408
417
409
401
399
465
485
456
518
543
560
565
578
660
689
684
631
563
583
547
505
429
356
NA
NA
NA
26
12
13
12
16
21
21
12
18
NA
NA
8
9
12
11
7
8
7
10
8
9
8
6
5
8
7
9
8
9
11
17
13
16
20
16
11
13
11
13
13
15
13
16
18
17
14
14
10
10
10
19
15
23
17
12
9
10
8
11
14
19
24
25
28
29
26
25
61
66
62
48
47
36
21
19
21
26
51
27
11
15
12
13
6
14
16
25
35
95
221
259
265
226
145
93
84
64
42
35
34
37
44
68
122
138
138
163
168
175
161
152
162
151
156
160
167
172
161
147
147
142
110
101
97
102
108
134
171
175
153
163
181
183
196
227
215
289
307
392
NA
NA
381
NA
333
289
252
200
191
198
200
224
271
262
262
255
201
203
222
234
271
279
295
284
274
269
249
228
226
237
246
247
257
254
230
234
239
248
258
244
253
238
251
268
256
261
296
372
NA
NA
295
285
254
212
198
169
159
158
206
135
74
46
25
7
5
9
9
19
28
23
14
13
11
15
9
12
NA
12
12
10
8
13
13
24
18
17
16
21
24
34
38
48
74
192
154
175
169
131
108
86
66
58
46
36
30
48
60
73
81
87
92
102
110
118
123
145
241
292
324
283
211
197
193
164
110
71
60
56
51
69
73
94
129
131
161
201
241
272
279
288
306
315
361
333
326
309
369
362
362
319
289
268
253
256
278
310
306
330
316
63
21
15
25
29
37
42
62
40
38
40
19
20
11
11
4
7
16
31
16
9
9
3
3
5
4
9
7
8
8
5
6
11
12
6
4
NA
5
4
5
5
7
4
6
4
6
6
6
6
5
5
8
9
12
22
21
10
12
21
22
9
5
5
10
8
13
36
17
24
33
43
43
43
57
71
72
87
98
114
129
148
123
79
63
57
52
40
36
30
31
30
29
24
16
17
13
9
10
10
13
29
59
88
153
241
201
169
151
171
137
104
81
66
65
59
61
60
69
72
85
91
114
126
149
154
209
251
200
206
201
216
248
188
209
212
179
158
152
156
150
167
183
154
168
190
185
187
201
211
210
223
255
228
191
202
232
185
153
174
171
155
155
146
132
138
142
143
151
148
142
135
153
159
186
207
364
409
345
214
205
168
148
120
116
109
106
106
113
119
129
158
192
231
259
448
421
381
367
391
409
386
354
321
309
348
346
343
308
279
273
305
313
310
211
146
104
80
63
61
73
75
193
185
226
164
76
59
38
34
32
31
27
29
31
37
59
171
422
552
NA
NA
NA
345
340
339
380
421
402
423
350
289
270
286
345
408
429
447
475
471
478
461
472
NA
NA
349
539
531
523
518
521
516
510
469
442
424
399
359
305
274
270
271
287
304
299
279
268
259
157
131
165
255
252
246
253
254
96
56
36
39
55
30
6
5
3
7
6
9
18
21
31
38
44
47
62
68
64
99
93
100
95
96
138
131
130
97
73
62
64
58
47
63
53
45
52
41
34
37
53
66
76
110
104
135
208
217
242
260
252
221
158
147
133
117
124
106
93
109
134
186
204
251
273
291
317
466
485
455
486
475
572
525
515
495
470
476
396
370
309
262
124
104
48
33
19
10
16
15
15
48
78
35
24
20
18
22
17
15
12
13
11
9
17
25
18
16
14
17
30
50
60
66
72
86
133
167
222
228
184
151
138
151
160
128
117
103
130
129
131
140
152
159
179
191
197
NA
230
230
305
400
347
310
292
254
233
237
230
202
187
168
154
156
197
223
338
366
385
390
384
375
374
442
512
523
522
644
623
570
414
363
435
361
276
217
244
260
253
231
180
210
203
190
145
148
179
205
NA
285
239
307
258
176
205
154
68
36
40
38
23
9
13
21
6
8
8
9
3
6
11
83
93
36
23
28
19
7
4
5
6
8
9
10
15
18
25
14
9
9
4
7
12
13
28
21
53
38
34
34
27
24
18
18
13
11
11
12
10
13
17
17
17
19
19
17
17
12
25
21
30
17
9
10
22
17
14
10
10
13
9
9
18
9
11
16
21
20
12
16
16
16
20
28
12
11
9
11
17
14
13
14
7
5
8
7
11
12
16
13
9
10
9
10
7
13
23
32
36
48
60
75
78
68
66
48
35
26
15
15
18
23
26
27
32
36
47
50
49
54
67
89
134
99
80
70
NA
58
31
22
19
17
14
13
15
17
22
26
34
25
59
65
64
58
70
75
83
34
9
8
9
9
11
5
4
9
5
7
10
13
16
10
10
4
4
9
7
8
10
40
27
20
15
8
8
14
11
6
7
6
3
8
8
10
12
14
17
12
17
11
13
14
17
22
17
15
13
13
6
8
7
9
12
11
14
15
24
23
24
23
13
12
9
14
11
14
21
21
25
25
23
24
29
38
36
41
72
100
88
52
38
38
42
35
54
23
12
15
15
20
29
38
74
101
98
139
112
170
222
171
124
100
68
47
49
49
48
73
114
124
112
84
85
87
100
120
120
160
246
231
171
160
155
161
167
153
132
126
111
107
108
111
112
102
117
106
103
114
136
136
145
140
151
162
160
162
104
76
81
76
69
27
26
22
30
29
38
28
18
26
20
23
21
32
47
47
47
57
49
29
29
8
3
3
7
7
10
10
10
8
6
13
NA
7
12
11
15
12
14
10
10
11
12
16
15
12
12
17
9
20
11
17
23
28
31
34
45
59
72
100
102
86
79
140
117
90
72
64
49
43
35
38
28
28
33
47
79
89
107
115
107
106
129
132
140
141
165
152
159
131
111
98
90
84
87
90
103
112
128
138
154
159
150
124
122
116
125
139
130
146
158
159
181
188
190
189
175
25
8
6
8
7
6
7
8
5
8
7
4
7
5
7
11
13
9
11
14
13
16
22
19
14
10
7
4
10
9
9
8
7
9
9
7
8
7
9
11
13
9
10
11
9
9
8
6
7
5
10
8
8
10
10
14
13
14
15
13
15
14
17
19
26
24
21
15
17
18
18
18
17
17
10
13
16
28
29
15
13
16
15
13
19
16
21
36
33
35
40
50
41
49
27
18
14
14
16
17
21
22
23
21
15
15
12
17
18
18
21
29
45
52
42
46
70
99
106
87
90
76
70
59
38
33
39
35
29
34
38
49
62
79
107
172
205
237
257
315
329
221
159
164
155
132
122
114
103
116
95
95
81
90
105
110
84
57
51
55
64
76
144
234
238
187
116
112
88
76
66
63
83
84
117
100
88
91
88
75
61
51
50
51
56
69
89
102
107
78
75
135
164
184
174
156
118
77
38
16
14
14
12
19
19
18
24
23
24
20
57
65
34
16
10
9
11
10
10
13
15
9
13
13
17
19
14
16
11
10
8
18
38
26
26
19
24
20
19
11
12
9
9
8
14
10
24
15
11
11
9
NA
8
9
10
10
12
14
13
13
17
14
16
22
14
10
5
7
6
9
15
13
14
10
8
14
17
11
19
24
38
61
125
123
68
25
22
22
23
17
12
13
11
18
40
40
39
50
45
49
42
25
34
43
39
78
57
51
26
19
16
14
9
7
8
7
9
10
13
13
10
13
14
13
11
10
11
16
18
61
75
49
24
16
11
9
6
10
10
10
9
13
14
9
7
6
7
8
5
5
5
7
13
12
8
6
5
10
12
14
10
17
13
17
14
12
18
18
16
14
9
9
10
11
16
18
29
44
59
63
63
66
94
NA
NA
76
71
60
61
27
29
39
38
22
20
14
24
20
16
26
45
129
123
170
244
407
816
941
632
707
536
492
430
406
204
36
15
8
14
3
7
5
4
7
9
27
27
35
29
14
17
16
14
21
21
19
19
16
19
26
30
39
48
44
53
47
44
65
82
86
97
87
96
88
93
103
108
116
89
101
88
84
78
72
71
141
57
74
87
95
99
129
173
225
189
218
224
222
217
216
213
220
210
194
160
156
155
151
150
167
180
197
216
228
224
230
230
227
292
270
251
208
209
188
201
172
145
141
149
168
171
188
172
174
125
138
138
141
138
147
159
172
195
162
139
66
22
13
9
9
7
9
4
10
18
8
4
7
8
5
3
4
7
8
11
5
6
8
9
7
5
8
3
8
6
5
7
8
11
8
5
4
8
5
6
5
3
5
8
11
9
12
15
18
15
8
8
10
8
9
9
11
18
19
11
11
9
11
5
3
7
7
15
21
17
23
17
13
9
12
12
9
9
11
8
17
18
9
9
10
10
4
6
6
7
7
8
NA
9
3
10
8
7
14
9
18
17
15
15
19
17
32
42
33
33
50
43
40
40
46
61
70
81
85
80
62
34
22
27
23
20
11
9
11
10
7
8
8
5
8
5
6
15
10
14
40
23
30
17
13
5
9
9
13
9
13
17
14
17
28
28
27
4
6
3
3
8
4
8
7
8
13
10
9
10
6
9
5
9
5
11
14
15
NA
10
12
10
9
9
16
14
14
24
41
46
38
42
50
69
67
61
41
36
37
32
34
26
37
68
108
106
102
90
131
124
62
63
80
117
124
124
126
124
119
121
124
123
130
133
141
130
140
132
91
44
36
20
12
10
11
20
58
39
28
12
8
10
7
13
7
6
4
6
5
8
10
6
9
9
9
3
7
6
4
13
14
22
19
16
11
12
10
25
25
18
19
17
19
22
30
34
43
38
24
23
25
28
23
22
26
18
14
12
11
16
23
21
20
17
13
17
18
23
26
NA
21
32
44
42
33
35
39
48
52
41
41
66
46
37
31
20
20
23
19
16
35
42
41
30
35
31
45
46
41
42
52
54
66
77
49
30
38
60
39
21
11
12
13
11
10
13
9
8
9
14
10
8
17
18
22
36
53
72
70
61
45
47
54
62
58
62
66
72
80
72
78
52
26
4
7
6
5
9
5
9
11
7
8
10
11
19
11
12
12
9
7
10
9
14
8
9
13
13
17
27
39
40
49
57
70
76
78
83
92
119
136
127
102
86
79
79
93
97
99
94
97
109
111
116
105
103
116
126
154
168
196
208
231
233
208
177
158
159
159
186
181
160
170
184
177
130
76
68
45
80
129
158
171
192
236
266
260
NA
224
212
218
214
216
221
250
266
292
304
312
313
319
334
333
346
357
371
380
384
402
397
387
416
436
417
NA
374
380
378
370
363
375
421
425
308
307
389
319
339
361
403
386
469
387
214
146
81
62
51
47
47
52
49
43
47
55
44
51
45
46
33
36
39
47
42
33
31
40
34
32
34
36
38
41
29
20
17
23
24
NA
27
64
88
84
105
107
111
134
70
78
90
98
96
120
168
133
122
123
122
84
56
25
16
11
3
9
12
10
5
3
5
4
12
NA
3
3
6
3
7
3
11
5
12
5
5
6
10
3
3
10
19
4
5
10
3
9
11
12
9
10
10
10
6
9
7
7
3
9
12
5
14
9
10
12
6
NA
NA
9
13
12
18
29
59
17
12
9
9
11
6
6
7
7
10
16
11
9
6
6
10
10
14
8
12
11
18
25
24
30
31
14
12
10
10
11
11
12
12
8
11
13
10
10
15
13
12
11
11
19
31
48
52
66
66
73
103
189
105
153
109
120
95
150
234
101
119
124
114
106
110
110
117
114
118
122
133
151
192
187
183
166
148
137
161
83
54
25
77
NA
NA
11
9
11
NA
18
54
20
19
NA
58
52
72
84
89
100
82
75
76
76
72
80
91
117
87
81
95
75
56
NA
44
38
54
69
86
97
101
114
119
128
120
114
127
127
124
130
143
143
NA
146
NA
NA
159
165
167
169
168
172
173
NA
278
271
266
280
267
247
224
201
186
197
NA
210
244
259
325
291
280
256
268
256
270
286
298
326
287
246
242
224
222
221
224
221
219
229
240
250
259
273
266
269
275
278
276
274
275
286
307
348
417
402
370
NA
343
347
338
318
305
290
279
233
164
111
53
40
52
42
29
19
61
14
13
10
7
8
45
136
98
86
83
104
100
96
90
95
79
61
67
68
45
44
39
46
53
61
57
60
54
56
59
68
66
67
86
97
72
81
85
97
87
63
33
32
38
26
36
41
46
68
74
95
107
130
131
137
129
116
94
92
79
78
92
113
151
169
153
118
110
119
113
124
132
145
154
164
177
194
196
186
159
146
149
152
153
146
58
64
50
13
16
43
61
71
100
74
61
49
76
79
121
89
89
67
11
4
7
11
4
10
6
5
3
3
3
7
13
8
6
NA
6
10
8
3
6
7
5
4
9
6
12
12
25
23
8
17
5
7
NA
6
10
30
20
3
15
12
29
57
22
11
7
9
8
14
13
6
6
13
8
11
7
3
23
3
3
32
8
15
20
27
27
55
54
57
54
39
33
21
23
22
27
16
15
22
11
6
33
3
31
16
7
14
11
23
14
22
12
9
7
6
10
9
10
17
19
20
7
24
3
20
23
3
4
6
3
17
16
29
35
51
51
48
61
58
68
64
64
83
77
92
103
101
127
124
113
106
113
111
123
115
110
96
41
19
9
8
6
3
8
3
6
14
NA
30
19
3
5
26
13
9
3
10
19
17
29
29
41
NA
22
15
10
7
7
5
5
8
10
12
15
16
19
19
13
22
23
33
46
44
44
55
68
69
104
111
111
117
121
100
90
85
89
133
118
205
251
281
271
283
254
238
201
180
202
192
114
87
84
93
101
134
134
131
134
138
151
151
93
37
NA
NA
9
9
53
3
166
NA
NA
7
NA
NA
NA
NA
3
3
5
3
16
12
3
12
14
44
21
26
73
51
4
11
8
3
3
11
9
11
14
15
14
21
22
74
56
13
21
47
32
10
15
4
3
19
28
21
12
25
22
29
37
35
36
43
74
91
124
30
68
81
76
81
109
116
80
89
80
80
89
82
71
97
94
128
147
151
232
171
129
134
136
117
97
36
197
126
146
173
161
141
185
183
168
166
155
94
50
NA
NA
NA
51
49
34
48
48
43
49
88
78
177
47
90
NA
NA
NA
NA
NA
NA
NA
NA
237
243
253
265
279
283
279
272
269
277
262
261
280
198
81
11
NA
NA
3
3
6
8
3
3
3
5
3
3
3
3
3
3
3
3
3
3
6
3
7
11
3
3
4
9
13
13
18
24
24
36
48
125
61
64
78
77
83
76
71
55
48
43
82
66
68
85
159
170
164
124
87
75
59
45
36
46
43
44
40
44
47
47
45
43
52
49
50
57
53
62
66
65
75
74
74
72
59
43
51
40
35
30
29
27
23
33
NA
33
32
37
32
24
32
39
41
43
50
49
58
61
47
40
44
44
106
106
68
74
77
73
71
95
78
75
88
80
88
98
110
120
107
102
98
90
98
116
118
126
131
143
152
160
169
181
192
208
244
259
304
333
353
343
360
190
NA
3
3
3
3
10
9
8
8
16
31
48
49
46
21
8
9
6
8
4
3
3
NA
9
21
45
29
24
39
30
22
23
30
16
21
34
41
41
47
44
46
45
45
45
40
51
72
84
88
90
90
100
98
103
122
98
73
62
79
107
195
NA
NA
NA
NA
NA
NA
NA
NA
63
140
NA
NA
NA
NA
NA
10
NA
NA
NA
NA
NA
NA
NA
3
3
3
3
6
19
3
11
11
11
9
14
7
5
4
9
11
17
16
19
45
34
33
31
29
30
21
26
14
21
17
11
6
5
3
3
7
6
4
7
3
15
27
24
28
41
54
52
75
87
91
94
97
115
129
151
200
NA
NA
NA
NA
54
66
69
71
71
59
57
60
50
NA
50
47
44
45
45
45
51
50
51
62
44
NA
NA
NA
NA
25
30
31
61
57
57
67
73
80
86
97
142
207
194
198
228
232
232
204
188
NA
108
74
NA
49
33
30
18
31
43
58
50
43
51
48
66
76
77
75
89
79
52
42
32
47
21
20
15
18
30
17
16
15
16
27
9
12
17
13
10
14
11
13
13
18
9
6
3
3
3
14
4
13
28
26
26
79
46
38
43
58
49
48
35
34
32
39
48
63
67
66
77
79
86
101
127
152
142
135
141
124
119
102
69
49
47
52
60
63
66
74
83
95
101
122
145
139
91
81
70
93
109
92
112
111
73
63
59
60
55
63
68
68
NA
69
77
73
79
71
81
81
88
89
83
70
64
61
NA
70
87
69
75
66
75
80
78
83
84
99
119
101
82
71
NA
75
79
85
84
96
96
111
123
127
139
144
138
139
130
125
105
79
72
60
85
82
46
82
73
50
101
133
88
70
59
52
43
33
33
30
30
30
26
24
32
34
51
43
47
62
90
123
151
181
204
204
189
202
236
208
235
243
236
232
245
259
244
243
231
207
174
164
169
160
138
149
175
182
184
127
126
172
187
191
196
203
203
210
201
204
210
218
226
228
241
240
242
217
228
NA
NA
NA
NA
NA
NA
NA
250
325
NA
NA
NA
NA
NA
NA
NA
NA
NA
NA
NA
NA
NA
NA
NA
NA
NA
NA
NA
NA
NA
NA
NA
NA
NA
NA
NA
NA
NA
NA
NA
NA
NA
NA
NA
NA
NA
NA
NA
NA
NA
NA
NA
3
NA
NA
NA
3
NA
3
NA
NA
NA
NA
NA
3
3
3
3
3
3
3
3
3
NA
13
19
24
25
22
26
21
23
23
26
35
22
20
11
15
15
14
22
35
37
39
38
39
40
42
50
56
48
49
50
61
56
57
59
80
194
306
334
282
107
29
24
30
21
62
17
11
10
11
11
11
8
6
11
13
15
9
14
14
12
26
15
12
17
12
12
20
33
13
22
11
14
12
12
14
14
18
12
NA
19
28
32
33
39
41
39
48
44
36
47
55
67
88
99
102
97
64
50
42
40
43
55
44
39
37
32
28
25
25
23
31
31
31
30
36
41
42
40
41
39
35
23
18
17
16
16
16
18
22
21
25
19
20
21
21
19
17
17
16
20
19
19
20
15
18
15
22
27
31
31
35
39
40
58
63
70
83
80
81
96
116
129
133
138
131
138
136
134
140
138
131
132
125
118
119
114
124
123
125
148
149
128
55
4
3
13
6
9
8
14
19
19
17
10
8
5
7
6
11
23
27
21
22
27
28
26
21
19
12
12
13
16
17
23
52
49
24
41
37
42
45
28
23
19
31
30
35
35
39
57
44
28
20
23
32
26
30
32
36
39
38
40
39
44
43
49
53
52
59
67
68
65
70
72
76
74
77
71
57
59
36
24
14
3
4
3
8
4
3
6
9
12
20
22
25
25
25
32
30
24
17
14
13
14
18
21
27
23
21
13
8
7
13
15
13
13
18
20
27
37
55
48
50
46
34
31
40
51
67
77
78
88
109
105
83
70
60
42
44
60
56
56
52
38
39
39
42
58
82
55
62
75
79
78
72
61
55
49
44
49
58
58
57
54
56
71
86
99
89
85
88
98
110
117
121
121
110
113
111
97
79
69
68
68
64
55
63
81
88
88
95
102
102
102
103
100
101
98
96
101
98
100
90
93
85
80
70
64
47
36
32
36
45
58
60
57
59
65
63
60
57
64
59
55
45
60
56
58
60
83
64
36
40
31
28
25
32
34
44
56
56
51
43
NA
40
49
38
34
40
37
31
36
33
44
41
45
43
53
43
45
57
69
84
83
81
76
67
50
52
62
64
66
75
72
72
72
79
86
76
77
77
79
39
11
8
9
8
7
5
8
3
9
10
10
19
31
28
34
24
15
19
12
15
14
18
15
16
18
18
13
3
5
7
7
7
6
13
13
15
NA
8
13
11
13
15
15
12
17
6
19
15
10
24
19
15
19
18
17
22
29
21
32
30
16
17
13
10
8
9
3
5
23
11
11
10
22
23
29
34
29
32
35
38
38
31
29
26
50
73
101
107
73
47
32
34
61
45
50
45
68
84
43
35
34
33
36
48
44
51
48
55
57
66
81
57
42
42
41
42
41
40
39
37
45
47
52
47
48
54
56
64
59
57
36
19
7
12
13
8
11
5
6
9
19
17
22
22
42
50
47
34
31
33
32
30
34
36
38
45
57
66
82
78
90
84
89
104
118
118
115
120
126
128
135
146
149
139
117
88
100
112
56
48
42
43
45
42
33
28
32
42
32
41
37
39
42
34
35
36
24
17
16
27
24
24
26
30
36
29
30
27
21
17
18
32
30
30
25
29
33
36
38
46
44
39
35
39
39
37
39
43
41
41
44
55
66
58
41
44
41
34
39
36
38
42
52
61
61
57
61
66
61
63
65
64
63
63
73
72
80
80
77
76
65
68
68
74
78
73
72
76
82
96
103
82
77
80
81
92
116
118
115
123
95
89
95
66
70
72
92
101
94
98
103
96
93
79
60
46
53
60
52
59
63
62
61
64
78
87
89
78
72
76
62
48
35
36
27
27
30
32
31
43
40
49
62
63
75
69
69
66
81
92
92
NA
78
123
129
134
148
78
62
62
58
57
34
38
52
68
65
53
46
43
57
51
52
51
45
49
54
50
56
61
59
72
89
103
105
106
108
116
117
125
133
146
155
153
136
126
119
112
90
87
80
86
89
104
132
156
167
159
170
NA
130
122
124
133
152
166
164
165
172
172
156
85
62
52
62
60
58
57
56
62
52
47
54
45
48
58
51
51
50
60
62
64
93
98
117
133
131
134
121
59
18
5
8
NA
7
6
3
5
3
4
6
5
7
8
4
3
5
4
3
3
3
9
9
4
8
10
12
21
25
24
56
68
81
81
77
80
82
81
82
82
88
86
91
83
68
64
50
38
37
47
53
75
95
101
94
79
51
37
35
36
42
37
38
42
42
39
32
38
38
34
36
39
36
35
45
44
53
58
54
55
59
56
49
39
38
43
38
26
21
21
22
25
26
12
13
14
13
17
14
13
11
13
14
18
17
13
12
14
8
11
12
14
9
11
11
12
15
11
14
16
16
23
22
13
10
11
16
14
13
14
13
15
14
16
16
22
22
20
19
20
14
11
18
23
17
NA
26
34
33
14
12
15
15
24
26
22
23
20
19
22
24
19
19
15
12
11
13
15
18
18
19
19
14
20
23
21
27
23
20
23
21
25
26
28
41
43
39
51
44
35
37
39
43
43
46
49
60
77
85
81
73
75
77
83
89
82
76
73
80
83
65
59
38
43
24
28
31
36
42
40
61
108
167
198
218
187
182
NA
144
139
92
76
75
68
77
76
74
73
76
66
39
23
35
59
64
74
66
67
70
75
82
88
83
82
87
98
134
138
142
114
93
92
NA
99
90
71
66
34
24
17
17
15
12
NA
20
24
28
30
32
40
34
45
60
66
74
67
62
63
66
83
101
109
138
127
121
135
131
122
120
122
124
124
83
52
53
120
169
172
144
112
105
71
53
58
92
NA
NA
13
NA
10
11
13
21
20
22
22
12
5
14
15
8
12
12
8
5
7
9
NA
9
10
16
13
8
3
5
10
6
8
9
15
16
13
15
14
13
23
25
22
27
25
36
25
33
44
45
48
48
50
46
44
38
35
33
31
31
34
37
48
61
63
84
83
25
37
41
41
37
44
51
47
48
47
50
51
56
62
74
79
88
82
47
44
73
70
59
81
94
91
71
79
64
48
44
40
45
51
64
57
53
60
56
49
34
24
21
29
41
37
31
36
45
60
70
67
54
55
69
73
79
76
80
77
83
85
82
86
99
115
108
106
102
100
98
106
96
94
96
111
120
112
43
30
24
17
20
22
22
19
18
29
24
38
65
70
59
47
35
27
25
23
27
35
52
80
101
25
6
6
7
7
6
8
5
9
7
9
3
9
4
10
NA
NA
3
4
6
6
6
35
46
35
68
94
90
101
105
102
100
62
68
89
77
70
60
58
61
46
24
23
28
NA
31
42
NA
55
61
70
75
78
85
86
76
70
67
79
82
66
60
56
46
48
43
28
44
49
57
65
85
95
129
199
237
210
181
167
NA
139
116
112
110
117
116
107
98
93
73
85
85
85
56
44
33
NA
NA
82
120
125
128
118
120
121
NA
47
52
51
33
50
49
58
65
64
72
66
70
77
98
122
117
99
111
87
86
124
119
111
105
91
71
91
98
86
76
65
50
39
37
47
55
62
82
91
99
108
123
132
139
138
133
114
114
115
120
120
123
132
123
116
111
107
108
110
105
90
81
73
67
45
39
50
57
58
61
64
63
69
71
76
91
97
106
105
108
108
92
85
105
107
81
55
39
38
41
46
47
56
59
64
69
72
76
70
85
100
101
85
78
74
71
75
69
67
93
106
143
150
155
139
131
122
123
128
136
148
152
143
128
106
51
45
43
49
52
53
52
46
50
46
45
43
49
65
73
81
100
119
133
134
119
109
101
91
75
73
61
56
44
44
72
79
68
70
69
62
58
56
57
59
78
96
102
97
73
NA
NA
10
12
11
8
6
7
3
6
6
7
11
9
12
12
19
17
10
14
17
14
16
10
8
14
14
13
12
15
14
21
21
24
30
31
36
35
41
30
42
45
45
36
40
38
39
34
32
26
25
33
32
31
29
27
34
45
35
57
64
69
60
56
63
52
37
35
37
32
32
28
30
28
NA
NA
NA
NA
20
23
25
21
21
19
26
25
24
22
22
24
25
23
25
26
26
24
23
29
28
28
25
26
23
25
28
33
36
39
46
60
48
49
44
47
52
39
41
45
52
71
74
78
86
84
84
96
101
104
109
110
128
121
130
126
125
114
119
125
102
NA
NA
NA
NA
NA
NA
NA
NA
NA
NA
NA
56
86
83
92
109
97
79
58
68
68
92
90
84
86
97
83
103
99
77
77
75
79
91
95
106
101
80
62
62
69
88
89
89
89
88
77
64
57
55
53
47
42
28
18
13
14
8
7
3
5
5
3
3
3
5
3
7
5
3
3
5
4
5
8
4
6
13
9
11
15
25
33
33
30
28
22
32
43
56
67
77
90
92
82
74
72
76
91
97
92
71
66
58
55
73
67
69
69
52
58
60
63
72
75
89
92
90
116
117
NA
111
106
105
124
121
109
124
154
183
147
87
93
71
67
47
9
18
21
24
25
29
37
41
41
36
39
40
34
40
57
63
78
84
83
112
115
112
64
41
35
37
45
44
51
50
57
53
43
17
8
9
12
19
27
32
46
53
46
27
31
35
33
29
10
10
3
3
4
7
7
7
10
9
9
11
6
7
5
12
11
10
12
22
28
21
33
44
52
62
62
64
60
43
31
24
25
27
31
47
47
53
48
44
51
45
73
55
58
88
112
22
23
28
26
23
27
21
22
22
23
30
35
14
21
21
26
48
60
68
70
68
61
52
64
71
88
98
110
106
109
120
121
124
123
95
89
79
71
83
88
108
106
101
127
134
144
139
143
141
158
180
169
139
107
NA
118
118
132
159
159
165
NA
163
178
211
223
222
212
79
33
45
32
32
37
49
39
37
48
44
52
53
53
73
53
60
60
54
39
28
25
24
23
31
35
33
37
40
49
51
45
45
43
40
40
37
34
30
34
32
37
38
43
64
42
44
49
43
45
50
52
54
67
76
79
79
70
64
54
35
32
38
26
20
19
13
16
19
16
23
14
19
33
34
35
38
42
50
53
69
80
101
110
97
77
58
51
43
50
37
26
24
22
23
34
49
40
46
46
47
60
69
86
116
127
133
159
173
188
187
191
176
NA
100
NA
77
NA
NA
67
NA
NA
NA
77
134
95
57
46
41
64
66
65
66
59
58
63
62
62
51
51
57
68
45
47
52
59
75
84
101
109
109
108
118
114
108
105
104
100
100
111
133
137
116
113
102
93
83
79
74
73
74
83
93
106
119
29
16
18
41
28
26
25
20
16
13
15
10
12
12
12
14
13
15
15
20
22
25
31
30
33
43
52
56
57
46
22
20
19
16
18
18
11
14
12
16
15
17
21
19
24
39
55
49
45
36
45
55
62
68
62
56
49
43
34
NA
33
35
41
43
45
51
55
55
64
82
96
110
120
125
128
135
135
147
138
142
133
121
92
80
73
74
61
64
66
69
72
77
NA
80
78
79
79
73
73
77
77
76
84
86
84
89
90
96
104
99
73
73
75
79
76
72
72
74
85
81
89
94
89
90
85
86
85
85
96
117
121
124
66
23
20
14
17
20
18
24
18
20
21
24
28
24
22
23
20
17
23
26
20
23
23
19
24
20
18
21
18
10
16
24
19
21
23
23
17
20
14
12
10
10
10
12
10
16
10
5
7
9
7
13
14
18
22
25
31
36
44
58
86
76
46
43
46
51
18
16
16
16
17
14
14
16
17
17
13
15
12
10
17
25
26
23
32
31
23
20
19
15
16
19
18
16
20
19
16
20
13
23
34
35
32
32
34
40
36
37
35
35
42
48
51
53
54
51
51
54
58
66
65
65
61
64
67
68
62
59
59
70
81
96
105
104
96
92
92
91
89
100
91
75
66
59
58
69
59
47
47
45
37
32
24
24
39
51
28
32
21
9
7
5
6
9
11
12
8
12
9
9
9
11
15
13
14
16
33
45
44
46
52
52
55
55
52
57
63
65
60
35
28
20
24
23
20
27
34
31
31
26
20
28
40
47
48
44
41
47
45
41
37
33
34
35
37
40
45
56
60
58
74
65
47
44
47
48
67
84
94
104
112
131
134
141
129
118
116
100
53
43
34
30
38
29
29
29
35
38
NA
68
76
84
75
81
63
57
70
75
85
91
110
113
80
79
72
54
56
52
58
51
49
57
67
73
76
76
74
73
75
69
68
70
70
65
61
63
63
66
70
62
57
55
76
75
72
83
100
107
119
136
146
142
151
141
98
21
9
11
8
7
5
7
3
8
3
10
7
4
9
11
11
14
11
11
10
9
9
5
8
5
7
12
16
3
8
11
14
18
3
3
3
8
10
7
9
18
31
36
28
32
24
15
14
10
14
16
14
13
13
10
8
17
6
7
3
10
8
8
17
24
22
16
14
11
8
9
9
10
6
9
9
13
3
7
11
9
3
4
8
NA
11
9
16
25
22
29
32
34
27
15
10
12
10
9
8
11
16
16
18
14
15
6
20
12
19
16
31
38
38
49
47
39
31
22
21
20
21
18
21
27
21
24
30
29
32
25
25
32
35
35
34
36
38
52
49
43
38
28
29
25
26
23
21
14
20
12
3
17
31
11
3
5
8
13
12
8
7
10
9
10
6
3
8
6
5
6
4
8
6
NA
NA
3
6
3
3
4
7
7
5
5
5
6
10
6
7
9
8
11
12
10
11
13
7
10
4
3
7
5
5
4
6
8
8
8
9
9
8
7
10
13
9
8
12
12
10
11
7
9
8
8
8
13
10
20
26
29
33
37
47
52
62
88
106
116
124
130
128
128
130
NA
NA
NA
NA
NA
NA
NA
NA
NA
NA
52
80
77
31
25
28
20
20
24
32
37
40
33
26
31
31
31
29
25
22
15
17
14
13
16
24
30
32
34
33
22
16
17
15
14
13
10
14
17
12
13
11
13
16
8
5
14
NA
NA
NA
NA
NA
NA
NA
NA
NA
NA
NA
NA
NA
NA
NA
61
57
52
43
36
36
33
35
NA
NA
39
33
22
23
21
23
29
31
27
38
36
28
24
22
21
23
21
21
16
15
10
10
12
8
10
25
31
39
45
40
33
24
23
16
16
15
16
16
13
15
11
10
12
8
7
12
12
7
16
24
34
30
19
12
9
10
9
NA
9
6
7
4
8
8
5
3
3
3
7
7
9
9
24
39
60
64
75
107
127
80
20
19
22
24
27
31
26
28
23
20
16
16
23
20
20
21
23
20
25
33
26
31
34
31
27
25
23
23
23
24
24
18
18
21
27
24
29
26
29
33
33
41
42
34
41
46
43
46
58
61
64
65
55
49
88
131
147
143
140
141
141
128
107
93
90
89
103
123
124
124
121
120
114
110
104
103
101
104
131
148
156
161
171
165
142
NA
NA
NA
NA
NA
NA
NA
NA
NA
NA
NA
NA
NA
NA
NA
NA
NA
NA
NA
62
61
49
53
47
45
45
68
100
128
152
194
201
192
189
181
160
140
141
142
144
162
NA
NA
NA
NA
NA
NA
NA
NA
166
222
110
16
25
25
24
44
69
71
76
71
54
30
29
29
30
28
31
35
32
28
20
26
56
12
15
17
24
25
20
19
16
20
16
17
17
23
30
25
25
24
20
24
20
NA
NA
7
11
16
18
24
27
25
12
12
11
9
NA
9
7
8
6
5
7
7
3
7
10
9
3
7
7
3
6
19
21
43
39
39
29
16
8
12
9
7
10
8
6
7
8
12
10
3
7
16
11
20
22
30
31
37
45
47
45
38
42
39
35
35
40
39
42
40
45
49
53
53
62
67
63
58
59
67
66
64
65
NA
77
67
NA
60
52
53
52
58
NA
NA
71
72
80
91
105
108
111
112
114
137
124
NA
123
129
133
128
131
122
128
131
125
132
148
156
161
162
NA
146
120
132
127
118
144
170
174
168
189
183
94
17
18
20
14
25
25
21
27
26
45
75
NA
108
118
130
154
183
194
206
214
222
227
227
210
211
203
NA
194
189
180
172
NA
NA
NA
NA
NA
NA
NA
111
132
132
132
146
117
119
94
85
102
111
108
77
22
24
31
29
27
36
36
45
49
48
47
46
52
57
67
72
84
94
84
78
69
71
72
65
41
16
16
15
3
9
5
9
7
3
8
9
14
12
14
10
16
15
7
6
11
6
7
9
7
5
6
10
9
5
9
12
5
10
9
3
3
3
13
20
26
35
57
47
43
24
22
24
19
16
17
24
25
33
47
52
59
56
54
54
61
66
81
89
84
102
96
87
79
76
69
63
62
68
69
70
78
73
74
85
98
98
96
105
126
112
125
127
140
169
170
168
168
166
145
147
146
144
142
148
163
194
205
215
225
227
225
180
154
143
152
176
200
221
228
215
189
162
139
122
117
120
113
130
136
136
140
172
167
170
160
155
169
188
221
222
229
214
142
109
97
85
76
70
62
60
61
78
126
155
167
151
82
66
42
68
94
114
130
145
174
185
220
58
31
35
35
34
34
33
29
35
40
43
38
41
46
41
50
53
56
58
52
47
46
39
35
27
30
26
31
55
61
56
59
54
57
82
74
69
72
76
84
81
82
88
95
105
106
110
105
96
82
82
75
87
88
94
94
82
72
63
63
61
65
71
80
81
88
92
86
92
88
77
84
73
64
63
53
48
47
46
47
49
57
54
58
60
57
63
69
71
69
77
73
82
74
60
57
42
25
22
26
17
16
NA
NA
23
20
22
23
24
21
12
14
32
NA
3
9
14
14
19
26
28
29
24
22
23
NA
NA
NA
NA
NA
NA
NA
3
NA
16
55
38
22
17
23
31
40
44
58
55
51
50
50
47
43
40
39
39
38
47
78
90
91
98
107
117
124
125
120
123
140
154
150
140
143
144
139
138
136
133
132
132
136
138
126
141
172
170
171
160
125
101
89
83
83
84
74
68
74
76
68
64
67
70
69
69
66
68
70
80
90
95
93
91
83
80
95
100
111
121
121
119
125
132
126
110
99
90
89
90
99
112
121
137
156
161
164
17
NA
194
203
224
225
211
217
206
201
184
168
163
151
151
149
144
154
234
313
299
267
310
383
397
343
317
298
260
253
262
260
240
188
172
153
130
123
130
126
96
98
107
107
131
139
151
149
145
150
155
155
158
171
159
146
147
148
143
121
111
110
109
110
115
129
137
139
131
117
116
119
115
104
104
119
124
117
109
106
105
106
98
87
84
73
56
69
67
66
47
25
24
20
19
23
33
46
55
54
52
61
66
70
68
64
58
46
47
43
42
42
41
48
57
78
92
106
118
121
126
129
127
124
135
146
142
148
163
164
160
152
160
164
160
143
136
150
193
228
258
281
313
319
321
317
300
268
221
195
186
163
162
162
176
169
164
170
145
79
58
58
56
51
47
47
41
32
25
39
51
53
46
34
29
31
30
32
31
35
34
34
30
30
33
30
27
36
44
51
53
55
56
51
45
40
39
39
34
33
27
16
14
15
15
17
13
9
4
3
4
5
6
9
8
7
11
10
9
12
16
11
13
16
18
27
19
21
17
16
17
26
32
22
17
14
16
14
15
13
13
18
22
14
29
31
40
51
52
57
42
30
27
22
18
17
16
17
26
56
68
85
102
98
101
102
99
101
102
101
101
101
101
106
97
85
85
86
75
70
73
73
65
59
59
71
90
100
105
120
116
108
115
124
126
127
119
117
111
105
98
89
52
5
4
5
NA
4
3
6
NA
NA
NA
NA
NA
NA
NA
NA
NA
NA
NA
NA
NA
NA
NA
NA
NA
NA
NA
NA
NA
NA
NA
NA
NA
NA
NA
25
23
21
25
30
32
31
30
32
23
12
12
15
12
16
9
6
7
4
4
7
5
3
5
3
5
6
9
11
19
22
34
45
31
28
22
21
15
11
11
14
14
15
16
27
27
23
24
26
28
32
44
50
58
51
61
68
76
77
76
77
74
63
62
72
73
78
NA
87
84
84
41
6
5
5
3
3
4
4
3
3
3
8
4
3
3
7
8
5
4
3
3
3
3
3
5
6
7
21
35
40
48
49
54
27
30
35
31
30
32
23
30
30
21
20
14
26
8
15
53
59
55
68
73
101
120
123
141
142
127
112
86
74
70
66
64
78
83
85
62
NA
26
87
94
98
113
118
132
147
148
166
181
180
159
141
126
106
98
89
88
98
127
186
231
256
267
283
311
307
298
282
273
247
218
205
170
157
133
141
160
148
123
104
98
96
115
178
264
296
286
290
291
264
236
193
151
134
111
100
104
99
90
80
72
70
75
81
121
159
206
189
165
214
214
239
238
229
220
203
182
178
148
141
131
124
116
109
106
90
70
56
52
54
50
53
45
41
41
43
46
51
59
76
90
90
87
93
90
88
94
93
93
87
82
75
68
67
68
51
32
14
6
5
6
6
5
5
9
8
6
7
5
9
6
6
11
14
15
14
13
12
17
17
21
28
28
27
31
32
38
56
80
107
123
134
100
83
76
75
69
62
58
53
60
76
93
110
136
154
161
168
180
184
186
196
201
210
219
247
243
220
178
155
147
147
141
136
128
120
115
122
133
147
169
185
184
184
179
177
180
173
155
148
134
113
111
102
103
107
120
127
102
91
76
75
71
66
63
54
42
42
67
77
99
111
106
116
123
127
71
53
54
51
49
44
42
44
38
38
40
46
77
97
88
84
74
75
86
86
70
56
60
53
53
52
50
51
48
54
52
52
56
59
66
86
101
111
127
150
172
169
169
177
185
186
186
180
164
148
133
133
98
57
25
3
3
3
7
3
3
3
6
3
3
4
6
13
6
8
12
8
6
6
9
4
10
8
15
13
32
46
38
34
49
50
47
47
57
64
90
119
130
120
102
88
89
84
78
79
68
65
78
69
64
68
73
72
83
85
91
92
95
108
124
148
190
208
192
166
140
163
198
168
164
146
146
137
135
125
113
112
116
129
146
162
168
175
181
192
195
192
188
187
188
173
160
154
148
151
155
158
157
168
183
194
200
207
214
219
224
221
209
206
195
198
200
169
188
230
216
179
147
130
127
117
110
76
33
27
27
26
34
36
38
55
120
123
107
104
104
92
69
56
51
50
48
48
52
53
54
57
56
63
62
54
20
14
10
12
12
11
7
12
13
12
10
3
7
8
3
6
8
6
6
5
6
9
8
5
7
4
5
9
7
4
3
3
7
3
3
11
3
3
3
6
6
11
8
4
6
4
3
7
9
3
6
23
23
16
12
8
8
7
10
12
9
7
6
11
15
13
7
22
18
12
7
8
10
10
21
43
40
31
9
12
19
25
20
8
5
23
20
14
12
23
34
18
24
48
67
84
87
77
83
105
124
136
140
151
150
140
131
116
106
93
78
69
64
69
70
73
81
84
92
94
103
120
128
186
250
298
327
338
338
351
334
299
278
260
238
221
228
241
232
240
239
169
103
78
121
248
220
196
245
232
234
314
321
295
300
234
203
220
172
107
36
8
26
20
7
3
3
3
7
8
12
9
15
26
117
45
24
34
53
66
52
43
28
26
22
21
28
39
37
36
40
41
56
58
58
60
60
61
83
78
80
53
66
61
48
46
35
29
27
34
39
87
140
97
95
83
76
78
82
94
109
105
110
106
96
113
123
115
108
101
104
107
124
117
127
153
152
170
184
174
74
18
26
13
6
5
4
11
18
24
14
19
17
17
25
20
14
10
9
13
14
13
10
7
7
5
12
19
16
17
25
57
67
70
76
63
40
33
42
32
27
31
42
38
44
52
57
59
55
52
59
76
102
142
188
185
145
127
116
96
94
72
63
58
56
54
58
64
93
156
215
245
260
308
372
403
457
519
537
545
521
495
455
409
394
319
257
223
216
207
209
206
182
179
153
125
90
69
97
228
286
312
313
323
337
329
291
171
116
161
209
190
128
82
48
31
3
6
3
3
3
6
3
3
10
18
13
33
34
34
58
61
78
101
87
46
42
38
44
45
58
78
72
87
102
109
121
143
175
192
178
188
207
151
110
63
48
45
50
52
52
55
116
142
132
133
127
139
114
102
113
129
168
186
162
163
164
154
140
135
132
130
125
119
126
152
186
192
150
19
3
3
6
8
12
8
3
9
10
7
8
8
16
22
16
13
10
14
13
12
7
8
6
3
5
7
9
9
11
23
56
75
106
114
84
65
51
39
27
18
14
10
10
11
12
16
18
16
8
5
3
16
32
35
50
110
105
162
203
216
147
109
93
77
73
63
58
57
59
61
89
150
192
193
185
203
229
252
243
237
264
254
227
230
224
223
218
225
225
221
217
208
198
197
196
197
195
180
173
196
255
267
260
257
327
303
297
275
179
105
62
23
8
5
3
5
7
6
6
6
5
8
3
6
9
15
16
18
12
6
4
3
4
4
5
3
3
3
4
6
5
5
8
9
4
8
9
13
20
45
91
70
71
99
127
132
101
63
51
32
25
24
26
12
14
11
9
4
8
4
5
7
6
9
12
18
16
25
21
11
14
13
18
19
16
16
14
17
23
29
38
42
42
57
73
78
80
62
58
69
131
217
175
114
98
85
73
72
67
53
53
65
90
90
113
152
207
229
248
266
270
325
396
372
331
328
347
305
300
315
268
221
195
173
165
164
167
149
135
110
97
91
91
86
92
95
143
187
243
310
303
270
259
172
130
125
120
117
96
94
105
94
71
60
51
61
67
73
93
105
286
508
475
408
268
285
289
267
257
254
234
227
228
235
238
254
244
280
359
386
382
377
327
305
302
298
310
332
318
309
276
246
231
226
222
237
291
334
349
371
392
424
433
422
413
418
419
413
406
421
457
523
489
498
511
484
439
391
180
15
13
14
18
11
10
7
6
5
7
5
10
18
18
19
18
20
17
16
14
14
10
8
10
11
10
10
11
13
NA
NA
51
8
9
11
12
16
40
66
70
124
132
125
124
105
87
73
67
60
47
44
52
108
121
126
121
102
99
96
100
121
133
125
153
165
168
152
141
120
98
88
89
84
87
88
89
103
115
110
115
121
137
133
135
131
145
131
181
164
152
155
153
144
125
115
92
18
14
11
115
6
7
7
13
6
9
6
11
14
16
14
12
10
10
9
11
6
7
10
8
8
10
8
15
19
19
18
14
14
14
18
22
44
67
85
129
108
117
130
142
157
154
154
146
146
158
136
126
119
68
41
16
7
5
12
14
14
12
10
8
9
19
9
9
10
11
11
12
11
12
11
12
11
25
15
27
26
44
52
59
71
75
86
119
192
241
206
177
140
100
84
59
71
45
56
100
114
108
189
181
219
140
222
233
161
151
144
382
341
325
330
253
227
205
182
144
173
121
117
144
130
101
93
104
118
162
181
200
226
310
430
488
540
587
483
473
411
394
398
384
378
371
368
382
388
448
522
503
501
509
455
426
411
393
373
386
410
418
474
449
419
397
369
276
226
167
107
84
50
25
21
73
95
118
204
266
242
266
304
307
300
364
276
264
265
235
219
201
193
173
203
181
148
144
119
127
125
166
449
535
488
470
530
507
494
472
473
477
472
582
554
450
439
337
249
313
229
313
332
292
258
249
249
3
233
345
364
255
192
181
175
165
189
271
257
274
288
307
292
281
319
311
290
254
204
179
166
165
172
165
163
190
214
240
200
248
367
331
308
209
187
209
220
195
161
170
171
181
184
184
182
184
189
187
227
271
272
247
224
221
196
190
170
155
140
148
163
170
163
136
127
125
121
129
131
129
124
129
142
131
139
165
211
153
123
126
53
30
32
37
40
31
28
27
19
18
18
18
22
31
21
12
6
5
8
10
6
10
7
5
8
12
14
11
21
16
12
12
9
9
12
22
30
38
45
55
73
99
113
104
45
7
6
4
3
4
9
11
20
25
10
6
10
3
9
10
6
12
13
9
17
23
24
13
29
24
41
42
38
36
31
31
35
38
52
51
58
47
29
18
27
31
48
42
45
48
15
22
22
29
45
32
51
28
39
26
29
38
39
38
22
11
21
57
69
80
90
113
83
13
10
16
10
13
10
2
2
16
15
9
18
13
14
18
18
10
10
12
2
13
13
11
16
8
9
15
11
6
14
13
2
4
17
19
15
13
16
7
10
2
12
17
23
36
54
77
82
61
53
56
56
42
51
49
37
53
45
56
59
64
52
59
34
46
47
52
55
57
73
106
110
102
123
131
111
117
126
116
123
108
80
84
87
87
86
100
98
104
10
13
100
116
114
119
138
144
153
143
153
162
148
144
137
138
125
129
119
126
136
136
158
147
136
132
132
160
174
191
180
153
136
98
54
36
23
20
19
24
28
30
27
22
13
12
17
13
11
13
25
29
39
51
80
91
99
140
152
141
130
109
103
95
94
92
91
99
20
3
3
3
8
8
3
7
11
12
10
7
3
5
8
4
9
9
5
3
9
11
11
10
8
11
6
12
14
13
19
28
48
52
76
85
94
121
124
81
63
63
63
58
55
27
4
8
9
4
5
8
9
6
7
6
7
5
7
5
7
19
13
8
8
6
5
5
6
7
8
10
9
7
7
7
8
12
18
18
32
48
42
38
23
19
16
14
14
16
8
12
10
10
11
13
10
12
9
14
19
31
41
42
45
66
104
110
164
187
145
109
70
64
45
30
34
29
27
28
27
23
20
38
47
59
60
80
114
120
131
157
190
234
202
185
155
128
109
102
130
115
95
88
98
123
151
NA
165
175
188
200
208
253
241
298
338
343
333
313
309
274
258
257
253
242
245
254
276
292
264
244
3
3
4
10
8
13
8
7
6
7
7
7
8
14
10
9
9
10
15
32
22
26
41
43
44
39
46
58
93
140
192
405
531
609
637
762
650
671
640
593
433
330
340
346
283
220
213
213
207
198
209
210
217
249
245
271
322
322
292
247
171
72
7
4
7
7
10
8
9
8
8
11
11
12
14
10
10
7
14
15
14
5
6
6
3
6
6
6
5
6
7
8
6
4
6
11
8
14
13
14
31
64
81
108
87
94
136
112
110
112
108
99
106
102
102
96
104
82
72
66
65
62
68
67
69
72
152
60
47
14
10
4
7
6
5
3
3
3
6
9
3
4
6
5
9
11
13
18
24
57
90
80
196
202
112
87
64
46
37
26
27
28
33
33
28
28
36
39
44
57
55
62
65
77
85
158
227
174
132
112
88
68
56
52
54
57
51
57
72
79
111
157
204
210
225
235
246
274
281
279
343
388
349
316
302
283
283
283
277
274
273
271
264
266
276
294
294
296
297
306
320
241
220
166
49
37
29
61
77
38
17
10
10
9
9
11
6
7
3
4
8
4
3
3
11
13
9
8
10
11
6
3
3
3
3
3
3
3
5
7
4
3
3
5
8
9
12
17
21
28
29
26
38
40
71
74
87
104
100
103
98
97
101
115
103
93
107
108
111
107
102
99
105
108
106
109
137
120
114
126
99
90
70
53
28
15
4
6
7
8
9
6
3
3
8
8
10
7
7
7
4
6
5
6
NA
4
3
3
3
8
4
7
5
5
3
4
6
3
4
5
8
5
5
3
5
6
3
4
4
3
3
3
3
4
5
3
7
6
3
4
3
5
4
5
9
5
4
6
5
7
5
3
3
8
13
10
9
8
10
13
6
5
8
10
11
8
15
17
50
66
98
199
123
145
127
81
55
54
36
22
25
23
23
29
36
31
33
71
106
112
122
132
147
148
156
200
265
180
129
142
107
99
94
104
71
69
61
39
30
19
15
12
12
14
13
14
101
121
148
189
192
175
145
131
138
137
143
141
140
160
175
194
208
216
214
217
207
228
246
241
252
263
288
263
275
261
301
311
268
241
218
219
210
208
221
215
221
229
220
191
193
202
213
213
218
224
247
272
256
254
272
253
232
236
226
225
225
210
141
32
18
11
11
7
5
5
10
10
7
9
5
4
6
6
10
4
7
8
6
4
5
9
6
6
6
4
8
5
10
11
13
18
43
64
72
95
118
123
95
83
56
47
42
37
30
27
33
58
97
98
77
50
75
75
78
81
95
95
96
118
148
156
145
141
148
150
143
145
150
148
143
132
133
123
120
103
42
3
10
8
9
6
9
4
6
3
5
3
3
5
5
3
3
3
3
4
3
5
5
3
NA
NA
6
NA
14
22
59
88
109
NA
NA
95
79
NA
NA
77
NA
NA
119
115
NA
127
NA
59
59
56
63
64
58
63
73
85
85
68
65
60
67
74
76
80
82
85
97
105
118
131
155
166
171
155
45
5
8
7
7
6
7
6
6
6
7
9
8
10
15
13
8
15
17
10
10
11
4
NA
NA
9
12
20
31
41
47
74
60
71
54
35
38
33
24
17
14
8
9
12
15
13
10
15
14
14
27
17
8
5
8
19
18
17
17
12
11
12
14
12
14
19
19
10
10
14
9
13
15
15
18
34
32
24
17
13
13
15
18
17
23
29
16
16
20
17
15
11
11
16
17
19
22
32
33
40
99
87
75
103
109
104
68
57
48
42
39
38
41
60
91
104
89
106
103
89
62
48
54
58
68
87
92
69
45
29
29
21
13
13
17
18
14
16
23
9
8
6
6
10
11
15
27
47
18
18
15
