1109 10
1293 3
4479 2
5304 7
6173 4
7416 1
7593 7
820 9
9773 9
1302 6
6614 5
1014 5
2039 9
9823 4
3283 1
4292 3
6496 9
7949 6
1472 4
4133 8
5069 10
5716 9
7066 8
8874 7
9263 8
1005 7
1399 2
5916 4
8182 3
9324 3
9725 7
1164 6
1461 1
1660 10
3155 5
3346 1
3824 8
3979 7
196 9
7426 5
8504 1
10081 10
1961 1
2477 5
4405 9
5298 8
5506 2
577 3
9378 5
9402 1
1578 3
2702 1
3267 7
4530 9
5029 9
7351 4
9529 9
9741 8
1842 10
2672 8
2895 7
3147 3
6378 10
6728 4
7144 8
7390 7
3405 5
3507 10
4247 6
4267 5
6899 4
8106 4
9769 9
1092 1
4781 5
509 9
5207 3
5317 6
76 8
8594 7
9679 8
2717 9
3875 2
5318 9
1530 9
3529 7
5095 6
5669 6
8195 5
1575 1
2014 7
2713 8
587 1
8337 10
882 4
91 4
2198 9
506 8
6998 4
7076 9
7970 1
8492 10
2718 10
4313 8
3322 3
3541 2
3776 9
4445 6
5721 4
7200 10
8144 4
8988 6
9561 7
1034 4
4791 4
6002 3
6912 1
8778 10
1949 4
3435 9
3706 4
7835 6
802 4
8259 4
8280 1
10002 7
1037 6
1429 4
1813 2
579 4
7969 6
8552 9
8904 5
1402 1
1656 10
3274 2
3726 9
6572 3
85 5
2757 1
4785 1
4843 7
5961 3
6949 5
6976 3
7527 2
8338 8
2821 1
8695 1
1139 8
1674 2
3394 2
4145 7
8653 10
974 7
1599 3
304 7
6376 10
7751 1
8490 8
1939 8
4885 7
7328 5
8723 10
2769 7
3781 8
4128 10
4187 6
429 4
7443 9
7708 9
7780 8
7801 1
1370 7
2178 6
2401 6
275 9
4900 3
5804 6
6811 3
1065 10
2656 8
3418 3
3840 3
5779 7
7931 10
1270 6
1902 3
2424 3
6900 1
8744 5
10097 1
1475 5
1736 3
3196 9
4301 4
7413 10
224 1
3774 5
4012 9
4863 1
7396 10
871 10
3828 4
4213 4
4098 8
1756 8
2408 5
7065 9
8422 2
9952 6
1103 6
1161 3
3835 9
569 10
8964 2
10093 9
1734 9
2019 1
5079 8
1486 8
3481 2
6399 7
79 10
9668 5
9849 7
317 8
9914 7
121 7
4298 7
4817 1
7485 4
3830 3
9833 2
1001 4
2510 9
5887 7
7926 1
8623 5
9721 4
1179 2
200 5
4332 8
5646 9
6030 6
9256 2
2167 9
4026 1
5199 1
5689 5
776 3
3406 3
3796 2
9890 10
2021 6
3188 6
5773 6
8323 1
1353 1
2752 5
8348 10
8034 3
8589 5
8668 5
2217 4
52 6
8705 3
5163 2
8336 2
30 7
4463 6
8231 4
1780 6
8537 4
2331 2
10076 6
1115 8
3943 9
8916 9
4194 1
4507 1
8332 3
8919 8
10114 6
2589 5
367 6
401 10
4473 10
6244 4
8267 6
6239 5
1128 1
5349 7
5680 9
7327 2
8584 3
9026 9
1371 7
2917 7
297 1
2046 9
4790 10
6577 6
7329 8
772 9
7999 9
8467 5
2631 1
2905 7
1439 6
6123 2
6745 4
9693 6
6649 2
7364 2
5279 1
3381 6
2504 10
2786 3
4884 3
655 3
8175 9
9797 8
1284 7
5941 7
10067 9
2479 8
2299 6
2976 9
3609 3
5013 3
6764 5
8453 1
2667 8
4886 3
5419 4
5620 5
8166 5
9709 1
4202 3
7643 10
7993 9
9520 7
6595 10
9786 7
8446 1
11 4
2544 5
3120 7
7014 10
8103 3
8230 4
9980 8
2829 8
5459 10
6420 10
8556 9
9024 2
4561 7
993 9
2828 9
3520 8
8607 2
9636 7
1415 9
6390 2
1002 9
4509 6
6019 9
1465 6
3414 3
4949 8
7452 4
8781 1
1503 4
3109 1
3677 3
9838 10
991 9
3286 4
3442 1
6500 4
7882 3
8460 8
2727 1
7124 4
8976 9
9292 3
1852 3
3462 6
3807 4
5619 9
9573 6
9923 10
6400 6
8333 4
1913 1
2745 10
7838 8
9628 3
6291 5
6875 6
1233 2
898 5
9623 5
1010 8
1757 1
9198 6
1612 7
2300 10
3064 9
483 2
876 9
4852 1
5512 1
8339 10
9657 1
3112 9
4333 2
5102 4
2733 2
2915 4
3003 4
4367 9
7920 6
8081 1
8356 4
5675 4
7158 1
912 6
2686 5
3657 3
5154 2
8403 7
6332 10
5087 2
5373 3
6810 7
7447 1
10140 6
2969 2
3581 3
6932 2
8085 4
8204 4
8655 7
1444 7
5021 6
2362 7
9448 3
3177 8
3890 7
6079 1
850 2
2419 9
2801 5
3925 2
4676 7
6465 8
7609 6
9381 6
9744 8
520 2
8090 5
1366 1
7909 2
8910 1
1286 9
2023 5
7389 10
7960 5
2282 5
280 4
325 10
6187 8
908 9
3230 4
7414 5
105 9
3567 2
6048 4
4138 4
5452 10
9929 1
6612 10
4315 4
4833 3
6688 7
7939 4
8091 7
3 9
414 9
5991 4
131 5
1325 8
2229 2
3633 5
3864 6
9253 6
3055 10
5968 6
7365 7
1203 8
6356 8
8900 5
9290 10
7247 1
1253 7
2047 1
2156 1
879 2
2995 6
3438 3
586 8
2626 3
5214 4
8641 10
8244 1
8349 1
990 5
2593 8
4055 2
416 9
1259 9
3760 1
6282 7
8971 10
3961 10
4794 1
5569 10
1050 9
1306 6
138 10
4457 9
4742 9
5381 10
6666 7
739 4
1204 7
4484 6
6461 4
2497 1
5125 4
8254 1
4169 4
6410 4
4504 1
5903 3
778 6
1397 7
8989 1
1557 2
1901 3
2145 4
2823 3
8663 8
9463 7
1221 1
2195 3
1013 1
2855 7
8771 3
5269 4
7657 5
2714 3
6813 2
909 2
4470 1
2942 9
3716 4
6654 8
6705 10
4432 9
4464 3
8496 5
4239 4
9992 8
2138 5
232 1
34 1
4264 2
2906 2
2082 7
4860 3
7776 3
8833 7
3348 4
9247 6
983 8
988 3
1104 7
1492 1
6993 10
1451 1
3684 6
5323 7
9559 4
5119 5
7349 9
3382 6
4822 4
7305 5
4638 5
4770 7
9728 5
1404 5
7974 4
8326 9
7536 1
9785 1
5598 8
6258 4
2630 1
3983 4
6727 5
4774 6
2446 1
5949 7
6290 10
6873 10
1672 2
4240 6
4664 4
6267 4
108 2
5411 4
3902 10
4057 3
5566 3
5670 1
1725 5
2501 8
9635 5
2133 4
3845 1
5965 3
8083 2
9779 3
7225 5
6218 5
1342 2
4673 2
1173 9
6556 9
7504 8
7903 8
970 6
4339 6
7430 4
2018 10
6689 7
10032 4
134 6
4879 8
5573 2
1362 5
1723 2
5718 2
2851 5
5332 2
7176 4
3821 4
4740 9
557 8
9370 9
3596 6
839 4
1102 4
4059 9
58 6
2134 4
8354 4
10059 8
2549 8
6977 10
741 2
2458 10
3403 7
8908 3
1893 2
8637 9
6473 7
3593 3
4184 3
7967 1
9546 5
3994 9
7342 4
1536 9
5640 10
9865 10
1118 4
5786 4
2508 10
3849 10
674 7
3594 4
6599 4
1753 1
3624 9
5940 6
799 9
5438 4
6379 8
2890 5
9484 1
1385 2
1416 6
7461 4
7613 2
2865 5
4437 10
4455 10
5343 3
7906 10
1268 7
195 6
594 10
5995 10
6725 10
8023 5
9004 1
9774 4
7378 9
940 7
5562 10
7464 6
5516 3
8188 1
5216 5
6468 6
6471 9
1505 9
2886 6
4880 3
1051 5
4073 10
4665 6
15 2
252 1
5327 1
5023 7
5806 3
7484 4
136 6
3683 8
3749 4
3320 8
3334 1
7600 1
4521 5
4977 9
5644 3
4356 9
5124 4
2841 10
6245 5
9863 9
7009 2
753 2
2103 4
7874 2
1886 7
5203 1
719 8
3220 4
8518 10
8245 4
1064 10
3078 3
4743 1
2819 9
6421 3
8029 4
7843 4
4553 1
1432 10
2170 2
423 4
5227 4
5780 3
8167 7
8520 10
5792 8
2832 1
4597 2
2582 2
3345 10
8801 10
234 2
7182 4
9758 10
227 3
5143 1
9236 4
1604 8
187 2
6253 6
7221 3
7531 2
14 8
2529 8
6996 8
10052 6
5305 7
7172 1
1879 10
2003 2
7439 4
1905 1
245 5
5333 3
6939 5
8215 5
2930 10
6517 10
738 8
4585 9
9669 7
1081 7
7987 8
6195 4
7397 5
9596 4
1190 8
2854 6
2868 2
3142 10
4703 4
8767 7
185 6
3957 7
4543 5
6864 3
7374 4
1453 9
7235 5
8423 3
7347 10
7872 6
1594 6
5727 3
1176 7
1382 9
1783 2
3293 8
4599 3
535 4
9579 10
9880 9
1319 10
1728 7
1779 10
2254 8
2620 8
9651 8
732 4
7900 8
318 7
7208 3
2349 3
3270 10
3302 4
5739 1
2721 3
5320 4
6510 1
889 8
2211 2
3249 1
6273 7
9510 7
2777 5
3131 1
9006 8
2009 4
2768 8
7367 3
7258 5
8922 2
9648 9
18 6
2317 4
6946 6
8880 8
9309 1
1305 3
5736 6
938 5
9692 10
1297 1
7630 10
9576 1
9927 7
2741 10
4598 2
4375 7
9205 4
2722 2
5266 4
1513 6
3240 3
3992 7
5513 6
7275 5
9871 8
1355 8
2203 6
5855 8
8469 7
9958 7
3936 5
9437 3
9994 2
2428 8
7634 5
8131 7
4044 3
8945 3
3040 6
4722 2
510 2
3318 6
680 3
397 1
4943 2
6312 4
1044 10
1445 9
9928 10
7472 5
1898 3
6795 7
2866 1
6782 8
8606 10
2487 7
8979 4
7368 4
971 3
7747 7
3248 3
4416 10
2881 4
1726 3
2533 9
7125 8
3311 2
1719 2
4653 5
5812 7
8045 2
8289 6
8687 2
10133 5
3014 9
4702 9
593 1
8114 5
548 3
7383 9
8128 5
2352 2
1283 1
2161 1
4717 10
5113 10
5156 8
5800 9
6910 5
9620 3
2461 3
1022 8
3487 9
8806 5
1237 7
4229 6
1149 10
9780 2
1892 4
5795 6
5578 2
4768 9
9023 7
9791 10
2344 4
10095 8
5345 2
8748 3
7373 7
241 4
5287 3
355 6
9971 5
9382 8
3700 2
4092 3
6973 2
2261 8
5099 5
9213 7
7189 7
1574 4
8040 2
4563 7
8568 10
9304 2
4919 7
8561 9
9962 5
2278 3
2326 10
6243 9
6923 9
6447 7
7245 4
2294 2
4925 1
8442 6
9117 3
1931 2
1623 10
8414 6
9809 5
1560 2
8798 4
6042 4
6690 9
3275 5
4565 1
6594 6
8392 9
2395 8
6505 4
8601 10
1642 7
5351 2
8610 8
5342 1
9159 2
3932 2
4271 7
9016 1
3755 1
8609 5
1903 7
7538 10
246 5
2824 3
3214 3
3454 1
5425 2
1496 1
4157 1
9846 4
192 7
4533 1
5347 5
157 5
5953 10
8926 10
8770 2
2798 10
6597 10
7703 5
3557 5
5781 3
6136 10
6219 7
6436 4
3896 6
8972 10
2541 4
4276 2
10147 9
4118 8
4531 4
1705 5
6840 6
9156 7
9746 10
436 7
2385 4
8158 5
7741 10
167 10
7762 8
125 5
1912 5
5171 8
8053 4
9183 5
6097 9
9896 5
3301 8
3387 9
3699 8
6799 4
6927 2
7774 6
934 9
8544 6
8647 3
6365 8
2410 1
3642 8
8233 4
6261 1
9719 5
242 8
6163 7
7625 3
7715 1
1699 1
3170 10
3640 8
5260 7
6940 7
747 2
457 7
686 10
3417 4
3145 10
952 9
2609 9
3467 1
6283 7
6308 10
2275 1
3083 6
10077 4
267 7
4417 8
9976 1
10129 7
1928 2
6066 10
2389 2
668 9
1817 6
4340 2
2279 6
4587 3
3608 8
3681 2
4048 5
5723 2
6928 7
7816 10
2243 5
2280 3
8364 8
10063 9
132 8
1711 9
4834 9
5997 4
9373 9
1809 1
3929 5
7529 2
9344 1
4140 2
2298 2
4022 8
7315 6
9361 3
7492 5
3135 10
3588 5
3740 1
7140 6
7893 3
892 2
1198 1
4992 8
2412 9
4929 4
9640 4
3310 6
454 5
2482 4
4825 10
745 4
7915 5
7388 2
7722 9
8146 9
443 4
5674 10
3736 7
2592 2
8376 8
3893 1
7626 10
4401 5
9799 3
4386 10
1334 7
8276 8
3400 3
6310 1
853 9
3848 4
6718 4
126 1
9230 7
1341 9
3866 6
5450 7
9985 2
1220 7
4937 4
5538 10
6336 4
7733 7
7769 9
3913 9
4649 4
585 3
8503 7
1936 7
9592 8
1280 2
6380 1
7324 7
6398 4
5139 1
8681 8
7957 4
1420 1
5182 9
8898 10
9364 9
2653 2
4584 10
5329 3
7265 2
9756 9
9932 6
6191 5
8780 2
86 4
3523 2
4348 10
8738 6
1792 3
1824 1
2789 5
349 10
1808 7
3000 6
8635 4
3649 10
3966 5
8478 6
4010 2
8792 6
5686 10
7073 10
3171 2
5517 7
7209 2
1765 8
36 2
4174 1
7415 2
5521 4
7586 3
9752 10
4395 3
6749 4
625 10
7168 1
3067 9
7314 8
7547 8
1401 2
3019 7
9792 1
3679 7
8802 5
6773 8
235 6
4744 3
5014 3
3625 3
4769 3
8625 2
1019 5
1619 10
2240 6
3421 9
3990 3
9578 1
4729 3
5755 7
2158 2
3090 6
6338 4
8923 7
580 4
9895 7
4250 1
6300 5
788 6
1459 5
1721 9
2875 3
9089 6
6711 2
9308 1
7716 8
9426 2
1948 6
490 5
1361 10
1754 7
2115 5
4713 5
1848 6
2556 10
4660 4
149 9
8347 8
6608 7
4396 1
6041 2
9095 7
1602 2
2701 6
3696 8
5188 3
3631 3
4186 8
98 8
3070 5
4324 8
3945 5
968 7
2516 7
4719 5
2790 9
5168 7
5019 10
8875 3
8074 6
2205 2
5836 5
7688 9
1343 7
1363 7
614 10
276 2
6439 3
2557 5
2748 5
8620 3
4270 10
3127 8
582 3
5928 10
6601 10
10045 6
2455 8
5325 8
6341 10
9751 7
2640 3
2113 7
2002 9
4967 7
8741 7
2629 1
10068 5
133 10
9964 4
1271 4
3242 4
4197 1
5089 4
2238 8
8255 4
5192 10
9315 1
6530 10
849 7
5743 9
2022 4
8064 6
8698 7
180 5
3384 2
9922 2
7181 2
2964 9
4095 10
1951 4
4155 2
5744 2
375 9
7858 6
7978 7
7400 4
3662 4
8533 9
9500 4
9810 3
7748 5
9150 5
1609 1
5053 5
9033 7
5384 3
5784 6
6170 9
9466 7
1926 2
2061 7
5437 3
6836 5
10122 8
1807 1
8844 2
494 3
2553 10
3861 9
1933 10
6150 10
6744 6
7755 7
9059 9
2974 7
4525 7
9775 9
2402 5
872 10
1193 9
4511 6
26 2
3324 1
1767 6
806 6
1449 4
7973 2
8603 4
9650 10
9882 3
4074 3
4615 3
4889 3
4981 1
4383 8
5444 5
5656 5
648 10
3843 4
9993 2
1468 6
3380 6
4731 10
5720 2
6212 9
8680 3
5981 10
9476 5
8855 5
178 3
2711 7
5344 1
4309 10
8251 10
8885 5
6318 5
805 6
141 2
2149 1
6058 5
1254 7
1696 3
2324 9
3378 2
8007 4
8465 9
2511 1
438 2
567 9
7398 4
9873 6
3573 6
8130 7
2635 7
9052 4
9357 3
5622 2
617 7
10001 1
9045 3
6999 9
1637 2
3388 4
8570 4
8720 9
5753 9
10011 9
4818 4
5354 7
8777 2
4173 9
6113 7
1592 10
8539 6
3150 6
1527 8
2884 10
5353 7
9038 9
6260 3
7001 4
7298 8
8732 3
4400 9
7451 3
4390 6
8656 6
3269 10
4476 5
2361 5
8634 6
4262 1
4500 5
4203 5
7050 3
8830 3
984 3
5552 5
8391 10
2896 2
293 2
4121 4
843 6
6293 6
8028 9
4124 7
7685 5
818 7
5187 3
8525 8
1934 4
3910 8
685 6
9898 4
4802 7
8615 9
9350 9
2262 4
4952 4
2007 9
4628 9
8409 10
8334 2
4962 10
7419 2
4762 8
8286 9
1032 8
5042 4
7294 1
9590 8
9988 5
5733 8
9690 8
1378 6
4549 3
5170 10
7558 9
8035 6
8145 2
439 2
4749 4
7456 9
9379 7
4539 1
5009 5
4869 8
7091 3
5537 9
7257 6
1135 6
4796 3
6706 1
7448 7
1159 10
5876 8
6527 7
6907 1
4424 8
481 6
8482 1
9387 10
1790 5
9242 4
9147 9
4418 5
9921 10
7496 7
10142 7
5033 6
5457 10
7991 2
847 4
1576 1
5321 1
5999 9
8772 8
1851 7
8998 5
857 1
4592 4
590 5
4389 4
2496 3
9348 9
3263 1
937 9
6 7
639 10
3033 6
7544 1
8002 7
9712 7
4421 4
6709 7
822 9
2682 4
2892 9
10031 1
2604 5
6590 10
9673 6
8010 8
4583 3
8117 5
6961 2
8818 2
1632 4
1663 3
5501 1
1481 6
8935 4
9685 3
1568 9
6950 7
2670 7
4787 10
9096 4
3218 8
9278 6
8177 6
3366 10
6183 6
2429 10
1580 10
3632 7
9264 4
221 2
7497 4
6361 2
1621 9
4512 8
57 2
8714 6
4993 6
1508 1
3508 4
5605 4
663 4
8238 4
10130 8
8835 3
2542 1
2912 6
4451 2
4535 6
8557 1
996 1
4786 1
6877 4
8927 5
9717 1
2750 3
3028 8
4056 6
6501 6
6525 5
7602 10
767 3
8764 10
1054 7
4672 8
6890 8
7477 5
8548 5
9965 6
2525 9
5996 7
7815 3
4558 7
9201 2
962 3
3354 4
7565 2
9171 3
2068 6
4698 5
1798 8
6892 5
6026 2
3971 6
599 2
5503 5
6366 1
5554 10
8470 8
8155 2
5978 8
7717 4
6454 4
8153 3
7721 1
6428 8
6767 2
9587 4
666 6
7857 5
3825 3
3674 9
9418 9
6069 8
5684 4
8324 10
9900 2
1839 7
5421 4
2773 1
6755 1
7458 10
808 4
6024 7
7534 6
8796 5
8388 9
9580 3
7664 4
3044 10
8866 8
6337 8
4545 1
6373 8
7937 9
5630 6
7961 1
8303 2
5762 7
8920 6
95 7
7180 7
5915 4
319 8
3859 9
7901 9
5584 8
5341 6
5289 5
2403 7
4783 10
8096 8
670 10
7921 2
8012 6
3877 9
6382 4
1709 4
6821 4
10012 1
3930 3
3517 1
7947 9
3477 2
7669 9
2409 1
5158 2
3782 2
391 6
1533 8
816 5
7867 5
5064 9
8617 5
9412 6
521 3
7229 8
339 2
6854 5
2050 10
2425 1
8864 1
228 9
4994 2
5892 4
8564 10
7897 5
8397 8
6825 9
4111 1
168 4
2448 7
2534 4
2935 3
70 5
8077 8
2295 6
7358 4
6474 9
9472 10
1577 6
1686 8
10080 10
4094 3
6080 6
4370 6
578 6
7150 9
777 10
5229 1
6585 5
1641 5
4606 4
3504 8
3658 7
3026 7
7437 8
2139 2
2297 2
7360 7
2945 4
1156 8
8380 6
1558 2
4975 3
1431 9
6747 2
6975 6
9453 5
2527 4
2607 3
1682 8
7260 5
411 9
7627 8
6303 4
7214 8
7499 4
3759 1
2697 2
4667 5
1483 2
9464 5
9491 3
162 9
6677 5
6402 4
1086 2
305 9
7075 9
122 8
8443 5
5268 8
7631 6
9462 4
7679 3
2531 2
7847 4
1021 10
5933 9
691 4
9 1
4767 5
9881 10
9630 1
3876 5
5458 8
3470 7
7830 7
4711 9
4881 1
513 4
1344 4
8785 4
2661 3
5346 9
8986 9
1844 9
10004 2
7603 5
1677 7
6320 4
931 6
1317 2
8485 10
6045 9
327 5
3422 8
9662 3
2981 3
3502 8
1423 5
2599 3
3102 5
8879 9
4647 5
7787 7
5176 3
5591 2
7530 2
1407 3
2188 6
3045 7
5897 1
7309 2
9514 8
10108 5
2347 2
6236 10
9872 5
2898 8
3203 4
32 10
5798 10
9360 8
10082 8
84 10
8016 2
8395 5
4995 1
111 2
165 3
6358 5
856 10
7002 7
102 7
3474 9
9795 8
9119 1
3255 3
10053 5
4212 4
9617 1
6693 9
9069 3
3146 1
3521 4
8450 2
6651 8
8752 2
1403 4
8543 3
5249 1
7941 9
1573 7
4819 7
2383 7
3606 3
8952 3
6822 1
2360 6
6348 6
7902 4
8790 8
5426 6
5590 2
9211 10
1748 7
6930 3
1873 3
5854 6
1825 6
2568 3
4830 8
2340 9
8750 5
6697 10
8288 6
6915 3
7312 10
1511 3
4088 10
4188 4
6394 9
7653 10
3350 1
2989 9
3125 4
6345 6
664 1
9235 4
5939 7
5857 6
5498 2
8924 2
3916 5
7675 3
1122 3
27 7
3266 3
2867 9
7233 5
1147 4
1773 1
1945 3
5868 2
1618 2
1012 2
5209 3
9468 9
6353 2
8088 9
6179 10
743 5
33 3
4816 1
8984 5
184 9
441 10
124 9
1466 7
9757 1
3548 10
4829 8
8773 6
6071 6
8666 6
9170 8
7375 7
8689 6
5449 3
6322 10
9355 4
4204 3
7325 6
3232 6
5080 10
7935 9
7950 6
8100 4
9060 7
9064 10
6230 1
977 7
3525 4
5319 4
8856 8
5094 1
790 2
949 6
6947 10
7102 8
7851 8
9989 6
4788 9
4932 6
6133 4
9473 2
7263 3
9030 9
9311 6
9767 5
9440 8
5722 10
6681 8
7614 3
1083 1
7732 2
8011 3
9667 4
2270 8
2443 2
7719 3
5130 3
1635 8
5666 2
2116 7
3117 1
5372 3
7577 10
1546 2
3641 4
9904 5
169 1
1954 2
2440 2
2847 3
6033 1
2441 5
6375 9
9385 7
9643 9
1419 6
6481 1
6620 7
6637 8
4761 10
5624 9
7226 6
3801 8
4820 2
4426 4
358 7
2386 5
5681 9
3752 5
7770 1
7938 5
929 2
3665 8
5246 3
6451 5
2004 7
7648 3
2031 9
7633 10
9312 10
4487 7
8207 8
29 2
7425 10
8861 1
2959 5
4106 4
7783 6
3021 2
3107 6
4861 2
4800 9
5704 2
8975 10
1056 2
8152 2
8461 8
1883 10
3978 10
1880 6
3513 3
3601 8
7793 2
1452 10
7086 3
8858 3
491 9
6497 3
8229 2
5945 2
7668 5
1124 6
1031 6
1107 8
2641 1
1443 2
3119 8
4876 4
2165 5
7975 10
5550 3
841 8
1493 4
3895 7
7216 8
1935 3
3488 10
5412 6
6926 8
3152 8
8270 2
2730 7
3362 7
4207 2
5433 7
1514 10
550 4
471 1
6430 4
8402 3
230 3
9755 6
2062 5
4299 6
1335 3
249 6
6155 1
8837 7
1144 5
2235 7
10008 10
2398 2
9777 5
3424 2
3186 6
5397 1
2088 5
542 2
1673 7
4443 2
1365 10
2060 10
5969 9
394 5
5519 9
1543 6
1810 10
2763 5
3975 9
4723 4
5518 9
9181 7
1067 6
1570 9
5492 9
4905 10
7344 7
1313 9
7491 7
8973 8
6687 10
6901 6
7483 3
7101 10
8755 2
9110 4
3607 3
7917 1
10145 5
1062 5
3731 7
5632 9
1275 6
2338 7
7039 8
3713 3
2922 3
9207 2
1925 4
4219 4
299 9
600 2
989 2
190 1
7142 2
7742 9
3015 10
9323 8
2795 4
3766 8
5 5
1377 9
8895 10
3185 8
43 4
9605 7
2285 4
2774 3
9945 6
1354 1
8199 6
8020 8
2399 3
9946 5
2924 1
9284 10
1480 1
2451 2
6412 8
6828 2
4579 2
6466 8
7177 2
1758 2
9912 3
5166 6
7556 8
9017 4
3491 1
6017 7
8994 1
3374 1
5220 9
1003 5
4712 4
9532 5
1045 5
1993 6
676 1
2106 10
3809 9
3666 4
5846 4
7727 2
211 6
2869 4
4067 6
618 1
4481 8
6409 5
8713 10
9070 9
10105 10
8931 10
8183 6
1800 6
7210 2
4293 9
6469 3
7061 6
4503 4
4928 1
72 9
142 7
207 9
9867 6
3526 5
1158 2
7346 7
9801 9
6159 7
4223 3
7237 2
1593 3
9146 2
528 7
7152 8
316 7
9878 1
5383 5
9018 9
3748 3
3905 10
7562 3
4429 9
6171 10
8136 1
1210 7
9261 5
5035 5
6263 8
8674 6
2110 10
4624 9
4456 6
4362 7
7585 6
4381 3
4922 5
268 1
6968 8
7123 1
2223 3
6757 10
1181 7
4454 4
1393 4
6414 1
7954 5
8417 1
2564 8
4007 9
9336 2
848 10
780 6
9097 9
2901 1
3367 7
7175 10
4331 10
5387 7
6978 5
8671 2
8736 8
9732 7
3060 5
2350 4
6951 6
421 10
4631 6
4447 7
5919 7
9884 10
1331 7
9429 4
5889 5
886 1
1782 6
5132 8
3182 8
8304 5
113 3
204 10
10110 8
5751 10
9283 3
1185 7
1559 5
7087 4
1600 9
4230 1
8147 5
1352 7
4442 1
2307 10
2336 8
3194 9
3256 8
6086 8
6387 10
7394 2
7794 6
8027 6
3330 7
7501 10
6859 3
8111 6
5673 5
8608 1
5002 10
1588 6
5367 1
690 2
2767 2
2394 5
2882 5
5885 4
3787 9
2815 1
3096 2
6256 8
2194 5
9897 8
10120 2
4480 10
7429 1
6094 10
8071 4
1171 6
3826 7
5558 7
3225 5
2509 9
3753 10
2952 4
9526 9
9820 5
731 9
5097 6
261 9
128 8
2283 6
7139 9
6784 3
2469 8
8707 3
2993 2
7236 7
8486 7
3268 4
6985 3
1665 10
1485 6
6829 7
7886 5
9975 2
6444 7
1167 9
3501 4
5385 1
3048 3
6790 10
7435 3
8709 4
906 9
214 7
3597 5
3973 1
8491 9
46 3
4877 2
9229 2
3373 3
3066 9
5971 4
8542 10
9819 2
9889 7
4430 4
6639 7
3751 5
2246 6
2953 3
8421 3
8190 5
3689 10
7261 1
2681 7
7618 9
6285 1
6516 7
986 6
5270 7
8703 10
6861 4
5745 5
7729 8
2296 2
8559 2
10054 6
3505 1
3810 9
1088 7
1145 3
8341 4
2932 4
3519 5
6895 4
3621 7
4772 5
6529 5
2074 9
7841 9
9078 8
2063 10
9196 5
8396 1
412 9
7559 4
8807 1
8419 6
8718 6
549 1
5711 9
59 10
7427 10
2387 4
2519 6
5036 7
7942 7
7436 7
9189 5
4347 1
8139 3
7262 4
3485 2
4085 7
289 6
341 5
9227 9
4582 4
1007 3
255 5
8940 3
883 3
1089 6
3818 2
5292 5
7883 6
9512 4
797 9
1318 3
7951 5
9223 7
756 10
609 9
2104 10
7273 1
7802 2
8449 5
6025 9
6143 3
8737 10
6286 9
7997 1
1601 6
5671 1
5643 9
5837 4
7264 5
7661 3
1170 3
5593 7
3156 4
6490 8
9566 2
4168 1
3653 6
6381 7
9391 1
9248 1
4352 7
5007 3
3319 6
2505 7
2933 6
4171 6
7103 8
3009 6
8500 5
208 4
5504 1
5831 9
941 5
4982 3
10005 6
380 8
5776 9
7287 2
9040 5
2627 4
9649 4
1091 7
5634 7
1818 3
2151 7
9639 4
5065 3
8371 8
8901 3
9608 7
7303 7
7697 5
4870 1
7159 6
10085 7
8970 8
5834 1
8521 1
3245 9
9293 9
7596 2
9222 9
2724 4
8512 3
3243 4
8633 8
1200 8
1626 6
7178 9
2371 3
2083 2
5869 3
1858 9
4989 8
8353 7
1603 3
66 9
7601 6
260 4
7248 10
2463 7
7777 2
4391 1
2124 3
3831 10
281 2
3084 6
3013 9
1643 6
3813 8
3497 10
6656 9
5575 7
7313 10
3991 5
6010 2
789 10
1457 8
7251 10
9678 6
8284 5
1168 7
1495 2
468 10
8189 9
418 10
4617 2
6995 8
6266 3
8174 8
8186 4
8959 10
2284 2
3671 5
9133 10
3980 8
5303 7
3207 7
3823 10
4848 7
3951 6
7582 2
6101 10
7681 1
5520 6
522 5
7058 7
89 3
7576 5
554 7
6339 4
7211 8
8202 9
2421 4
3299 3
523 1
502 6
1644 10
9010 6
2470 8
8268 3
3167 8
5696 6
8759 6
53 10
7829 2
8591 10
6843 1
9062 4
130 10
1966 2
3615 3
553 7
3863 4
4185 10
2899 10
897 7
2288 4
7480 6
706 5
8102 2
4912 9
9153 3
2089 10
6027 8
7572 7
8950 7
2447 10
763 1
8057 1
8298 3
7992 5
7671 8
3079 3
815 10
1106 8
4438 8
6938 4
9258 9
1063 6
3610 2
4564 8
700 4
3034 4
7490 6
6809 7
516 7
6012 3
9503 9
8125 8
7595 4
3244 4
714 7
9347 5
8535 7
9892 8
4806 3
4494 6
6228 10
6434 1
7995 6
9220 1
3398 9
5455 9
8841 10
936 4
2843 8
3655 8
5793 4
1787 1
5609 3
2558 4
9237 6
7154 5
7300 1
2175 8
6518 9
2725 6
3802 4
538 4
3745 8
566 1
6037 6
1870 6
2595 9
5893 5
8459 5
8168 7
8398 8
826 9
2073 4
4167 6
4485 2
8439 6
5813 6
7030 8
7040 6
9970 1
3453 5
6005 8
334 6
8047 4
4482 8
6180 8
8214 6
9925 7
9372 9
8302 6
8530 1
2248 2
4607 10
8930 8
2142 10
5235 1
7405 9
371 1
4265 1
3229 9
6696 8
9424 10
5237 5
1191 9
1650 9
4944 9
6807 10
8069 8
810 7
10039 5
9046 1
10021 7
8941 1
5476 7
8387 7
8427 8
5860 4
4079 6
7219 7
1267 4
8974 2
456 2
7738 8
3798 9
3888 5
4738 2
1770 8
3050 5
4125 4
5240 7
1605 3
8850 10
9193 7
10134 2
3852 2
1539 1
3484 7
5088 3
4522 2
1515 4
7925 5
3210 4
9425 1
2897 1
1418 2
6642 2
4413 1
1978 2
363 10
3692 3
9852 9
6984 1
9457 8
9449 10
926 3
8018 3
8868 3
3634 3
2831 10
4282 4
4763 5
547 5
634 9
8039 7
2535 4
621 4
2878 3
7111 7
5403 3
7095 1
9953 4
1172 10
2314 5
9338 7
9555 7
9568 6
2796 3
7759 5
9564 10
1150 10
636 6
1111 4
3430 9
1940 5
7317 7
9888 6
1289 9
4373 10
8222 2
8566 4
4639 7
4130 8
8836 8
6343 7
1435 9
8194 3
3056 10
9316 10
5355 5
5496 1
9209 3
7253 7
9145 10
1751 9
6783 7
7989 8
181 7
4027 4
9474 9
9513 1
2907 2
9374 10
774 2
1916 4
8800 2
1347 3
1814 4
2804 3
7191 10
7387 8
7855 10
8399 3
8978 2
3289 2
1988 4
3963 8
3335 3
8148 8
1746 5
602 10
8586 1
9583 7
3415 5
68 6
5963 10
6296 10
7878 8
8424 6
8990 6
10003 5
2628 8
3457 4
8234 5
9772 1
8889 4
5982 2
6203 3
6389 4
2206 3
3132 10
2457 7
7335 5
8948 7
6446 2
5894 6
4100 5
8163 10
2112 8
6550 2
4725 1
5507 8
3842 5
5339 6
5370 10
7652 9
4614 1
3076 10
10115 5
4864 3
7808 7
8033 6
2462 2
5030 9
8579 4
9655 1
422 1
8170 3
9417 3
2162 5
5294 4
6385 3
240 4
9506 4
499 1
6879 2
7923 2
6878 7
8523 7
2272 5
5120 2
1209 7
2247 5
5601 5
6073 5
702 2
8567 5
1487 10
2632 5
2911 10
3496 1
5396 2
1218 3
3475 4
3590 6
4096 2
6640 7
1863 10
7029 9
3757 2
8572 6
7379 1
9619 1
1952 8
2550 4
7242 2
9234 8
8776 5
8826 8
9194 7
7079 5
361 5
5272 5
8383 4
10111 2
998 9
2090 6
2390 4
5308 9
2571 4
67 7
1265 9
3193 3
4104 5
5374 1
9948 10
9074 6
1549 6
9203 6
4957 2
1252 5
2645 5
5063 9
9432 9
2838 6
3445 3
2356 10
9141 10
9626 3
170 6
503 1
7083 6
5401 5
5530 3
1225 1
1540 9
1984 10
6492 7
8283 10
9556 5
9858 3
5955 5
9149 6
2249 10
7672 5
8273 8
8667 1
8416 6
1391 3
8555 2
4847 2
5386 1
9274 10
3670 4
3794 8
417 9
2332 2
3189 3
3206 3
3391 4
5056 9
8436 4
4465 5
447 8
137 10
2572 3
9830 1
7946 6
9107 2
5277 5
5628 7
73 7
5107 8
9615 3
2488 10
2422 4
9523 3
3604 7
5017 8
7964 1
1788 1
5993 8
4287 6
2715 9
4060 2
4548 7
6914 2
6647 10
1409 5
9479 3
38 6
3605 9
8432 3
9907 6
2416 3
6870 5
2742 10
830 10
2343 3
1368 7
5195 8
97 6
3709 2
7795 1
5302 1
5629 9
2075 9
342 7
6830 1
2034 7
9531 8
5178 4
1561 5
5363 3
4408 10
527 5
7488 5
5185 2
8454 1
563 6
5610 4
6015 5
8840 1
7336 7
1425 10
5908 7
6223 10
8065 1
7134 1
1832 6
8684 8
1598 8
3568 4
4621 2
7516 7
1410 8
1194 7
9398 4
9652 3
10138 2
6535 4
402 8
5794 2
4406 4
4387 3
1351 4
5964 9
7028 6
3569 7
9931 7
3965 6
1202 2
6648 1
1724 7
2478 6
543 1
2709 2
8306 6
3062 5
9764 7
4827 6
1795 3
5211 10
2671 9
5580 4
2852 2
9014 9
4499 3
6295 5
10153 7
7306 1
8455 7
2144 8
6044 6
408 3
8915 8
5756 1
6081 6
699 1
1720 9
2699 4
3844 9
9940 6
2348 4
7192 2
6467 10
2883 10
1596 9
9544 8
4029 1
5205 1
3715 10
9443 1
2996 6
9641 4
1544 3
8873 1
8382 5
2740 9
2903 8
7056 4
8365 1
7077 10
2057 8
4502 10
5548 2
859 2
7010 9
8870 6
1490 10
4038 1
87 8
3947 3
6735 7
7940 8
7376 3
6880 1
4519 3
6452 6
6896 10
3724 3
9393 4
9524 10
6007 9
9714 6
1244 3
50 10
768 7
4008 10
9034 2
10048 4
6746 1
3360 8
7017 8
1695 3
7781 6
4420 5
9380 8
9781 7
1450 10
8149 8
7311 3
1971 3
623 9
8811 4
1038 5
6966 8
2673 4
1008 8
4998 4
893 2
9405 1
4253 9
5951 9
5405 8
5947 6
3972 1
420 2
1579 9
2586 10
4274 7
5913 8
3911 3
1182 9
4953 5
5561 3
6860 2
9239 10
9043 5
6987 3
2154 3
8756 7
5547 4
2910 7
4297 5
9088 6
5904 4
330 9
4336 10
530 1
4310 8
6576 6
905 4
6924 10
4588 8
8445 5
1212 10
2978 4
3626 3
4053 7
4958 7
2891 6
1087 3
3018 2
3298 5
8073 8
9812 6
7640 5
3312 10
8171 3
3375 3
8574 3
5924 9
4042 9
6440 10
8203 9
1075 9
6334 3
5379 1
3720 7
2459 5
3082 10
2625 2
3071 5
7135 8
17 9
5948 7
6367 7
8592 3
5155 4
1030 5
5147 3
5359 10
8498 7
9936 10
6359 7
2908 2
324 2
8285 10
3306 6
688 9
9996 2
5579 5
798 9
1430 8
3737 9
8576 10
9072 7
4520 10
2406 5
2800 9
4466 10
7990 8
4562 1
4220 8
8277 7
9738 5
8250 2
3693 2
4366 1
8828 10
8708 8
65 10
7109 9
6618 10
9414 1
4805 4
4969 10
5920 2
8184 7
6369 10
855 1
2835 7
5712 7
6837 10
7817 6
8220 1
2644 10
615 5
6362 3
7132 6
8201 4
5534 10
9313 9
3396 10
7569 1
1689 7
365 4
386 3
4017 8
5179 10
5852 3
7985 1
2271 6
5990 1
1261 7
8947 5
482 10
7870 2
8825 5
2189 7
286 2
1524 10
3016 9
4813 9
7442 10
1963 4
8252 4
726 1
7853 10
9450 3
3427 2
5925 5
8468 1
64 9
2372 4
6214 2
7612 9
8400 1
8977 3
3209 2
5807 2
1613 2
7860 8
4824 7
4181 9
8315 2
3613 5
5037 6
9536 10
6229 4
8995 5
3101 5
3246 8
2689 10
8187 2
8246 1
1263 2
2256 2
7884 2
8783 10
1033 10
6566 6
5491 6
8921 7
4595 4
1850 9
9901 9
3124 2
8580 1
5144 3
5375 4
7299 7
5699 3
6652 9
963 4
2539 9
5502 3
6167 7
8878 4
5606 6
863 4
404 9
5201 2
6596 1
1380 6
7266 3
6292 7
1826 2
5481 1
8531 8
3261 10
3450 9
10014 4
6268 2
2374 6
4872 4
7910 2
2805 10
9082 8
8646 3
1390 5
10125 1
606 6
2664 2
2675 6
4983 3
8946 5
5690 6
7805 8
4684 6
3336 8
4655 3
9748 6
1607 2
8066 4
1804 1
3449 6
1035 10
5732 10
8914 10
6741 1
5484 1
7320 2
5122 9
6046 5
7202 3
8749 2
2785 9
151 1
1995 5
3627 2
1180 3
6034 8
1266 10
2949 9
8352 9
6259 1
7517 1
1494 6
3369 4
9796 2
9249 9
10149 9
8287 8
3832 1
6370 3
5662 2
8219 4
8779 4
2396 10
3729 2
145 4
144 2
3005 2
2117 9
5006 8
6028 10
9057 8
7250 9
4342 6
5929 1
8078 6
2418 9
6754 7
1484 10
1688 8
6611 1
838 3
308 10
6663 3
7948 1
9490 10
4532 3
874 8
4467 3
10096 2
1553 7
4687 10
9131 5
1522 9
4940 4
4936 3
8110 8
1205 10
3574 8
6617 10
4278 9
7361 9
1441 1
6124 9
5436 8
5540 4
7598 2
1336 8
8829 8
6313 2
8506 6
188 4
4652 4
1676 9
2870 9
8962 6
6082 1
8278 1
5348 4
2524 3
7115 3
7811 3
4855 8
3948 5
903 2
1829 6
7701 9
5439 8
7133 10
507 5
3708 6
3999 5
6562 6
9273 5
5313 8
1614 4
3814 1
2135 8
3889 1
225 2
2513 6
2780 8
6084 4
9158 10
5576 8
294 3
9214 1
3580 9
1085 5
1983 9
3162 1
10084 8
921 7
6190 7
5039 2
2058 6
4 8
9118 1
3969 4
4199 5
2826 10
8448 2
5197 6
5015 2
1712 2
1904 4
1242 2
9602 1
7203 1
7788 7
10087 1
5994 7
7617 9
5617 3
6567 6
8022 7
1639 9
1950 8
9073 5
4960 4
3039 2
3958 8
8208 7
139 5
9137 6
10033 10
10151 2
2596 8
558 8
2503 1
3836 1
5543 9
3754 8
4528 5
7914 3
6715 3
8665 8
6349 1
9297 8
2012 4
295 2
3459 8
6524 6
1786 3
9328 6
8217 2
4477 7
2437 9
6232 8
7276 1
8517 1
10101 4
6342 2
6591 9
6327 10
9419 4
1567 1
6329 7
6883 3
194 7
2561 10
7998 9
8293 2
5149 5
455 8
9875 7
7301 4
8969 3
6202 6
1315 4
2475 1
9111 7
7053 3
8420 3
6834 2
8859 7
383 1
8056 4
8435 5
4013 5
2467 9
5430 6
6557 3
4109 2
7341 2
1223 4
3623 5
5422 4
5702 3
7234 6
5190 7
10099 9
6351 4
8097 2
7734 3
4129 4
9243 1
2694 6
4970 10
2960 3
3397 10
4238 9
5404 5
7051 10
1584 3
2705 1
624 1
8872 3
1750 5
904 1
5256 6
1356 4
1446 1
8511 3
9563 2
2132 3
6092 1
6935 7
2123 6
7644 2
7922 10
9431 10
424 5
1090 1
173 10
4149 1
2700 9
7060 9
9210 3
3934 7
584 6
607 7
5588 10
1744 2
9244 2
2737 10
3786 9
3995 6
6603 8
8269 10
7198 6
1761 9
384 10
4758 1
6657 6
9151 5
8169 4
3063 10
740 2
3589 2
9346 8
2453 8
5802 1
9029 9
5467 3
6798 10
5693 1
16 9
2990 3
3483 9
2560 10
9642 10
2114 1
4748 7
1867 5
2755 8
2834 6
8682 6
376 4
5633 3
6169 2
2751 2
4901 1
6479 5
6680 10
4289 1
561 8
1548 1
6933 6
4224 4
6694 9
100 2
5545 5
6626 1
8008 7
6904 4
8191 3
191 3
2817 7
3841 3
920 8
393 6
1189 5
6781 9
8241 6
3988 7
3827 6
9152 8
1424 5
9280 7
3552 10
5789 7
3264 5
9231 8
3431 5
10062 7
4002 4
779 10
5045 7
1328 4
2642 10
8224 7
7468 7
7665 10
1132 9
6174 1
9175 1
9154 5
2006 7
4273 1
877 4
733 4
5626 6
4838 7
2109 3
868 10
7604 9
400 7
3086 8
601 8
2862 1
9212 4
4371 3
3383 7
2404 6
5567 6
6967 6
6771 4
2486 1
8753 1
3968 5
6061 4
5533 2
9886 6
3790 6
9545 5
3326 5
4523 3
7321 7
684 1
5101 1
9087 1
6721 3
7196 7
3703 3
5582 9
6936 1
10104 2
8104 4
3667 2
5783 2
4127 3
899 9
9427 8
9759 9
9794 10
4789 9
1896 4
6621 8
9001 4
7548 7
5010 10
347 5
7798 5
3452 9
4425 10
1375 4
4249 1
8821 5
8936 5
6331 2
5081 4
5135 10
4882 8
2354 9
6629 4
4808 4
1136 3
7 3
844 4
2327 4
3645 10
8372 3
7587 8
6646 2
2259 7
9469 5
1616 10
7623 6
8375 6
3237 2
7699 3
6040 5
3072 2
4578 10
3276 3
7624 3
2873 5
3924 1
913 5
9392 5
5911 9
8877 4
9905 10
3989 1
1491 4
4784 9
2308 9
8212 2
8819 8
2608 9
1821 2
692 5
8070 6
2146 3
1025 8
6600 1
3410 3
5526 8
8262 4
2187 9
8701 3
1927 10
2430 5
4804 1
4699 3
9459 3
7953 4
1922 8
6704 3
9362 1
5685 1
2562 8
7778 7
431 5
3439 5
4850 4
3611 2
1234 6
591 7
9185 4
5729 4
2766 6
284 7
4577 6
5787 4
1985 7
7823 6
5191 10
7707 2
845 7
1412 4
10136 2
4444 6
3638 3
5427 7
5878 7
7502 7
1823 6
5103 6
7054 9
7106 3
1820 5
1655 2
9701 8
135 8
444 4
7404 7
7459 4
3280 6
174 5
5204 9
2893 2
10141 8
7806 4
23 6
4635 7
7740 4
5058 9
8626 2
2918 3
6102 2
3440 2
1314 5
1589 9
3789 10
81 3
8193 6
4218 8
6364 1
7417 1
3432 7
2779 8
8774 4
2310 7
1479 5
1707 5
3133 6
3719 7
6701 6
10058 9
9022 9
5234 3
2438 9
3103 8
1894 6
3551 6
5823 2
6231 2
9915 9
9314 4
1146 9
6043 8
6712 10
5942 10
9307 3
3451 7
9731 4
3509 3
5972 1
4636 2
3510 3
5741 3
5129 9
6604 9
1667 1
10007 6
5896 5
9218 9
6241 3
2130 9
8462 4
2193 1
4956 4
2216 8
2687 10
9715 8
8558 3
8847 4
9711 10
2212 10
4644 5
8725 10
4623 3
3894 5
4488 3
213 2
572 8
3587 4
6319 5
7881 3
7976 7
1004 10
6052 5
8044 10
5525 5
6719 4
3732 3
2844 5
2984 10
6197 6
1827 5
6459 6
6423 9
7968 7
3676 1
6526 2
3353 7
8368 5
7174 5
5071 7
1285 10
992 7
7359 2
1300 10
1379 9
216 1
7775 6
1563 4
5603 10
3297 5
10023 1
6120 1
608 8
4990 10
4403 2
9688 7
5413 8
6582 4
2378 3
3668 1
1178 1
8884 8
1924 3
6929 9
1976 3
3231 5
4028 3
6125 3
2152 6
2465 9
1023 9
1438 1
9837 2
7839 8
6090 7
2122 3
1610 8
9879 3
3123 5
5001 2
8059 8
8528 7
565 5
9955 3
1070 7
3931 2
2691 6
8822 4
2793 8
2045 4
2961 1
303 2
6820 4
1273 2
6384 1
8745 4
6916 9
5232 1
6761 3
1859 6
7842 6
4506 3
9762 2
3900 7
112 8
6670 3
4015 7
7592 4
1006 10
4916 5
9729 7
1840 10
4170 5
5055 4
2444 7
6139 1
3553 3
7695 8
5917 9
560 8
1915 3
2155 10
10000 3
9044 7
573 1
7455 1
1129 10
7179 10
7122 8
8727 1
5123 2
7478 3
2066 8
1994 10
6117 8
1499 9
5672 3
8477 1
7730 3
3884 7
6110 5
313 3
2603 10
4102 4
5848 4
9157 2
1772 9
5833 4
6160 1
7659 5
4427 3
4498 8
495 8
6314 5
1884 7
6665 8
3265 7
9499 3
7110 7
7285 6
3317 9
5474 10
6226 5
746 1
1633 6
4311 10
4874 5
4435 1
3187 4
649 7
2646 10
3007 10
1232 4
4714 7
8256 10
2481 6
7919 9
7406 9
7222 5
1214 6
1337 9
5825 2
6478 9
6111 3
7334 2
8239 7
2552 7
5838 10
9376 5
5731 2
9337 4
5888 6
9317 3
288 10
9730 7
526 7
6547 5
4490 9
7545 5
1304 5
1831 6
6737 1
10083 9
9625 8
2982 2
5495 3
9333 2
2320 1
8457 3
2643 5
3468 1
4986 3
8526 4
8967 5
1471 7
6937 10
9983 8
8487 5
9180 7
3329 5
7130 5
631 7
6531 5
6422 9
9048 8
6720 3
9584 4
8393 7
1523 4
2365 5
4122 8
6700 3
8611 2
9013 10
3222 2
8733 8
4859 9
5181 2
4414 9
2128 3
8466 4
3860 1
5157 5
7064 5
660 9
9839 4
4005 2
8291 9
1502 8
8003 8
2072 2
7279 10
2359 10
4650 9
6185 8
9406 8
117 5
377 6
25 10
6493 8
359 10
8232 5
597 9
1068 2
5862 3
9011 4
9713 4
5586 3
3482 3
6587 3
292 5
459 7
8430 5
5703 3
9190 2
4105 7
713 1
10006 2
2965 8
1417 9
6396 5
2293 10
6456 9
6858 2
3371 1
4534 3
6105 9
1661 9
9735 10
5184 5
7013 4
8265 5
2064 1
460 8
3506 10
5635 4
8660 9
9310 1
2863 1
6865 2
4134 8
1041 2
7848 7
2693 5
8711 2
5169 3
3017 7
2668 8
4557 8
3201 9
5233 4
9495 9
9743 5
2986 2
1017 9
7401 5
9598 8
9408 3
10103 9
8746 6
9963 1
633 4
9094 6
928 2
9687 2
2837 6
1759 4
7271 6
3885 6
4063 3
7773 4
748 1
3205 9
6537 4
2020 2
3874 8
3805 9
4412 1
9990 5
6335 1
4279 3
2427 4
529 1
2887 1
5441 4
9121 3
999 1
1413 10
6405 6
2055 6
3304 4
356 3
4630 1
1704 3
5073 4
7112 5
74 4
279 5
5710 10
5927 10
5286 1
6154 6
9609 9
9856 4
1469 10
3656 1
4745 3
2971 8
6126 5
6178 2
1186 1
8540 6
9195 6
2431 9
6866 6
6952 8
4736 10
972 4
5758 5
8060 3
8062 8
403 7
5174 5
2783 6
7506 7
3837 9
5748 3
5791 3
2306 8
645 5
2391 9
5655 8
7031 7
8115 6
8253 9
90 9
10034 1
610 5
3598 3
4873 3
6098 7
696 2
9950 3
1028 5
752 9
7868 7
9436 9
4462 8
8307 8
7866 1
4196 5
1975 5
8832 9
1581 7
2097 7
3775 8
4801 5
9966 10
9540 9
2940 10
2224 9
9934 10
3542 1
2526 3
2734 1
4556 3
7070 9
3564 1
866 1
9109 8
4857 4
4589 5
2264 6
9771 7
1991 9
4131 3
7979 2
8107 3
7573 4
1805 5
7059 6
3941 7
3522 1
9260 1
9860 4
7254 2
1162 10
9943 8
8728 4
9192 9
9944 10
8890 8
8321 4
6874 2
7348 9
285 9
7071 8
1755 5
8405 4
2738 1
498 6
5898 5
6151 8
7372 6
7654 2
3447 4
69 10
2622 3
7508 9
1693 9
7005 5
4613 9
9984 7
9760 5
854 3
8905 8
352 4
5138 5
461 6
5062 4
159 1
4927 1
943 7
5382 8
6089 2
2943 10
1742 6
5645 3
7190 2
1865 2
5631 5
390 8
4058 6
4759 10
6574 7
1919 1
9972 9
7509 9
6224 6
9228 7
9217 6
3433 1
5777 3
6569 8
2201 1
541 10
3314 10
4675 1
3806 7
4458 2
6942 7
4209 9
4441 1
1454 6
9644 6
1326 2
4072 9
9707 6
9782 2
5239 4
382 8
2054 1
6753 8
7385 5
4757 10
419 10
4501 9
1389 4
7837 10
8299 1
6615 4
8479 8
4379 4
5226 8
576 10
7380 5
256 4
6869 10
368 6
8596 5
7207 5
8834 7
4101 5
1024 3
5853 3
1489 3
4158 4
472 5
5962 3
8616 2
932 5
5394 8
372 10
3528 1
353 2
3697 6
62 5
7104 4
9699 1
2190 5
667 9
4147 2
5571 3
6065 6
2781 7
3518 4
5330 1
677 8
1717 3
4318 10
4810 1
5098 4
6142 10
9918 4
2842 9
669 5
595 10
4300 9
5291 3
9365 10
4866 7
5510 9
3878 9
9287 8
5826 4
4948 10
5759 7
2872 4
5000 2
4496 9
9478 8
7170 3
3478 8
3577 9
7743 3
8697 7
8735 9
1346 6
9776 9
851 7
2809 8
8058 4
2583 8
8036 7
1895 3
7044 2
2775 10
881 10
4851 4
6207 1
4099 8
8063 6
5768 7
9037 4
3327 7
961 10
2985 5
734 1
6824 6
8590 9
2411 3
6676 9
7899 8
4328 6
7994 4
6083 8
1685 1
4353 3
2778 6
5829 10
5772 4
5531 4
6388 7
8659 1
2305 1
6103 3
2813 7
6164 10
7402 4
5618 9
2218 8
9144 3
9720 1
2449 2
4205 2
4225 8
5660 9
5835 10
344 6
3785 6
6803 5
1562 9
7084 7
7036 8
9594 5
2946 7
8636 9
4307 4
10146 1
8662 7
9995 7
3822 9
5765 6
6112 7
7809 1
9567 4
3006 6
3141 1
2874 4
3271 3
2638 5
5177 6
9177 10
8553 3
5977 9
1130 4
8076 7
3257 10
3903 9
2483 1
1257 8
9658 10
4915 2
3047 4
7045 3
2325 1
3291 8
749 6
9130 5
9733 3
2806 5
5077 9
640 4
8532 3
1529 5
6333 7
8961 10
4398 5
6445 3
103 10
1876 1
9645 3
7520 8
2545 4
9340 10
9899 2
7025 6
3962 6
4581 10
186 4
4604 2
5252 5
716 10
8281 5
9486 9
1349 8
8481 1
3933 9
7204 2
8887 6
4782 2
1440 6
5202 8
727 2
3646 10
3793 6
3707 7
1120 1
4397 10
9581 10
8963 7
9200 10
9722 1
2771 3
2512 10
2931 2
5725 8
2335 2
1478 5
4517 7
1891 3
155 2
5864 9
966 6
4312 6
3622 3
7137 10
3694 8
6625 5
6246 4
8126 10
4471 8
6658 7
2567 1
2770 8
3815 4
427 10
1670 1
3254 9
2353 1
5844 5
1822 1
2861 5
7003 10
1722 3
2341 10
4547 6
2417 10
8116 9
9334 7
9367 3
2199 5
6573 1
4853 2
9403 5
819 8
4051 9
6442 8
399 9
310 1
4593 2
7927 4
6404 3
5691 1
8311 9
39 9
9399 6
1534 7
4281 2
61 5
6804 5
6729 8
4988 1
3543 7
4586 5
8227 6
1648 7
10100 8
701 3
6200 2
922 5
9285 10
5627 8
4263 3
512 6
6931 4
9511 3
212 3
5654 1
7772 10
9677 3
4527 2
7916 6
9783 8
6732 5
8650 4
2782 3
9329 3
5276 4
9054 8
5570 1
6847 10
6675 1
8729 1
2658 7
6047 6
9627 1
715 1
7804 9
1887 6
9920 8
3887 7
2731 7
4492 3
9343 8
7845 7
823 2
9935 10
4518 8
2761 8
1373 1
2707 1
4608 5
9318 6
9591 2
9705 1
9954 1
4268 9
6032 7
1323 7
7895 2
967 10
4150 8
9501 3
1834 5
1914 9
2267 6
8006 3
5254 2
6846 3
7905 1
9286 5
6460 3
9543 7
4232 1
8205 5
2281 3
545 5
8795 3
9919 8
5377 7
1049 10
5596 8
6408 1
2260 7
7944 8
10055 2
4811 5
7094 3
7518 4
8389 3
1462 2
7197 8
2384 3
320 1
3944 2
4616 5
9077 1
7581 1
2703 3
8451 8
5070 3
6659 8
9515 5
8068 3
9447 6
3562 8
2316 5
3691 4
8340 5
9104 8
1269 10
152 5
8597 1
4551 7
9233 10
8562 9
2273 9
511 7
3856 1
5514 1
7052 9
8696 2
9572 10
5093 1
6902 10
3908 3
8678 7
9275 5
4228 6
1206 1
432 8
7673 9
262 8
3560 7
6072 8
1207 3
4601 2
5262 5
6301 7
9112 3
114 2
1526 5
1651 10
7846 2
1801 7
3742 3
3303 3
19 7
1249 6
1847 6
4392 6
28 5
3195 10
7934 2
8510 3
3259 2
1227 5
5335 3
3224 1
4257 6
4718 3
5451 6
7519 5
9341 4
9784 4
7259 5
1137 6
5012 5
3976 3
7164 7
1590 4
6776 4
7885 4
4003 1
6886 9
7220 3
3370 8
6842 8
8087 5
9813 2
5850 4
8657 5
4641 7
5221 8
7692 6
3897 7
5616 9
5769 8
7268 5
2368 10
7118 8
9182 10
6050 4
6619 4
4831 9
5881 6
8407 3
3733 3
712 3
3881 1
7230 4
9703 9
2375 5
7409 8
2071 6
4537 5
88 2
8886 10
1188 2
6233 9
7018 6
1550 8
8031 5
6849 2
9537 10
4472 2
7021 7
7771 5
9172 10
9702 4
5361 2
5378 10
10074 5
1979 5
266 7
8993 1
6371 5
8937 9
8275 3
2473 1
3685 8
4380 9
647 2
902 9
3797 7
9734 9
1127 7
7292 3
5183 6
54 7
154 5
3386 10
10107 10
6357 1
1069 7
3020 10
4978 8
6808 2
5052 1
3217 4
9301 1
5749 2
6733 7
179 7
329 9
2077 10
12 4
9674 10
5312 3
5754 1
3812 10
6225 5
8043 4
8350 1
8538 1
8789 9
5365 7
4021 6
6432 10
2125 5
2877 6
3906 2
7856 3
5284 5
1930 2
4086 9
9548 3
1123 3
8132 1
2065 4
395 5
7089 6
9903 10
6965 6
4045 8
10073 7
2634 10
5306 10
9384 1
3025 3
9798 10
1697 2
201 8
2683 7
9817 3
7465 2
7810 4
9215 7
2618 4
3847 1
7184 4
9675 9
9441 7
6660 7
1071 2
2044 5
7148 10
4077 2
6153 7
7162 1
10091 5
5247 8
7302 7
5508 10
4571 3
10038 7
4394 6
7579 10
6545 9
7047 4
381 1
5922 3
10060 6
4987 4
723 5
1710 6
332 2
8014 3
8094 1
3073 6
3349 8
7006 5
451 7
6328 7
4082 8
8751 4
1258 10
7812 1
1018 4
3290 3
4715 4
1405 3
4305 2
536 9
8472 8
6641 7
6756 5
6250 7
1276 2
2760 6
3644 8
3750 5
2573 9
9138 5
7621 8
3341 1
4066 10
1965 1
8243 10
8642 8
894 8
7832 4
973 3
7615 3
9475 9
3053 7
4554 10
9957 8
4402 10
8577 9
1000 1
6671 2
7655 1
104 9
1470 2
1897 1
8050 2
2024 3
2934 2
5701 6
3087 6
4888 6
5713 6
9199 2
7709 4
6815 7
10143 3
1157 4
2521 10
5842 3
6100 2
7507 2
2265 1
3425 8
8654 10
9814 3
4295 3
1646 9
7438 3
8156 4
9909 9
6905 10
7966 7
3466 4
55 6
1250 2
3591 8
6565 8
630 7
3918 1
532 8
4946 9
7143 4
8046 2
5435 10
10035 8
8758 1
3052 9
4495 2
5105 5
9607 5
6679 8
8583 8
5193 1
8475 2
1864 1
6956 4
7686 4
10088 8
754 10
3471 7
8628 1
2204 6
3247 5
9606 8
5114 2
598 3
10094 5
4338 2
5464 5
5134 10
7660 5
8571 1
9148 9
4865 9
650 6
7129 4
758 4
3554 1
9870 1
5819 1
5018 1
5820 5
9202 5
2888 1
6193 8
3829 2
4210 5
5380 8
7393 8
1638 10
8629 7
8762 1
9238 8
1741 1
8015 6
5665 6
2400 6
1974 1
2885 1
6631 7
4372 3
189 2
3695 6
5180 7
9811 7
5574 2
9704 8
4163 4
6816 5
8154 5
4692 5
1359 3
7560 10
8025 2
5818 4
6070 3
6862 1
9653 9
3284 5
5679 5
8508 7
537 5
7038 9
551 9
5980 2
1142 4
9184 8
8109 10
2554 6
388 8
7169 5
6486 3
4858 2
1215 7
10069 5
2318 2
1778 6
4189 3
3493 4
7570 4
8803 6
9319 9
7240 2
3531 9
1766 4
6184 2
2067 5
616 6
1774 2
2329 8
673 7
8810 2
6580 3
9740 7
2196 1
1998 5
2242 8
1981 5
3233 4
350 7
2665 6
1151 8
1477 8
1556 8
3166 1
5766 6
7713 10
867 3
2180 5
3313 9
3572 4
4345 9
4193 3
7099 8
153 10
5737 6
10036 3
1009 4
1943 4
2143 8
2442 7
2660 6
6770 1
5641 10
1691 1
3106 2
4637 3
6192 2
2099 10
6624 5
1967 8
2754 5
7467 1
4776 9
1434 3
4836 7
4365 7
493 1
3157 10
8051 4
1669 2
5059 8
9599 10
1947 5
2825 9
8694 7
9663 1
641 4
7840 1
2532 10
6487 2
492 10
2947 7
5559 7
9332 5
3258 9
9167 5
9516 10
8089 7
1969 10
9885 9
8502 4
8366 5
9428 3
6841 7
7907 8
5967 1
8997 8
7228 9
2739 10
7096 8
9368 10
1739 6
8221 4
6786 2
10112 1
333 2
7486 6
8279 7
3338 4
791 1
9671 7
7955 9
7580 6
7924 8
8456 9
6817 5
7636 4
8024 1
4211 7
2864 5
9162 10
9467 10
9525 10
4546 6
5477 9
1093 1
10070 7
2197 1
4358 5
7407 3
3779 10
4609 7
7493 7
3967 6
661 2
1520 9
2042 3
2598 10
8882 10
193 2
2962 9
6568 4
2712 1
3058 6
9021 1
4269 1
1040 1
933 8
1436 2
8112 5
1769 7
3764 5
2095 6
2649 5
3253 1
9075 5
6146 9
4032 1
6622 9
8784 4
9320 8
5985 2
832 8
3721 4
5460 3
5871 4
175 4
2502 3
1835 8
4797 6
1383 10
9902 2
7119 10
9654 2
4999 9
7553 5
1338 10
6763 3
8949 7
5979 10
5280 8
306 8
659 8
7647 4
652 8
583 5
8264 4
6076 8
1163 4
166 2
2000 9
6309 10
2169 9
9586 2
3115 8
7550 7
8710 4
9694 4
6561 1
7710 1
8308 3
9271 9
1133 5
6287 10
7608 3
7680 6
9637 8
8804 7
1213 1
3816 3
7836 2
5316 6
890 1
1117 8
7844 10
1678 3
1694 3
9276 1
3173 9
9452 9
6779 1
8327 8
8534 10
9956 2
9618 5
5667 4
6593 6
6397 9
5863 6
8739 10
4020 7
6137 10
7231 4
8860 10
9351 4
7736 3
484 7
9294 2
3296 7
3901 8
5900 9
4893 7
5429 8
9672 10
10154 9
4746 9
3476 1
5589 8
1701 8
8473 6
4316 5
2566 4
6391 4
323 7
378 6
8357 8
861 3
5988 10
8355 5
2040 2
197 2
2970 2
7186 4
1027 6
2720 9
7283 6
8437 10
5824 3
9826 3
99 5
2173 3
3886 4
7081 6
2716 3
3416 7
5253 7
9051 6
2008 1
4326 6
6135 4
3012 5
5625 10
3343 6
8017 10
3436 9
8213 4
5944 10
7227 3
8263 6
9834 1
4682 7
5880 2
4065 2
1713 6
2376 2
6099 9
771 6
626 6
3879 10
4308 3
1652 2
6512 4
6201 1
1946 6
8812 6
2397 7
4923 2
7674 9
8536 7
9003 5
1152 6
8605 5
4251 1
243 3
1281 1
6504 4
9123 7
5067 6
5219 7
6087 7
2955 1
3862 2
835 1
1900 7
4200 3
760 10
4084 8
7339 5
1428 8
315 10
10086 4
487 9
4541 4
1517 6
4693 6
3602 5
7574 5
1564 5
480 10
9047 5
8367 9
109 1
4160 1
1537 8
5636 10
2833 7
198 10
1908 9
3332 10
8173 6
4720 8
508 9
8261 1
8604 8
229 8
4076 9
1211 8
7063 8
8072 3
8266 7
8644 7
3686 2
10064 5
1653 4
8404 10
6917 7
3570 10
3756 2
2954 8
3511 9
2328 3
4468 9
71 9
3537 9
2655 1
8909 7
5774 5
4436 1
730 6
5173 2
4961 2
1199 5
2679 2
2967 5
1340 2
9163 8
891 4
9035 7
1762 7
8260 6
7864 9
4037 8
1680 7
2351 1
2522 3
4795 7
5500 7
7012 3
3946 7
782 10
994 10
9489 3
3099 8
4363 3
6698 1
5651 5
574 6
9168 6
4700 7
7195 10
8294 7
7131 9
8622 8
946 7
485 2
2536 1
9588 4
2926 5
150 8
4448 10
7756 9
8295 5
3571 1
6507 7
1830 10
975 9
2818 3
2977 6
4089 10
10144 5
5585 1
4433 7
3158 5
9854 8
6278 5
2080 6
1657 5
4671 5
2013 1
4573 2
995 8
2937 4
6506 9
5726 5
7241 5
5613 3
3372 6
8480 9
8944 6
9305 7
6484 7
7138 5
4343 3
7395 6
6482 1
6921 3
3134 1
8317 2
7637 1
5111 4
1987 4
3599 3
6887 10
9864 4
6078 7
1551 7
2185 5
9616 9
4321 3
9866 4
7381 9
4183 10
5750 1
6406 6
4632 3
2879 4
9442 2
3046 9
4113 2
3446 2
4661 3
2575 1
4162 10
2652 3
5937 2
2980 10
923 4
8225 3
3643 6
3783 4
4646 5
8600 7
9874 1
9974 8
7620 6
7821 9
7726 7
9129 1
9134 6
8095 9
7746 7
8092 6
9850 5
6717 1
2100 5
4771 4
398 4
5008 10
7080 2
3199 3
5663 7
896 4
3138 8
4280 6
4997 7
646 8
6539 1
1309 3
8138 8
4945 10
5931 5
328 1
7117 5
3279 9
96 1
7849 6
9493 5
3041 1
3239 3
5112 3
3846 6
475 6
5956 10
3499 2
3923 6
3532 8
828 7
2492 7
8621 5
7649 7
7705 6
7100 5
8934 4
6897 8
8672 2
5529 7
8412 2
5003 8
9488 4
1134 5
3407 6
458 4
3174 9
2379 8
336 4
814 8
2648 6
4018 10
6762 9
8369 1
3533 2
8418 9
4634 7
6607 4
3347 4
6867 4
3799 5
4195 6
9358 5
4306 10
5046 9
2086 5
2498 4
6534 6
5025 7
9825 5
4410 5
7399 2
44 3
6818 6
7800 1
9632 6
5301 3
5336 8
5338 1
3566 8
8619 2
637 1
3938 1
3652 6
9245 1
110 3
2581 10
9747 5
9108 2
540 6
3524 10
5975 4
5998 1
8706 5
1843 10
5841 10
248 9
729 4
8911 8
1571 1
1992 10
5285 4
6695 4
6793 4
8401 9
6129 5
8161 10
6237 10
1999 9
7449 2
4710 2
5110 9
2514 1
5231 1
8624 2
8373 7
4241 2
409 7
3659 4
6326 1
9386 5
6871 8
413 1
370 1
3163 8
6616 2
2797 10
4739 9
465 5
9933 8
7690 9
4116 1
6118 3
2839 9
9005 6
4049 8
5983 9
6003 10
9250 6
9165 8
1236 3
3010 8
8519 8
2137 9
6188 3
7171 8
4407 1
7712 7
4610 5
9169 6
4107 1
5446 4
5432 10
1683 8
5599 1
6254 6
852 1
4580 1
3339 7
3165 5
5311 4
6740 5
2043 7
6551 3
1760 3
2728 4
298 1
3675 7
5189 3
6252 4
1246 7
3328 5
559 4
3002 10
3767 7
9106 9
1079 9
2382 2
3772 10
707 9
3534 8
8196 6
1228 3
238 9
2580 9
3277 9
6769 8
4674 6
6775 1
6511 5
1290 4
6672 2
2078 8
5954 1
1855 1
3651 6
3800 7
8712 2
6054 4
4846 3
1624 8
3770 7
171 6
31 4
2056 6
3137 2
5872 9
8005 8
1531 3
1990 8
2708 10
8842 9
5936 4
831 4
3169 7
4374 8
2732 9
7552 3
9216 7
4319 1
7561 10
430 9
5250 1
8724 8
4349 2
628 6
8791 3
5161 8
9063 10
3434 7
2101 8
8509 7
9377 5
8159 9
1735 1
5448 3
3730 6
1658 6
8956 6
4368 6
9080 8
682 2
5047 4
3059 7
3914 5
4620 4
10137 6
8247 1
9257 5
3355 6
4705 1
4068 2
8551 8
4290 5
8499 10
9483 3
5116 9
519 8
7239 2
9302 2
406 1
7441 5
5146 3
5657 5
7043 2
2159 6
5257 5
8690 3
478 5
5398 8
7088 4
6196 7
8845 2
7377 3
9610 4
6972 10
7097 2
4536 6
5536 5
6760 5
8305 5
3512 10
6416 10
2423 10
8569 3
127 5
2547 1
9891 7
3464 9
2051 6
5084 2
5511 1
5288 9
8965 2
2070 7
3250 6
1802 7
7952 5
4266 7
9528 2
4141 3
3358 2
5611 7
7246 3
4461 5
6443 4
8630 8
2010 1
3114 7
9255 7
496 8
2186 4
3984 8
4302 6
9836 3
9910 2
1026 2
7646 4
4911 7
2764 10
6464 5
5456 1
9818 9
2600 6
1061 3
7482 4
4419 2
9739 5
2150 1
6742 2
5307 10
7965 5
888 1
2215 5
7183 3
2928 4
8030 1
1324 7
3159 10
5083 5
5572 1
7936 7
9084 3
6248 5
5709 9
5909 8
5366 4
5466 1
7068 7
9550 7
1329 3
6673 7
1015 6
8235 1
2948 7
5212 10
2213 4
4552 4
4023 8
3455 7
4679 8
7495 1
4159 1
4868 1
7911 2
3095 8
307 3
6752 4
2988 7
6768 10
1241 10
4792 8
273 5
6893 10
1308 9
143 4
287 1
5817 6
794 8
1422 9
552 3
5808 4
7288 1
8757 6
9140 1
2105 3
7418 1
385 3
9025 10
1868 10
3850 9
1532 6
642 6
9727 5
2909 1
1217 10
2183 6
8888 8
2207 8
5493 9
8 4
3839 10
6589 3
5061 2
2257 8
7551 3
3465 7
3516 10
4654 9
862 6
222 7
5728 2
6826 6
9600 2
448 10
2958 2
466 7
658 10
7735 4
5535 4
9917 5
4172 7
6306 1
836 4
1591 10
709 1
82 4
9299 10
3080 7
5873 8
7896 1
7632 8
6514 6
7862 4
3714 9
873 2
935 3
1143 3
3011 6
3385 6
8282 4
1282 7
6307 8
7256 10
9991 4
2468 6
4303 9
1860 7
960 2
9465 6
8740 7
3472 7
504 7
2439 10
3940 5
4428 8
5255 1
5970 3
9633 3
744 9
6489 5
7015 7
9803 8
6059 4
4179 7
5038 9
5692 1
9288 9
6855 1
7223 6
7428 4
8957 6
5066 1
6988 8
2460 9
1944 9
4821 4
1243 2
8390 7
4123 5
6964 3
2998 6
3037 10
7594 6
4505 5
6311 6
4619 6
3935 5
7370 10
6876 4
8893 2
3108 2
6077 9
9270 8
9977 9
7605 2
2900 10
8982 8
4062 2
93 9
10123 2
8165 7
2456 8
869 5
4542 10
5200 7
9331 5
6502 3
6691 7
2999 5
6838 7
5440 8
7366 8
570 5
8009 6
6067 2
982 1
1853 7
9166 4
9224 1
2830 8
2380 4
2876 6
947 5
7879 2
3272 4
1968 9
3429 2
5735 9
643 3
6571 9
4317 5
7107 6
9460 2
3273 2
4361 2
8799 5
710 9
1219 3
9562 3
6419 1
3819 4
6018 9
6544 10
7331 8
6851 2
2319 3
4354 7
1183 9
6774 1
5642 7
5839 2
8585 2
1381 5
4926 8
6962 7
10009 1
2615 4
6462 3
220 9
1791 6
2258 3
1702 5
2179 1
4707 9
7684 9
9942 8
4080 5
517 5
20 9
2160 10
2983 10
5293 8
3419 4
2485 6
7185 5
5884 9
1175 7
4902 5
4996 6
7549 4
7813 2
9291 6
8164 4
2916 3
8318 7
3344 3
5767 9
7616 1
10089 9
8638 8
10027 1
9139 10
7149 5
5390 2
7355 3
2563 4
467 3
1255 9
1620 5
9571 2
2820 6
8686 9
4917 9
924 8
1345 9
9410 8
37 1
8721 10
4566 1
5763 6
6298 9
3688 2
8228 4
1910 9
1675 4
7470 5
6149 5
2619 3
3777 1
8747 10
3868 9
2585 6
2001 6
5141 5
2364 7
6969 8
7201 10
6833 5
2233 5
9342 2
7658 3
8001 8
2041 4
5700 4
7889 4
3738 2
6016 9
2997 9
5778 3
1799 7
1980 2
1889 4
3221 4
5973 4
7807 9
956 10
9967 5
9113 1
3765 10
10090 9
3498 7
1781 5
4964 1
8000 2
1585 3
3503 4
9844 10
6868 10
678 4
5902 1
4627 10
60 1
2209 6
392 4
5486 10
2087 7
2414 4
8573 9
8248 1
3118 9
7745 10
3690 2
4110 5
564 8
7555 6
9056 7
1369 3
6650 5
2171 7
8067 8
6777 7
7281 6
870 3
1307 6
3858 9
5992 8
7537 5
7476 5
8041 10
8210 8
3791 2
1740 8
6162 5
7943 3
1098 4
7714 2
8938 7
2166 1
2334 7
9068 9
8185 4
1298 4
5140 5
6280 5
9079 4
2263 8
3285 2
2845 9
2936 4
4064 2
4854 5
2657 4
9050 4
6832 5
6549 10
9766 9
5326 10
5196 6
463 6
5090 8
3236 3
9706 10
7761 9
10072 6
514 4
4941 6
7145 7
1398 6
2836 5
687 1
5011 9
5445 8
1235 9
6586 9
3180 1
7136 2
927 8
7865 2
2822 1
5986 10
653 8
9656 1
8316 3
22 2
3091 4
7980 10
2311 1
1932 2
8960 9
1625 9
2520 10
1518 5
4914 2
8716 7
5100 6
4812 1
1957 2
7568 9
7277 9
7687 8
7819 3
8218 6
4973 10
8575 3
4572 6
6216 6
5859 10
9251 4
8838 10
978 7
2594 1
3616 10
4382 5
6906 7
1582 9
1119 8
6407 2
6707 6
5137 8
7290 7
9122 7
337 2
215 2
2208 3
3148 2
5393 2
965 1
5091 2
1274 9
3637 6
7892 8
6918 2
3795 6
9240 5
4567 10
878 10
6554 2
4856 3
7958 1
9686 4
5469 1
6085 5
6844 7
6354 2
2219 3
2606 7
596 1
8891 2
2355 4
4570 7
8719 8
944 8
2956 5
5515 5
5194 6
1072 5
7332 10
6031 7
717 7
957 4
8135 8
3970 9
4388 5
6751 3
987 8
9127 4
9841 2
5509 9
8817 3
9321 10
9538 8
4890 2
7898 7
7765 4
2938 1
8240 2
1301 5
2647 3
3175 2
3851 7
5822 1
6453 4
1230 2
7457 7
7959 6
6522 8
6249 2
3154 5
9862 1
6121 7
9085 6
7510 1
236 4
3357 8
3413 7
1408 3
2576 6
3340 6
1519 4
6891 9
2025 2
1201 2
5505 10
2182 3
4258 8
4568 1
1937 3
5658 1
8787 6
6835 10
9174 9
9869 1
6953 4
396 7
9461 10
9076 9
5283 6
8290 4
9496 9
3561 6
2290 1
7526 8
271 2
6986 8
2476 9
5020 2
7554 6
3743 2
6592 9
2559 2
8896 4
6613 8
5877 2
4304 9
8912 10
6778 6
2289 10
1538 8
5264 4
6623 8
6148 9
9549 5
803 1
2452 2
1392 2
9007 8
8048 10
8913 7
7420 9
8019 5
9806 5
1138 8
5483 1
7165 7
1052 4
1877 1
340 7
4351 5
8374 1
9444 8
5314 5
5273 7
7440 8
911 9
51 7
7460 2
5050 10
4164 4
6470 9
8021 10
5785 5
9595 4
1955 8
725 7
2239 1
3183 4
501 2
6128 1
5222 5
7597 9
1187 5
703 8
5805 3
1073 3
2102 4
4146 6
6360 7
78 6
1447 4
6805 2
2950 6
1956 9
5228 8
7757 2
4344 5
5528 8
5136 5
3833 6
7543 4
9949 10
3198 4
3582 2
7403 8
5324 4
7166 5
4538 6
9142 9
6276 6
1731 7
8493 5
8055 6
6411 7
9091 10
4752 7
177 4
6602 4
8134 1
9132 9
1917 8
3820 7
7093 6
2994 7
7984 2
9959 3
3054 9
3399 4
5649 8
948 10
4668 5
4629 1
7932 9
8101 1
4091 3
4126 2
6433 4
6519 9
6788 2
4206 10
9805 4
4071 10
5747 4
7212 10
4440 8
9008 2
3687 6
7116 4
10018 10
5131 4
1552 9
2850 1
6736 4
4489 3
555 5
6049 6
5551 10
415 5
1042 6
8692 4
6238 2
7280 8
3953 1
6552 7
4760 3
9267 6
9911 3
1406 3
9269 9
2966 6
1140 5
2688 4
1986 5
6134 1
9090 5
7656 4
5734 5
4708 8
793 1
5297 7
8501 4
1224 1
6277 4
1836 6
4540 8
7754 5
2436 2
3673 6
5607 5
7610 4
9322 3
2049 4
5482 6
1148 2
7318 4
10155 9
6208 7
8797 9
2276 10
7871 7
2094 10
1510 2
3234 4
7278 3
2944 7
217 10
5078 1
8943 7
7326 6
3098 8
10049 8
9241 2
265 5
7218 10
3739 10
7033 6
9577 1
5434 7
9682 3
7824 8
5022 10
3867 2
8865 9
2919 1
4980 9
5245 1
524 6
7894 4
7085 3
338 5
7766 10
8618 1
161 8
1512 4
5322 8
4666 2
4681 3
13 4
10056 9
5290 6
464 6
9296 2
5208 2
10078 8
4575 5
1749 5
1838 9
4357 1
6147 9
8049 1
5602 3
5650 10
644 2
7007 2
3536 1
7803 8
2515 8
2131 10
1565 5
8381 7
4942 1
7588 7
5261 1
3023 7
6913 1
8483 10
4369 6
3227 9
7433 7
8515 5
1708 8
1718 2
4043 6
1777 7
8054 10
7540 2
8271 1
7571 1
955 4
2957 9
4036 10
3215 3
2011 1
2309 7
1745 3
1277 1
3262 4
6555 5
7466 8
3110 6
604 6
6919 5
6450 3
9824 5
7711 6
635 7
1360 2
3365 2
4690 9
8554 9
964 1
5092 3
6692 5
6785 4
884 9
1732 2
7988 3
4334 1
9065 7
8438 10
253 3
9832 3
2337 8
4399 6
8754 2
611 9
5809 7
8330 8
8613 9
6255 7
8242 1
4355 1
3803 9
3871 8
5133 9
2255 10
75 7
8928 7
5465 2
4596 7
8794 2
3226 5
5243 6
9188 4
2735 4
6570 8
9105 8
3113 9
9533 7
364 8
1784 9
6963 1
5461 2
3942 6
7578 6
3411 6
4657 8
5337 1
1374 2
6279 10
4114 4
619 10
1856 9
4041 10
1455 5
6819 9
9517 1
5604 9
4841 5
6636 8
4918 1
5865 1
4704 1
8223 1
8651 2
5470 5
8386 10
4753 5
7790 2
6812 2
5142 4
10010 1
7319 5
8816 4
1942 6
6022 8
4716 4
1771 7
7199 7
8137 3
2176 6
824 7
1395 7
1796 3
4555 4
3197 9
8588 8
2853 10
5708 9
1938 3
4642 6
5587 9
5856 6
9480 8
9547 8
2081 7
2987 4
2991 2
3437 7
6533 9
6477 2
202 3
3104 2
1509 2
1869 2
8981 3
7108 4
8639 8
6797 8
3190 1
3917 8
1960 1
7293 7
6922 5
6395 10
751 10
8093 5
4422 6
1437 7
6548 8
1871 10
4201 2
4294 8
9960 7
291 8
2925 2
6011 4
2791 8
1776 6
9861 2
2174 10
2939 2
1057 3
7284 2
3579 5
360 10
5295 1
1973 2
5821 8
3921 9
6264 10
8377 4
7962 2
7651 9
8013 4
5661 10
6029 8
3287 5
4000 10
925 8
1316 9
3545 1
4152 1
5215 4
2435 2
4979 4
5388 3
2506 8
6168 2
5389 10
6724 8
5225 2
7423 8
9661 10
3778 10
7384 2
7431 8
3985 1
8452 8
2096 10
2454 9
1433 3
7796 1
5271 4
1541 2
7057 3
9659 7
6463 4
5527 3
9930 8
2035 5
3426 10
1595 3
6114 6
3710 1
1208 4
6823 8
795 7
945 1
3022 10
49 10
5950 4
3085 2
4030 8
2108 9
5987 9
8652 7
6004 2
3404 8
8958 9
9326 3
309 2
1703 6
3576 9
6036 1
7322 7
2548 7
5799 10
8119 6
8985 6
4669 4
5719 2
3042 9
4895 2
4283 5
6131 4
6856 9
9683 8
8883 1
5612 10
4234 9
5801 10
8197 2
7822 4
7971 4
4773 5
9265 2
7505 8
163 10
6791 5
7532 2
7269 9
1615 3
7016 8
811 9
5556 9
9570 10
4839 9
7904 7
8358 7
5697 2
9551 10
6062 3
9978 6
638 8
953 8
2466 9
2968 2
9597 1
8541 9
362 6
5043 8
120 10
1169 6
5369 9
4001 3
3448 8
3650 5
4741 6
6441 4
5989 8
8032 1
9522 3
2753 8
9471 3
5040 4
7977 8
1627 8
4814 7
7908 8
10075 2
9028 4
2772 5
9558 8
4446 8
6177 4
759 4
1078 6
6683 6
6413 5
8545 9
4248 3
4765 2
3204 4
3909 8
9807 1
2517 2
5236 2
807 9
1679 7
7035 10
8917 8
7445 6
4329 10