5 3
15 1
23 2
8 10
9 10
28 10
13 8
38 3
66 10
14 6
29 3
32 2
17 10
26 1
33 10
18 8
77 1
22 9
4 2
27 6
41 7
35 10
114 6
297 1
118 3
132 7
78 3
136 8
71 4
76 5
137 10
25 9
34 5
143 6
69 9
144 4
47 9
245 2
58 2
246 2
24 4
253 8
42 4
51 2
65 4
7 9
68 4
2 5
46 6
70 2
53 9
113 1
117 6
67 10
133 3
195 4
36 6
37 8
10 3
16 1
250 8
20 10
30 10
60 4
21 9
72 4
63 2
44 3
40 1
64 5
12 9
43 4
54 5
48 9
175 4
179 9
180 5
191 3
49 7
274 5
83 3
6 10
62 3
50 10
95 9
11 7
91 10
56 9
88 3
89 7
92 5
61 3
79 2
45 8
57 5
259 10
19 3
75 7
31 10
73 4
59 1
55 4
110 6
139 3
199 10
39 3
82 5
81 5
74 2
262 3
120 5
162 7
184 5
189 5
190 6
210 6
255 8
264 1
266 9
256 10
87 2
52 1
218 4
261 9
86 9
3 4
121 8
205 7
105 5
106 9
90 4
93 9
123 2
84 9
247 2
98 3
249 4
85 9
125 8
111 8
112 6
99 5
104 3
257 7
94 9
97 4
108 10
107 1
101 5
103 8
80 8
127 1
172 2
181 4
102 8
219 8
223 9
260 6
209 4
214 10
145 4
168 9
115 2
149 4
150 1
248 7
138 2
258 5
141 8
186 6
252 7
146 6
171 5
237 10
124 5
163 5
273 1
126 1
134 2
267 3
135 2
212 7
165 5
173 4
153 6
96 4
271 4
295 5
263 1
170 8
243 6
244 4
130 4
142 2
131 9
182 9
116 1
157 5
100 9
109 7
140 6
119 4
283 1
309 3
310 8
147 5
167 8
269 10
280 7
285 7
284 7
161 6
281 6
185 9
251 9
166 4
174 3
265 7
169 10
270 9
238 3
272 1
213 3
122 4
201 4
254 3
217 7
268 7
221 4
177 1
193 3
129 8
128 4
289 3
286 6
211 7
227 8
230 3
231 7
232 8
235 4
187 1
202 2
278 10
197 2
198 2
183 8
164 1
236 2
154 6
203 9
151 7
204 6
176 7
194 6
288 8
178 8
148 4
155 2
156 10
279 3
291 8
152 3
293 5
294 3
158 8
296 3