2332312211
2113332443
4323333211
3212312313
1314142141
23423
43114
41344
41321
32113
11332
21111
21321
31144
13234113113411344432443341341424332322214333434112134231434333413113211122434122113443123432321423322212232422411231432331222414122311441423122141211412321232144323112243122232131444132111232441424232134334343332143231141412223144134413332332343412222232314232214214213441344212413442434111234224134324342442314122233333223232131243223341421314323144414122212144143431111113112132323443441122314421324143242244431322422431323333412313224234142342433124143111313333131334413132113311341434312133224121322134313114221244222412334133414443424441324422224132131341122224232442232313142211313324331333442114421441442323111214411131142231323444442242322111414122241312431332112223314211313131132434324433324312431313344224333431132222123244242243442312141213332112221224113234212212414343144241331433112133212333344242234224243421324432242
2323224432442444
33213444121431232231431
3422223121223123314414434212
434214331141444421223312344122444312341112242432314132222114422224322131333313213311244234113223233321432323221223213413131333313411243143113331244421112424432311231131323123324112113423443144434412344121432113343242433322432444123112123231422441413342314214444111112242332224132144212321443424422342334444321334224112342124243124123214124411133221212121331334111232332321414431414121141141421342414121142314312222332211113323232322233244323442224344431322121241224323243432433143141344341434214131121212142323232211311112133233133411341221142441232233232313221222144421144314331333443334421443344344323131421222111133421411413133423322424311323232211113141421442232424144314314222321242123411233412313124221114312242423443421241324111424244232241223324224132211143111123434443132243242131141112341213143334234244414234231234441411213124231132434124412322431143324443241424114322443321143342323411241212214444232414421242312314221433321322444214321231313343113431332332113144142321234334341
1421343312414143
1413243131123
121242212142324131343
3144144444132234223
12332211333331
112222141142414442
1442442421
42432431342
424314423
33133423
1333223343
1242143214
412314
31141
32424
11213
242231
34431
14324213321
22144
21113
34212
33134
22212
12141
443313
313312
142131424142
233122
34412
11313
34433
132144
44132
423131
224122
24421
44334
22321
24323
42424
23432
13312
21343
14421
44222
43431
22342
42333
24114
233412
44222
31341
14334
34411
21441
11424
4141321
232312221112133414113321331222411432221421111234132322114213112423344124233
11321423
4422112333432
214331
134111
414132
414344
324341
142221
212432
123243
334212
213113
241232
112111114
23433112424331414113144232424313422144211114222414242311221124133111124132142221241224231444441334334131332112143323434211433411342142414322232412313443323213442213323433324233423433441234144123114342224121234441233343342234431212234242132112342341332313324411314244211142434312143343312112412113112121444133441442114424441321411233123331434321432243421124432144123222124341241422232441444221324442324314121331214114344244344323324211412431334222244324323321444441
4341
422
243433234213324121411334344321324241233123423341333234311114314334141233421323123122121441422411341332441314332442133212
4334
13144134111234221214343124
3132313
312114
344133
3343212
322143
4331124114
112332
23332122434411433442213431
23212134
11314433134424343243442231
4421341342411424412134443214222124421433133114334423133412434314222124414242314322321344321324232224142424324324142433231433324431434442232444224331414331233132413233433114321434213244144114344234424131321114312214341242413431121214123211411333431341134443423413211323
2243333423122211442221
4322212232214
444421124232342232
233333
111113431
222241224131
2333242324234213
214223313
32224114231421321122424424114343134134312341321122112334212311311211234213443321123444413213423231244114311323131313342431143222331223232113124232432114313313132431233134222433441231431333332311412121422224422243232411122322312322442434321233241432444224412421232324214322231243142233133244441444244121422143312322324433441133143444342442334322132424433133441411333441323441124224124111421441324121112111241224214241441214111213142142444134113444331314433223412411124442123243421321433223222311411331111424424123114433321123223211131111243211234442232113221422312242423122312242214422121411412114423334134343214311421441333132121123223231234341441342314144434331234343421213434243232212434222232314314114422234341113111342421343443113144213311324424423224311343343431113212121142432424343233332241112213221441123413144324324341434333234412244213423141432121144422441234241114434142222122412134133411113242442422342211143344
4312234
2432132312234242144343124112131244211211331131312422133431314314441142322431241333212234332312443344223341413342142112431212111314312344223223424232211233142142121432233322341144143141142222242412
3112134142124321244324423321421413141142222121413222
33122122343243212412124134222431333132234312431432414412222311441412212123111223432313232242441443342431242314444222331334244341444311432234432142442433124141132412443434334123143314323234424233323421124412214332314341412111242312211311344224111
41344
121322222244114414433123133242342341443233242314234423331243114322332333344411441224244433131222433
44324312231444231224324213111331423243243222443222221214311214342444412134131434341144144323332433124123342114343242131234242333234234434234421213432133334142331234123321322432312144424234412313433321223331312334343323211442124144221323433411343433431
4411243424213433344144442221333412313133224212123241141114332314112223212133124124441223232344343132242134432213412322322232333114123432413232122423422412121232313241143434424213333414322321323232323321314332333324341442424212231241432231311414423433234143243413131242141132443412212243131414123242142234243334434221324142213344411141424441223111224321323133443113241414221413324124223443214213231333234331423344421243144231344324114312123113224434431123411243343342222312324424332342331442314121433331223442242322244314321312132411324141342232441433221113421323143324341211423221141224221133142342142312124122342131422322121443421242131131332332144412224134221242433422444332134134243221312342244111232411222141221111221141334213332421231131324
333233131
4444213
23144
24323
33232
21411
24124
11434
4121212412
44311134431
11212232144
113342433314342311332232434442411431441
321111
221414
331432
222434124
21233
33434
43412
12324
11222
12234
33244
43114
31443
44233
33411
23243
11131
33143
23242
43122
23121
42222
12443
23331
24341
11443
31221
41313
23234
34144
32421
23322
43214
13343
12343
34444
11424
44314
23224
12122
33432
23312
11121
24312
24222
41443
34134
24443
32334
42231
44342
33331
21212
11323
43213
32213
34312
21222
33123
42443
11343
24341
22243
43224
33313
24114
14123
41144
32231
32134
22334
44311
21311
23232
14211
24231
22223442
31221443242431
232
33221
31321
24311
1412422131231
241211
4242242
4241314322321112142123144144432443144133442414312323213414244334332232311223332222441124413444112113333321141244422444121232434213134222342444411111444134221244214244221332122341224242211333233111432322212142432223431433444143123212311144312142224424214
3231434343412211134444212421243432214242234213233144
12221
3423414113244233243424434112434442314123411134
2434213
311434311
313333212
442311433
12134
113334
133443132121434
2422212122241333432143343331443321241123313333312232422231412131412142423241331223144311
422343
12344
41311
14214
21342
14312
22212
41413
24414
241242331311123442344443414331121214411
4313
231243
441
12342114421123
3343412143233
44224412311341422333323414123341432133223224414122123311431444112342422241423432341214123233341332222334312431344343
4311142424342222244231142134333141414142321331414414143432223423123431314422233241
14143
3331211241221134132143324424442322444314324134131112321434113122344121411123323312433221122222312112211224333
41233
34223
34322
4244421134123222243332233214122334113314323322133321133
33232
11111
34142
44442233213321244422142234333212241223314233414
3434214414423311144424212342124421441114443413243121223111444413441123421124
2341413124313421123444233244224422421434232213311243224411123242444114113433242314212
112433
1431212
234113
314132
224442
234114
41344
41122
41411
12124
132321
23242
44144
12332431
44123
43124
12434333
143411
233413
242114
3111122134
324132
423134
4432422312
212432
121343
431222
243144
433324
221413
331442
214323
221434
24421
41421
31312
12132
33142
44433
21242
4244244
411432
244434
144443
334431
332242
122341
432141
341244
432241
142144
43431224343234311111
424444
443212
222233
441414
344113424212334
324432
121224
212214
314434
443243
142411
331422
132412
224142433
424342
113343
133221
124222
244222
234113
124212
213313
111212
444412
24133243424
413143
211442
133341
411124
134411
124141
242424
444432
414213
311444
123111244
224334
213232
213314
3224212213
323331
133144
134213
24434
411444
42321
123111
434421
14144
24121
33444
22221
23242
23143
13424
321442
111114
334411
321334
423423
423113
321213
223213
134442
121224
122111
22432
34423
34341
31323
24234
24111
43424
11112
12211
24323
24413
31243
41114
11443
14431
333113
213111
331114
344324
231341
134
13313
3121322
24132
22132
11123
144
413414
321313
432244
311442
431334
411144
42143
1224144
344243
243232
424432
344443
232213
333124
221423
431222
131234222
3211242
21214
14321
33112
32422
124413
214322
234431
223133
434313
222231
311242
412433
212424
411213314111
23322
41333
43411
44131
21311
41131
14242
41211
31131
42444
23432
14443
22242
32332
21141
41
31
411423
213321
333122
143332
223114
242334
44312
21243
21233
21341
43441
43121
32441
13433
24331
33144
11123
21144
43223
33334
24422
34233
32444
14121
13321
14423
43311
43211
24132
13332
14422
12232
11411
44133
23132
13312
22143
23122
21231
243334
133331
24224
14311
42244
433122
134343
211323
343423
43321
22223
31234
32421
143133
132423
441441
223333
142234
432414
434214
212212
131244
233124
322332
443
232221
212244
442334
1431214
311241214
22341
42142
42344
23212
42244
23224
43314
12
33
312221
121233
114411
444433
42414
34133
334
132
43231
12241
313142
331233
24334
43414
44214
41232
42423
32134
121132
222311
1344312
2123421
3341111
112241
121323
144234
11
113433
144143
34212
41433
43114
421421
112331
223411
12131
313141
3312242
432434
134123
343321
314114
313342
332243
432211
124434
32123
143413
343114
211224
224241
223131
1441432
24213322
332343
431231
14244
13141
411433423
413111141342343323134
313234311123321313
412131413142
211441
144411423112343423
113224
341234214141433321
211434114434443134413
4322413433141334124333
2113242333
12244441143442444331322
311432414444234133
2234133241431
4423314
3223123412333231121242
2314311321
2313231333
3333222
3414444133421
131112222
333232424131223211113
1312344122
21443123231211
444122
122111
33443
11333
21222
23234
24311
132
141121
3434314334314
132123
422413
4141433422124443134
1141341332234241
344
131
4431314
442
431
344
323
332
441
23132
42122432
33314
22224
33312
43123
122
41224
13131
24
44213
32424
43114
34232
22214
14241
13434
433323
44342
42332
33443
44142
42242
233142
1241111343442
313441
43414
3132311
2224313
222121
2421231
1242434
14422421
2331411
124421
214441
32423
4324414
434213
343343
2332441
42341
321133
11344
211112
34213444
143313
233
23333
431122
444321
442221
431434
211324
313411
313123
13232
421111
242423
313134
12244
34
22
344233
13443
44213
432321
133222
231122
143124
221132
331411
13334
12331
43323
32344
4423114431
332242141312
13134
121211
443124
331314
243244
32142
23134
44434
42124
24313
34132
11434
13343
221
412143
142333
33
24114
42122
42412
11323
34112
43333
32143
14121
42333
44244
22324
334
34444
112434
334212
242
333144
34222
41242
133421
324432
34212234
112243311
44113433
121321
21132114
423243444122
42223144
13411114
241433431
34232322
44241414
32322444
221143233142113144212241123234
13222412
422322
243442
144113331241
332311333
11213
31
34
24124
331212
32121132223
12432
431
33143
41344
33121
13134
124311
34221131412323
434224
341123
3211443112
334231
21243324421114
44243342333422
124141
43134
222413
233
434431
2411441
4422111
422411
1241243443
12133231
1443412322
1413123
4443222
2424344
41213333
24
13231
43113
22212
14411
11431
44313
23233
33211
33241
23124
11113
311423
211232
1343333
324122
41432
111131
3244312
43442
12143322
231
24234
12212
12244
21334
41233
21112
34422
233312
12322
44144313
13143113
21321
22422
24433
244114
4441243
1433342
1431422
144443211
3211231
133341
14
4233124
14121
344333
24224432
22
114241333424232244443111131433312221413143342414322422244414333431214422423432141332423312411124141331424423221123144143444234423312123211343112423243413214132334122342342442334211142233332423413342241212312312324242134242244131431431133132141212424221411424441313122413424242322333223422213234332241134413242334421141443211214431244413331124331324224441213443231222323214223413243413444133324134142124323324423443411434312441241432311121214414422143424111212444413114341431122242324234321313224223223211323132442
22331
13434
43124
31211
232421
34142
34124
21333
42
2123422
21213
312431113221242242431324312224232422141312232343214431421311412121422333333211212322124112123314433143233444143212124341312244223322242132422322144443343412342312133123222121221324323124244234221231321232321244241412143113321342121434314221114411142444312223
12
2322441
24
2131321
12
43434211423133322231313424111423333113413113231411214142241114123312123311312223142334434114134323224231442432241133412141313121114113221131211142334212214442313212243234441334414414223342332441421413131431342443432113444333331311321211443331211244214321212241323432112323332123134212242413343
31423234242243133343242244323421
4121433332442442223243313122411322144212214334432143224433133442444313214212224442223344211443134321313213133334113232433211131222211114334344314434232
2332113444333331413424114444123424311144244234333231114112134111144434433214444421113421422221412112432124214122431311134213113233142434124441333343214
1413324113314111112223314342221442133234444324114433322333411133112113431114111441313113434123414212432131
14113233144214324114232212134311332324343432342213211213412214314433131323222332142244233232241343234323232312443421131141333444434334111324432331134224341422433433123443313334213223144433324433141411221314322113231313342331343322333421231223211243133123323442414111113343322124224434223122433322322322141111221331233444142324143213234344433213324131333331332212334323323342112214233441323121214422211134431434443224414142123113311433342144222114312422231222133234112133341322312124412122234144131441
312334323413333121344212144144122414211113141331212324433133324211432312332334213231423242344342222433333423421311424243313343234243433312312131124334243
332134221212121332314332444444233414134332413231214234231
13
324324313242
322143422341331144414233213423
431432
133143
43143
221
42344
31131
13412
244122
222241
342234
131234
234134
44412
342433
33422
322411
421414
233313
144133
12323
33223
123424
433124
131321
113141
212223
313131
121212
114214
421142
243213
421232
24343
12433
443133
433431
434221
131343
322442
333441
432422
12412
232343
133341
333412
232332
423331
34423
333334
114133
32144
42
34
32214
332244
424113242
323144
4331423121331434443331342422213414223112143343433424443444221411111132121
2412244341411433
3133331343
144331312144
21212344311333332411111413121113134242144121443434421332243421141244444331321142421324223433233434121333121221214324
43112322
2132341422234
424342
444132
41332
11211
21424
34441
44221
12411
43222
14233
33121
42333
32442
443214
23321
32421
12431
12221
44333
433441
34214
33232
14214
13324
13421
24144
14111
21433
14411
24334
34243
44212
11434
31414
13234
14412
24122
22312
13334
13112
31143
21124
22341
43431
44114
43411
41421
23234
11214
22442112
344
3412
413142
143
4144243
3142141
1434442
411414
3213333
424342413322
2121332
42443142
214212
32211441
433113
331311221
34241432442
43431112
344443
34243244
3224432
4142131
441333423
3232441
342
343
224444
332233
334314
422224
124311
332123
131224
4441132
221123
414242
242314
141414
131413
142232
112234
341133
133331
22
12231
11134
11121
12211
23131
13124
14324
144213
131343
124413
244441
412124
311311
231343
23123
421242
2133114
41422
14214
122412
31423
2433412
423114
341241
241214
24233
44
12434211344
443432
131222
213224
44412
23411
42414
322221
22412
41121
14431
24234
34124
43113
41231
33231
24233
21322
14344
21414
23322
42334
42243
13422
34331
31322
21423
33414
14222
24143
23434
11321
34342
21412
13424
42231
31422
42432
43133
21412
41343
34411
23233
22323
13112
23222
42211
21421
14143311
112311
441112
332214
441442
331341
442422
111411
331411
114244
114324
144242
343312
222112
312222
442121
324323
223234
343144
121123
234124
324313
143141
434344
442233
334224
113444
133334
332111
424123
334131
314211
122112
423132
334444
133313
3313134
412342
331212
323244
111331434342
433113
332212
231333324422
131323
441312
142212
422114
113142
123132
112334
422444
322132
333412
244234
413441
143143
332414
423433
413231
243134314432
41433
41314
44224
41443
3323122114
212343
342242
441314
434224
143443
414443
434334
111143
113424
424322
123444
233121
112333
124121
113412
4231213242
243332
22444
12334
31144
12123
14414
41432
41444
41242
43214
31213
42241
221123
421141
133322
243321
133323
422243
23
44144111
14234
23134
31
312342331
24
12342
243111
414121
4122243
442241
21
443221134
24
42
14
223
21124
123441
324324
342142
142
21242
141323
242211
32424
4432132331
4322124
124313
22212
42342
11414334
22443
3432
11231
24234
13433
12432
33321
12241
34223
22
2432244
31
114211424444342
433121
23324
111334
332232
4233434312
314243
131112
41233122121
34333
41
22224
31133
32342
14342
24213
22432
13334
23133
22234
11231
34422
44232
42133
24
212444
43332
31113
433424
232141
13314
13311
12343
43332143
24123
114233
31443
41341
33123
34441
32311
14133
24422
42443
33143
243114
13114
12112
23232
22212
234343242
41123
13424
442424
213114
434432
313114
342242
344413
333214
223433
24344
44331
33433
32223
11121
32224
44442
23424
41123
344442
414113
213234
222423
233443
411144
233411
211242
144444
223343
142412
413341
213342
222143
1343241
441412
434
322
342
341
12142
42144
313134
24414
311343
333331413
2243432
44411
331222
143134
444142
221322414
121143
334244
413134
434313
144222
32442
14233
32144
44334
41213
14232
31234
41221
13314
34123
43124
12234
31422
13133
21443
43431
24432
13322
34221
221441
221132
234121
23314
44431
43412
412
22343
321412
1122422
134143133
23122
22413
32131442
2342334
12141
13111112431
133114
423334
34434
23
22322
34121
43331
24343
31434
24233
22123
13443
14131
21342
14434
43414
14124
43144
24442
13121
42141
314142
43
1142114
33241
44322
12111
11443
32322
21413
14333
42
42
12
43
43
34223
14212
21113
414333
21221
22
12
14
43
41
42321
22222
21134
42322
13232
2412322
13334
12142
34331
32343
22341
42441
32243
34241
432131
31144
24112
332141
412
121424
443312
332244
121342312234344142112414333342131443344423431213424233113232423144144341441242243213233333224442321432312313334331443223444212323323414314331233111442124141234213132313334341133432232144342333431122313312224323342442434223341242114
24124124441311414223241412444343431121124142234424442422423424342242233222421241244313144343423334131431123231124143411342134431222422231422232113133233333413241311142141221133213234214214312441411141144123111234313122422144411423343331244222334
23144224134224441222341214312332341414412442323122411311431422132433242122334222242233344323
2143113
323422
31143
243422243331441233413243422332123221442311332121212311412433313121134342114331443211112434133331312224432343412314422222123313131442423332213244434241243443212211224222143311214233142434244114323334444324343222421331311434
22433
22342
33214
234144
21
12
41
22432
4421342
23
33
33433
32413
223211
44223
423222
41221
13
24431
21121
13134
23
22
342424
123111
344442
32333
43444
1241324212432434121244334134312124313441
142144
2
112123
213331
3311314313121
421132422443334111411141234311142313211442431342312442313414124242434411233344142344414432432241344414221322222422214123331213432312434221341324214313424112121333221213433411443313424443343141122214144422442231133411334343324242331442341322143144214343443143243413333312331334442241244134334344414414121342114113332434343223431433333414323234233432322412324231422414224341432411142221124433222311223
14131
23234
12
21224
411342
41221
24
12
221212432143421111424323411142113344224343233433313
314221214434
32
331233
43
1223322111322112433212332311122134422121432334441144123234332343211222432434223312124334221224431343111121412211212
314342222331434221424423234343234331444244433
12
331131423342443
431
132343
13414
313211
41434
414422
434442
1244144
34444112244434442144133421222344422444323442244224322221214341133424422
33441412412321121222113423244311434231332412424134333314212124123241441322134222121434413134421433441343144421212422332424334222122232423122321424414213342142243141222421121123113424342441132424312123113142334322244334244243332233343322332422412344412141312143222422
421421112
12314
21234
4413324
424233
32312
22111311133242124334
12
11114
1133142
3431134
32334
43214
33413
23123
42
31
23322
44432421
3414423124222
1213141
23123
21324
42121
12223
143114
33
41132
14111
24412
44441
33424
13331
23132
141134
311
321
31424
324
234
234
441
321
122
331
343
213
321
411
444
132
123
243
344
232
11313
143
214433
3441142
1434222
222212
2434314
221323
214
241
434
111
24333
323
313
133
424
332
11214
12142
33322
4144241
33441
41224
334
331
112
121
12231
112
211
323
344
4143
123
331
433
32
31
1
3
2
2
3
4
1
3
4
2
4
2
2
4
1
3
4
2
2
1
1
1
1
1
3
1
3
3
3
1
1
1
4
2
1
1
1
3
2
1
4
1
2
1
2
1
1
3
2
2
2
1
1
1
4
1
1
4
2
3
2
4
1
1
4
2
4
1
2
4
3
3
3
2
4
1
2
3
1
3
4
2
4
3
2
3
4
1
3
4
2
1
4
3
42431234
42441
23142
42444
43443
12211
34233
32434
23412
11143
224342
24142132
42332
44334
24243
13412
41
243332
142323
224133
22412
11231
13133
43321
22431
22423
14142
31121
114324
224333
432444
132132
34324
11424
34434
212
344
42444
44132
24332
23431
11431
111421
343121
113344
243331
323131
312122
421223
244434
433422
24223
11441214
1114233212241321424343323312312234222232224134444143213333214134323113144223214143331441113423441134311242
314324133341344324
13344313221
2111442422
32243241132242
4123233131
4222232234431232233212
32231444
4344
2443212421331444333344133444343434322311221312141333232244332441232324141134212412413343334424133224412444124321124234331421124414234331231243214414212133443312321444414421421431222221233314233232344142
22441344
2314421432421312244333413422311344224
13242
42113
44232
23321
11323
32324
24414
42334
11232
12331
13424
23124
32211
13111
41312
32412
12244
43124
23332
22113
22314
411311
33321
433133
111331
43314423231
311424
211124
233121
311441
3224321
212123
343213
111143
441321
223121
244224
334324
2311144
131133
232433
421421
34112
43232433
44242
13213
32144
14432
22143
13214
12244
42132
23111
434132
424114
441343
342321
333124
443144
132141
42
33231
41332121
32
33
42
44
32
33
34
11
444313122122
22241212441332331331214312212313142424213442412432131211313312144214234343222424431424311334411431422132322323431214343441333134431142221344331241313434233111221123322422223342144
1134122
4213441
4114312
124433
4113334
34323
31342
131243
442341
243134
334444
421422
224112
311113
2242133
311311
124433
141442
324324
124144
142122
124322
114124
434131
142433
214412
323241
412343
21421
11
44413
14114
13211
13133
13431
43212
12432
23244
12413
32314
42141
14343
11443
34341
23322
24442
34111
34241
21214
42112
42133
42122
22443
12442
43241
22241
14243
12313
31343
14141
32233
31324
34133
33124
32414
24123
13244
13323
42344
31312
21141
24341
11223
444443
244313
341141
323443
321324
131343
412212
343324
213444
14131
32121
21243132
21413
44442
12134
44432
12241
33431
23222
42112
13413
34221
12142
12243
11212
31224
43143
33442
21322
24333
32142
12132
12422
43241
24434
22143
44
33312
22331
34343
34324
44414
21243
14221
44323
41111
31242
44223
43212
42441
11313
14433
43144
33444
32311