433 401 429 415 435 459 410 464 422 424 421 428 464 439
432 400 429 415 434 459 410 464 421 423 421 428 463 438
433 401 430 416 434 458 410 463 421 422 421 428 463 439
433 401 430 416 434 458 410 463 422 424 421 429 463 440
433 401 429 415 435 459 410 463 421 424 421 429 463 440
432 400 428 415 435 459 409 462 420 423 421 428 463 439
432 400 428 415 434 458 409 462 421 423 420 427 463 438
433 401 428 414 434 458 409 461 421 423 420 427 462 438
433 401 428 414 435 458 409 461 419 423 420 427 463 439
433 401 428 414 434 458 409 461 419 423 421 428 464 439
433 401 427 414 434 458 409 462 421 423 421 427 463 438
432 400 426 414 434 458 409 462 420 422 420 426 461 437
431 399 425 412 434 458 409 461 419 422 419 426 461 437
431 400 425 412 434 458 409 462 421 423 419 426 461 437
431 401 426 413 434 459 409 463 422 423 420 427 461 438
431 400 426 413 434 459 409 463 421 422 420 427 461 438
431 400 425 412 434 458 409 462 420 423 419 425 461 437
430 400 425 412 434 458 409 462 420 423 419 425 461 437
431 400 426 412 434 459 409 461 419 422 419 426 461 438
432 400 426 412 434 459 409 461 419 422 420 427 462 438
431 401 426 412 435 459 409 461 421 422 421 427 462 438
432 401 426 413 434 459 409 462 421 424 422 427 463 440
433 402 427 414 434 459 409 462 420 425 422 427 464 440
433 402 426 414 433 459 409 462 421 424 421 427 463 439
432 401 426 413 434 459 409 463 423 424 421 427 463 438
432 401 426 413 434 459 409 464 423 425 421 427 463 439
431 401 425 413 434 459 409 463 421 423 420 426 462 438
431 400 425 412 433 459 409 462 419 422 419 425 460 436
431 400 425 412 433 458 409 461 419 422 419 426 461 436
431 401 427 413 434 458 409 462 420 422 420 427 461 437
431 401 427 413 434 459 409 461 419 422 420 427 461 437
431 400 426 412 433 458 409 461 419 422 420 426 461 437
431 400 426 412 433 458 409 461 420 422 421 427 462 438
431 401 427 413 434 458 409 463 421 423 421 428 462 438
431 400 426 412 434 459 410 463 422 423 421 427 462 437
431 400 425 412 433 459 410 463 422 424 421 427 462 437
431 401 425 412 433 459 408 461 420 424 421 427 463 437
431 401 425 412 433 458 408 461 419 422 420 427 462 437
430 399 425 412 433 458 409 461 419 421 419 426 461 436
430 399 425 412 433 458 409 461 420 421 419 426 460 437
431 401 426 412 434 458 409 462 420 422 420 427 461 437
432 401 426 413 434 458 409 463 421 423 420 427 462 438
431 400 425 412 433 458 409 462 420 422 420 427 461 437
430 400 425 412 432 458 409 462 420 421 420 426 461 436
430 400 425 412 433 458 409 462 422 422 421 427 462 436
430 401 425 412 434 459 409 463 422 424 422 427 463 438
431 401 426 412 433 459 410 462 421 424 422 428 463 438
432 400 426 412 433 458 409 462 421 424 422 428 463 438
432 400 427 412 434 459 409 462 421 424 422 429 463 439
432 401 427 412 434 459 409 462 420 423 421 428 463 438
431 401 426 412 434 460 409 461 420 422 420 426 461 436
429 399 425 412 434 460 409 461 419 421 419 425 460 435
430 399 426 412 434 459 410 461 419 421 419 426 460 435
431 401 427 413 434 460 410 462 421 422 421 427 461 437
432 402 428 413 435 459 410 462 421 424 421 428 463 439
433 403 428 414 434 459 409 461 420 423 421 428 463 439
434 402 428 414 434 459 409 462 420 423 421 427 463 439
432 402 428 414 434 460 410 463 421 424 422 428 463 439
431 401 427 412 433 460 410 463 422 424 422 428 463 438
431 401 427 412 433 460 410 463 422 424 422 428 462 437
431 401 427 413 434 460 410 463 421 424 421 428 462 438
431 401 427 413 434 460 410 463 421 424 421 428 462 438
431 400 426 412 433 460 409 463 422 423 421 428 461 436
430 400 427 412 433 459 409 462 419 422 420 427 460 436
430 400 426 412 434 459 408 461 418 421 419 427 460 436
430 400 426 413 435 460 409 461 419 421 420 427 460 436
431 401 427 414 434 460 409 462 421 422 421 428 461 436
432 401 428 414 434 458 409 461 420 423 421 429 462 438
432 402 428 414 434 459 409 461 420 424 422 428 463 439
433 402 428 414 433 460 410 463 422 425 423 429 463 439
433 402 428 414 433 461 411 464 422 424 423 430 464 438
431 401 428 413 433 461 411 463 421 423 422 430 463 438
431 401 428 413 434 461 411 463 422 424 421 429 462 437
431 401 427 413 433 461 410 463 421 423 421 428 461 436
430 400 426 412 433 460 410 461 419 422 420 427 461 435
430 400 425 413 434 459 409 460 418 423 420 427 461 435
429 400 425 413 434 459 408 460 418 423 420 426 461 436
428 400 425 412 433 460 408 459 418 421 419 426 461 435
429 400 424 412 433 460 408 460 418 420 419 426 460 435
430 401 425 413 435 461 409 462 421 422 419 427 460 435
430 401 426 414 435 461 409 463 421 423 420 427 460 436
430 402 426 414 435 461 409 462 421 423 420 427 461 436
431 402 427 414 435 462 409 463 422 423 420 428 461 437
432 402 428 414 435 461 410 463 422 424 421 429 463 437
432 402 428 414 435 461 410 463 421 425 422 429 464 438
431 401 428 414 435 461 409 461 419 424 421 429 463 438
431 400 427 413 434 461 409 461 419 422 421 428 462 437
431 401 427 414 433 460 410 461 420 422 421 428 463 437
431 402 428 414 435 461 410 462 421 424 422 429 464 438
431 401 428 414 435 461 409 462 421 424 422 429 464 437
431 400 428 414 434 460 409 463 421 424 422 429 463 437
430 400 427 414 434 460 409 463 421 424 421 428 462 437
431 401 427 414 434 461 408 463 421 424 421 428 462 437
432 402 427 414 435 461 409 462 421 424 421 428 463 436
431 402 427 414 435 461 410 462 420 423 421 428 462 435
430 400 426 414 434 461 410 462 420 421 419 427 461 435
430 401 427 413 433 460 409 461 419 421 420 428 461 436
431 402 428 414 434 460 408 461 420 423 422 429 463 438
432 402 429 415 435 460 408 461 421 424 422 430 464 438
431 401 428 414 433 460 408 462 421 424 421 429 463 436
430 400 427 413 433 460 409 462 421 423 420 428 461 436
431 400 428 414 435 460 409 462 421 423 421 428 462 436
432 401 428 414 435 461 409 462 421 423 421 429 462 436
431 400 428 414 434 461 409 463 421 423 421 429 462 437
431 400 428 414 434 460 409 464 422 424 422 429 463 438
431 401 428 414 434 460 408 463 422 424 423 429 463 437
431 400 426 414 434 461 409 463 422 423 422 429 462 436
431 400 426 413 435 461 408 463 421 423 421 428 462 436
430 400 426 413 436 460 408 462 420 423 421 428 462 436
430 400 425 412 435 461 409 461 420 422 421 427 462 436
430 401 425 412 434 461 408 462 420 422 421 427 462 436
431 401 426 413 435 461 408 462 420 423 421 428 462 436
430 400 426 413 435 461 408 462 421 423 421 428 461 435
430 400 425 412 434 460 408 462 420 423 420 427 461 435
430 400 424 412 433 460 408 461 419 422 420 427 461 435
430 400 425 413 435 460 408 461 419 422 421 427 461 436
431 400 426 412 434 460 409 462 420 422 421 428 461 436
430 400 426 412 434 460 408 462 420 422 421 428 461 436
430 401 426 412 434 460 408 461 420 424 422 429 463 436
430 401 426 412 435 460 408 462 421 424 422 429 463 437
431 401 427 412 435 461 409 463 421 424 422 429 463 437
432 400 427 412 435 461 409 463 421 424 423 430 463 437
431 401 427 412 434 461 409 463 422 425 422 429 463 438
430 400 426 412 435 460 409 462 421 423 422 428 462 437
430 400 426 412 434 460 409 462 420 423 421 428 462 436
431 401 427 413 434 460 409 462 420 423 421 429 462 436
430 400 426 412 434 460 409 462 420 422 421 428 461 435
429 399 425 411 433 460 409 462 420 421 420 427 461 435
429 399 425 411 433 460 409 463 421 423 421 428 461 436
430 401 425 412 435 461 409 463 421 424 422 428 462 437
430 401 425 412 434 460 408 462 420 423 421 428 462 436
430 400 426 412 433 460 407 462 420 423 421 428 461 436
430 400 427 412 434 460 408 462 421 422 422 429 461 436
430 401 426 411 434 460 408 462 421 423 422 429 462 437
430 401 425 411 433 460 408 461 420 423 421 429 462 436
429 400 425 412 433 460 408 461 419 423 420 428 461 435
429 399 424 411 433 460 407 461 419 422 420 427 460 435
429 399 423 410 433 460 408 461 420 422 420 427 461 436
429 399 423 410 433 460 409 463 421 423 421 428 462 435
429 399 423 410 433 460 409 464 422 424 421 427 461 434
429 399 423 410 433 460 408 463 421 424 421 427 461 435
430 400 424 412 433 459 407 461 420 423 421 428 461 436
429 400 424 412 433 459 407 461 419 422 421 428 461 435
429 399 424 411 433 459 407 461 419 422 420 427 460 435
430 400 423 411 433 459 407 461 419 421 420 428 460 435
430 401 424 411 433 459 407 461 419 422 420 429 461 436
430 400 424 411 433 459 408 462 420 422 421 428 460 436
430 400 423 411 433 460 408 462 420 421 420 427 460 435
430 401 423 411 433 460 407 461 420 422 420 428 461 436
432 402 424 412 433 460 407 461 420 423 421 428 461 437
434 403 425 412 433 460 408 462 421 422 421 428 460 438
435 404 425 413 433 459 407 462 420 422 421 429 462 440
438 407 426 415 434 458 406 460 419 422 421 429 463 441
440 409 427 416 434 459 405 460 419 422 422 429 463 443
441 409 426 415 433 459 406 461 420 422 422 429 464 444
442 411 426 415 433 459 406 460 418 421 422 429 464 444
443 412 427 416 434 459 407 459 417 420 422 430 464 445
445 412 428 415 433 460 407 460 418 421 422 431 465 447
445 412 428 416 433 459 407 460 418 421 423 431 466 448
446 414 428 417 433 458 406 460 418 421 423 431 467 448
447 415 429 417 434 459 407 461 420 423 425 432 468 449
448 416 430 418 434 459 407 462 421 424 426 433 470 450
447 415 429 419 434 459 407 462 420 424 426 433 470 450
448 416 429 418 434 459 407 461 420 423 425 433 470 450
448 416 430 418 434 459 408 460 419 423 426 434 470 451
448 415 429 418 434 459 407 459 418 423 426 434 471 451
449 415 430 418 435 460 407 459 419 423 427 434 473 452
449 415 431 418 435 460 407 459 418 423 427 434 473 452
448 414 431 417 434 459 407 458 417 423 427 434 473 452
448 413 431 417 433 458 407 459 419 424 428 435 474 454
449 413 431 417 434 459 407 460 419 425 429 435 475 454
448 413 431 417 434 459 408 459 419 424 428 435 475 452
448 412 431 417 433 458 407 459 418 423 428 434 475 453
448 411 430 416 433 458 407 460 418 422 427 434 475 453
447 410 430 415 433 459 407 459 418 422 427 434 475 453
448 411 431 416 434 458 407 458 418 424 430 435 478 456
449 410 431 416 433 458 407 459 420 426 431 436 481 457
448 409 431 415 432 458 408 460 420 426 431 436 479 455
446 407 430 415 432 459 408 460 420 425 430 435 478 455
446 406 430 414 432 459 408 461 421 425 430 436 479 456
446 405 430 413 432 459 407 462 422 426 430 436 478 455
445 405 429 412 432 459 407 461 421 426 429 435 477 454
445 404 428 413 432 459 407 461 420 425 429 434 479 454
445 404 428 413 433 459 407 461 420 426 431 435 480 455
447 404 430 414 433 459 407 461 420 427 432 436 481 457
447 404 431 414 433 459 407 461 421 428 433 437 483 457
446 404 430 414 433 459 407 461 422 427 433 437 483 456
445 403 430 413 433 459 408 462 423 427 431 435 481 455
445 402 429 412 433 459 408 463 423 427 432 435 481 455
444 401 429 412 432 459 407 463 422 427 432 436 481 455
443 400 428 412 431 458 406 462 420 426 430 435 480 453
443 399 428 411 431 457 406 461 419 424 430 434 478 453
443 399 429 411 431 458 406 459 418 424 430 435 478 453
443 399 428 411 432 458 407 459 418 424 430 435 479 453
442 398 428 411 431 458 407 460 420 425 431 435 480 453
441 398 428 411 431 458 407 462 423 426 431 435 480 453
441 398 428 411 432 458 408 464 424 427 431 434 480 452
440 396 428 411 432 459 409 464 424 427 431 434 480 451
440 397 427 411 433 460 409 463 424 428 431 434 479 450
439 397 427 411 433 460 408 464 424 428 431 434 479 450
439 397 426 411 432 460 407 463 423 427 430 434 479 450
438 395 426 409 432 459 407 462 422 427 430 434 479 450
437 394 426 409 432 459 407 462 422 427 430 433 478 448
437 394 425 409 431 459 408 463 423 426 429 433 477 448
436 393 425 408 431 459 408 463 423 426 430 433 477 448
436 393 426 408 432 459 408 464 424 427 430 434 477 448
437 394 426 408 433 459 408 464 424 427 430 434 477 448
436 393 425 408 432 459 408 463 423 426 429 433 477 447
435 392 424 407 432 459 409 463 422 426 429 432 476 446
435 392 425 406 432 459 409 463 423 427 429 433 476 447
435 393 425 407 433 459 409 463 423 428 430 434 477 448
435 393 425 407 433 459 409 463 423 428 430 433 476 447
435 393 425 407 433 460 409 464 425 428 431 434 477 447
436 393 426 407 432 460 409 465 426 429 431 435 478 448
435 393 426 407 432 460 410 466 425 429 431 434 477 447
434 393 426 407 433 461 410 465 425 428 430 433 476 446
435 393 426 407 433 461 411 465 425 429 430 434 476 446
435 393 426 408 432 460 411 465 425 428 430 433 475 446
434 392 425 406 431 460 411 465 424 428 429 433 475 445
433 391 426 406 432 460 410 464 423 427 428 433 474 445
433 391 425 407 432 461 410 465 424 427 429 433 474 445
432 391 424 406 432 461 410 466 426 428 429 433 474 444
432 391 425 406 432 460 410 466 426 429 429 433 474 444
431 391 425 406 432 460 410 465 424 428 429 433 473 444
431 391 425 406 431 460 410 464 423 427 428 432 473 443
431 391 425 406 431 460 410 465 424 427 428 432 473 443
432 391 425 406 432 460 411 466 425 428 428 432 473 443
432 391 425 406 432 460 410 465 424 428 428 432 473 444
432 392 425 407 432 460 410 465 424 427 428 431 473 443
432 391 425 406 432 461 411 466 424 427 427 432 472 443
432 391 425 407 433 461 411 465 423 427 427 432 471 443
432 393 425 408 433 461 410 464 423 426 427 432 471 442
432 394 425 407 432 461 410 465 423 426 426 432 469 441
431 393 425 407 432 461 410 465 424 425 425 431 468 440
431 394 425 408 433 460 410 464 424 426 426 430 468 440
431 395 425 408 433 460 409 464 423 426 426 430 469 440
430 394 424 407 432 460 409 463 422 425 425 430 468 438
429 393 424 407 433 460 409 463 421 424 424 430 467 438
429 393 425 408 433 460 409 463 422 424 424 430 467 439
430 394 425 408 433 461 410 464 423 425 424 430 467 438
430 394 424 408 433 461 410 464 422 424 424 430 467 438
429 394 424 407 433 460 410 464 422 424 423 430 466 437
429 394 424 408 433 461 410 464 422 424 424 430 466 439
431 395 425 409 434 461 409 464 423 426 426 431 468 440
430 394 425 409 433 461 409 464 423 426 426 431 469 439
429 393 424 408 432 460 409 464 423 426 425 430 467 438
429 393 424 407 433 460 409 463 421 425 425 430 467 438
429 393 424 408 433 461 409 462 421 425 425 430 468 439
429 393 424 408 433 462 409 463 423 425 425 430 468 438
429 393 424 407 433 462 410 464 423 425 424 430 467 438
429 393 423 408 433 460 409 463 422 424 424 430 466 438
429 394 424 409 434 460 408 463 422 425 425 430 467 439
430 395 425 409 434 461 409 463 423 425 426 431 468 439
430 394 425 408 432 461 409 464 423 425 425 431 467 438
428 392 424 407 432 460 409 464 422 424 424 430 465 437
428 393 423 408 431 460 409 463 422 424 423 429 465 436
428 393 424 408 432 461 409 463 422 424 423 429 465 436
428 394 425 409 433 461 411 463 422 424 424 430 466 437
429 394 425 409 433 461 410 464 423 425 424 431 466 438
429 394 425 409 433 461 410 464 423 425 425 431 467 438
429 395 425 409 433 462 411 464 423 425 425 431 467 437
428 395 425 409 433 461 411 464 423 425 425 430 467 437
429 395 425 409 433 461 410 464 423 425 424 430 467 437
429 395 425 409 433 461 410 464 422 425 425 431 466 437
428 394 425 409 432 460 409 463 421 424 424 431 465 436
428 394 424 408 432 460 409 463 421 423 422 429 464 435
428 394 424 409 432 460 410 463 422 423 422 429 464 436
428 394 425 409 433 461 410 464 422 423 423 430 465 436
428 394 425 409 432 461 410 463 422 424 423 430 465 436
428 394 425 409 433 461 410 463 422 425 424 430 465 437
429 394 425 409 433 461 410 463 423 425 425 431 466 437
428 393 425 409 432 461 410 463 423 425 424 431 465 436
427 393 424 409 433 461 411 464 423 424 423 430 464 435
428 393 425 409 433 462 411 464 423 424 423 430 464 436
428 394 425 409 433 462 411 465 424 425 424 430 465 436
428 394 425 409 433 462 411 465 424 425 424 430 465 437
428 394 425 409 433 461 410 463 422 425 424 430 465 437
429 395 426 410 433 461 409 462 421 424 424 431 465 437
429 395 426 410 433 461 410 463 422 424 424 431 466 437
429 395 425 409 433 461 410 464 422 424 423 430 465 436
428 394 425 409 433 461 411 464 422 424 422 430 464 436
428 394 425 409 433 462 410 464 422 424 422 430 463 436
428 394 425 409 433 462 410 463 422 423 422 430 463 436
430 396 426 410 433 461 410 463 422 424 423 431 464 438
431 396 426 411 434 462 410 464 422 424 423 431 466 439
432 397 427 410 434 462 410 464 422 424 424 432 466 441
434 398 428 411 434 461 410 464 422 425 425 433 467 442
434 398 428 412 433 462 410 463 421 425 426 433 468 442
434 397 428 411 433 461 410 463 422 424 425 433 467 442
434 398 428 411 433 461 410 463 422 424 425 433 467 442
436 398 428 412 433 461 409 463 422 424 425 433 468 443
436 398 428 411 433 462 409 462 421 423 425 432 467 442
436 398 428 412 433 462 410 462 422 424 424 431 467 442
437 399 429 413 434 461 410 463 422 423 425 432 467 443
437 399 430 414 433 460 410 463 420 423 425 433 467 444
437 399 429 413 433 461 411 462 419 422 424 433 467 443
436 399 428 412 434 462 411 462 420 422 424 432 466 443
436 398 428 411 433 462 410 463 421 422 424 432 466 442
435 397 427 410 432 462 410 463 421 423 424 432 467 442
436 398 427 411 434 462 410 463 421 423 424 432 467 443
437 399 428 412 434 462 410 463 421 423 424 433 467 443
436 398 427 412 434 462 410 463 421 423 425 432 466 442
436 398 427 410 433 462 410 462 421 424 424 432 466 441
436 398 428 411 433 461 410 461 419 423 425 432 467 442
437 398 427 411 433 461 409 461 419 423 425 432 467 443
436 398 426 411 433 462 410 461 420 423 424 431 466 441
434 397 425 409 433 462 410 461 420 422 422 430 465 439
434 396 425 409 433 463 410 462 420 422 423 430 465 440
434 397 426 409 433 463 411 463 422 423 423 430 465 441
435 398 426 410 433 462 410 463 422 423 424 431 465 441
435 398 426 410 434 462 410 462 421 423 424 431 466 442
435 398 427 411 434 463 410 461 421 424 425 431 467 442
435 398 427 410 433 462 410 461 421 424 425 431 466 441
434 397 426 409 433 461 409 461 420 423 424 431 465 441
435 397 426 409 432 462 410 462 421 423 424 431 465 441
435 397 427 410 433 462 410 463 422 424 424 431 465 441
434 397 427 409 433 462 410 463 421 423 424 431 465 440
434 397 427 409 432 462 409 462 420 422 424 431 465 441
434 397 427 410 433 462 410 463 421 423 424 431 465 441
434 397 426 410 433 462 410 463 421 423 424 431 465 441
434 398 426 410 434 462 410 462 420 424 424 431 466 441
434 397 426 409 433 463 411 463 422 424 424 431 466 441
433 396 426 409 433 463 411 464 423 424 424 431 466 440
433 397 426 409 433 463 412 464 423 425 424 431 466 440
434 398 426 410 433 463 411 464 422 425 424 432 466 441
434 398 427 410 433 462 411 463 422 425 424 432 465 440
434 397 427 409 433 462 411 464 422 424 424 431 465 440
433 396 426 409 433 462 411 463 421 423 423 431 464 439
432 396 426 409 433 462 410 463 421 423 423 431 464 439
433 397 427 409 433 462 411 464 423 423 423 431 465 439
433 397 427 410 434 462 411 464 423 424 424 431 465 440
433 397 426 409 433 463 411 464 421 424 423 430 465 439
433 397 426 409 433 463 411 464 421 423 423 430 464 440
434 399 427 411 433 463 411 464 422 423 424 431 465 441
435 399 428 411 434 462 411 463 422 424 425 432 466 441
434 398 428 411 434 463 411 463 421 424 424 432 466 440
434 398 427 411 434 463 411 463 421 424 424 431 466 440
434 398 427 410 434 463 411 464 422 424 424 432 466 441
433 398 426 410 434 464 411 464 422 424 424 431 465 439
433 398 426 410 434 464 411 463 421 422 423 430 463 439
433 399 426 411 434 463 410 463 422 422 423 430 464 439
434 400 426 411 434 462 410 463 423 423 423 430 464 439
433 398 427 410 434 462 410 464 422 424 423 431 464 439
433 398 426 410 433 463 411 465 422 424 424 431 464 440
433 399 427 411 434 462 411 463 421 424 424 431 464 440
433 399 427 411 434 462 410 461 419 423 423 431 464 439
433 399 426 410 434 462 410 461 419 422 422 431 463 439
433 398 426 410 433 463 411 463 421 422 422 430 463 439
434 398 427 410 433 463 411 463 421 422 422 430 463 440
434 400 428 411 434 463 410 463 421 423 423 430 463 440
436 401 428 411 434 463 411 463 423 423 423 431 464 442
437 401 428 412 434 463 411 464 423 424 424 432 465 442
436 401 428 412 434 462 410 463 421 423 424 431 465 441
435 401 427 412 434 463 410 462 420 422 423 430 463 440
435 400 427 411 434 463 411 463 421 422 423 431 463 441
436 400 428 411 434 462 411 463 421 423 424 432 465 442
436 400 428 412 434 462 410 463 421 423 424 431 464 441
435 400 428 412 433 463 411 463 421 423 423 431 464 440
435 400 427 411 433 463 411 463 421 423 424 431 464 441
436 401 428 412 434 463 411 463 422 424 424 432 465 442
437 401 428 413 434 463 411 464 423 424 424 432 465 442
436 401 428 412 434 463 411 463 421 423 423 432 464 441
435 400 428 411 433 463 410 463 421 422 421 431 463 440
434 399 428 411 433 462 410 462 421 422 419 430 462 440
434 400 427 412 434 462 410 463 421 423 419 430 462 439
434 399 426 411 434 463 411 464 422 423 419 430 463 439
434 399 426 410 433 464 411 463 422 423 419 430 462 439
433 399 426 410 433 463 411 463 422 423 419 430 462 439
433 399 426 411 434 463 411 464 422 423 419 430 462 439
433 399 426 411 433 463 411 464 421 423 419 431 463 439
433 398 426 410 433 462 411 463 421 422 419 430 462 439
433 398 426 411 433 462 410 463 421 422 418 430 462 439
433 399 427 411 433 463 410 464 422 423 418 430 462 439
433 398 427 411 433 462 410 464 422 423 418 430 462 439
433 398 426 410 433 462 410 463 421 422 418 429 462 438
433 399 427 411 433 462 409 462 420 422 418 430 462 439
434 399 427 412 433 462 410 462 421 422 419 430 462 439
434 399 427 411 433 462 409 462 421 423 418 430 462 438
433 399 426 410 433 462 409 462 421 422 418 429 461 438
433 399 426 411 433 462 410 463 421 422 418 429 461 438
433 399 426 411 433 461 410 463 420 421 418 429 461 438
433 399 426 411 433 462 411 463 420 421 417 429 461 437
432 398 426 410 433 462 411 463 421 421 416 429 461 437
432 398 426 411 433 462 411 464 422 422 416 430 461 438
432 399 426 411 433 462 410 464 423 423 418 430 462 439
433 399 427 411 433 462 411 464 422 423 418 430 462 438
432 398 427 411 433 463 411 463 421 422 417 430 461 437
432 398 427 411 433 462 411 462 421 421 417 429 460 438
432 399 427 411 434 462 410 462 421 422 417 430 461 438
432 399 426 411 434 463 410 462 421 422 418 430 462 438
432 398 426 411 434 462 410 463 422 422 417 430 462 438
431 398 426 411 433 462 410 463 421 422 417 430 461 437
431 398 426 411 433 462 410 462 420 421 417 430 461 437
432 398 426 410 433 462 410 463 421 421 417 429 461 437
432 398 426 410 433 462 410 463 422 422 417 429 461 437
432 398 425 410 433 463 411 464 422 423 417 429 462 437
432 398 425 409 433 463 411 464 422 423 417 429 462 438
432 398 426 410 433 462 410 463 422 423 417 429 462 438
432 398 425 409 432 461 409 462 421 422 417 429 461 437
431 398 425 409 432 461 409 462 421 422 416 428 461 436
431 398 424 409 433 461 409 463 421 423 416 428 461 436
431 398 424 409 433 462 409 463 421 423 417 428 461 437
430 397 424 408 433 462 409 463 421 422 417 429 461 437
431 397 425 409 433 462 409 463 421 422 417 429 461 437
432 398 425 409 433 462 409 463 421 422 417 430 461 438
431 398 426 409 433 462 409 463 422 423 418 430 462 438
431 398 426 409 433 462 410 464 423 424 419 431 462 438
431 398 425 409 433 463 411 465 423 424 419 430 462 437
431 398 426 409 433 462 411 465 423 424 418 430 462 438
431 398 426 409 433 462 411 464 422 423 418 430 462 438
431 397 426 409 433 462 411 464 421 423 418 430 462 438
431 398 425 409 433 462 410 464 422 423 418 430 462 438
431 398 425 409 433 461 410 463 422 423 418 429 462 437
431 398 425 409 434 461 410 463 421 423 417 429 462 437
431 398 425 409 433 462 410 463 420 422 416 429 461 437
431 397 425 409 433 461 410 462 420 421 416 429 460 436
430 398 425 409 433 461 410 463 421 421 416 429 460 436
431 399 425 409 434 462 411 463 421 423 417 430 462 438
431 398 426 409 433 462 411 464 422 423 418 430 462 438
431 398 426 409 433 462 411 464 422 423 417 430 461 437
431 398 426 409 433 462 410 464 421 423 417 429 461 437
432 399 426 409 433 462 410 464 422 424 418 430 462 439
431 399 427 409 433 462 410 464 423 424 419 431 463 439
430 398 426 409 433 462 410 464 422 423 418 430 462 437
430 398 425 408 433 462 410 463 422 423 418 429 461 436
429 397 425 408 433 461 410 463 422 423 417 429 460 436
429 397 424 408 433 461 410 463 420 422 417 429 460 435
429 397 423 407 432 460 409 462 419 421 417 429 461 436
429 397 424 407 432 461 409 462 420 421 417 429 461 437
430 397 425 408 433 461 410 462 421 422 417 429 461 436
429 398 425 408 432 461 410 463 420 422 416 429 460 436
429 397 425 408 432 461 410 463 421 421 417 429 460 437
430 398 425 409 433 462 410 463 422 423 418 429 461 437
431 398 426 409 433 462 410 463 422 423 418 430 462 437
430 398 426 409 433 462 410 463 422 423 418 430 462 437
431 399 426 409 433 462 410 463 422 423 418 430 462 438
431 399 426 409 433 462 411 463 422 423 418 430 462 438
430 398 425 408 433 462 410 464 422 424 418 430 462 437
430 398 425 409 433 462 410 463 421 423 418 429 462 437
430 398 425 409 433 462 410 462 420 422 418 429 461 436
429 398 425 408 433 462 409 462 420 421 417 429 461 436
429 397 425 409 433 461 409 463 421 422 417 429 461 436
430 398 425 409 433 461 410 463 420 422 417 429 461 437
430 398 425 409 433 461 410 462 419 422 416 428 461 436
430 399 425 409 433 461 409 462 421 422 417 428 461 435
430 399 425 409 433 461 409 463 421 422 417 427 461 436
430 399 425 409 433 462 409 463 421 423 418 428 462 437
430 399 425 409 433 461 410 462 421 423 418 430 463 437
430 399 426 410 432 460 409 462 420 421 418 430 462 436
429 399 426 410 433 461 409 461 420 421 417 429 461 436
430 399 426 409 433 461 409 461 421 422 417 429 462 437
430 399 425 409 433 461 409 461 420 422 418 429 462 437
430 398 425 409 433 461 409 461 420 421 417 429 462 436
430 399 426 410 434 462 410 462 421 422 417 430 462 437
431 400 427 411 434 462 410 462 421 423 418 430 463 437
430 399 427 410 434 462 409 462 420 422 418 429 462 436
429 399 426 409 434 462 409 462 420 421 416 429 461 436
429 398 426 409 433 462 410 463 421 422 417 429 461 436
430 398 426 410 433 461 410 463 422 423 418 430 461 436
431 400 427 411 434 462 410 462 423 424 418 430 462 437
430 400 427 411 435 463 410 463 422 423 418 429 463 437
429 399 426 410 434 463 410 462 421 423 418 429 462 436
429 399 426 410 433 462 410 461 419 422 418 430 462 436
430 399 427 411 434 462 410 461 419 422 419 430 462 437
429 399 426 411 433 461 410 461 420 422 418 429 462 435
428 398 425 410 433 461 410 461 420 421 416 428 460 434
429 399 426 410 433 462 410 462 420 420 416 428 460 435
429 399 426 410 434 462 411 463 421 421 417 428 460 435
429 399 425 410 433 462 410 462 421 422 417 428 461 435
429 400 425 411 434 461 410 462 421 423 418 428 462 435
430 400 426 411 434 461 409 462 421 423 418 428 462 435
430 400 427 411 434 461 410 462 421 422 418 429 462 435
430 400 426 411 434 462 410 462 420 422 418 429 463 437
430 400 426 410 434 462 409 462 420 422 419 430 463 437
429 399 425 410 434 462 409 462 421 422 418 429 462 435
429 399 425 410 434 462 410 463 421 422 417 427 461 434
429 399 425 411 434 463 411 463 421 422 417 427 460 435
429 399 426 411 434 462 410 463 423 423 418 428 461 435
429 400 426 411 434 462 410 464 423 424 419 429 462 435
429 400 426 411 435 462 410 463 421 423 419 430 462 435
429 400 426 411 434 463 410 462 420 422 418 429 462 435
428 400 426 411 435 463 410 463 422 422 418 428 461 435
427 399 424 411 434 463 410 464 422 422 417 427 460 433
427 399 424 409 433 463 410 462 420 421 416 426 459 432
428 399 424 409 433 462 409 462 420 421 417 427 460 434
429 400 425 410 434 462 410 463 422 423 419 429 462 436
430 401 427 411 434 462 410 464 422 423 420 430 463 436
430 400 426 410 434 462 410 463 422 423 419 429 462 436
429 400 425 410 434 462 410 463 422 423 419 429 462 435
429 399 425 409 434 462 410 463 422 422 418 428 461 434
428 399 424 408 433 462 410 463 422 422 418 427 461 434
428 399 423 408 434 462 410 463 421 422 418 428 461 435
428 399 423 409 434 462 410 463 420 422 418 428 462 435
428 399 424 409 433 462 410 462 420 422 418 428 461 434
429 399 425 408 433 462 409 462 421 422 418 428 461 435
429 400 425 409 434 462 409 463 423 423 419 428 462 436
429 401 425 409 434 462 410 464 423 424 420 428 463 435
428 400 425 408 434 462 411 464 422 423 419 428 462 434
428 400 425 408 433 462 410 462 420 422 419 428 462 433
426 399 424 408 433 461 410 462 419 421 418 427 460 433
426 398 423 407 433 461 410 462 420 421 417 427 460 433
427 399 423 408 434 462 410 462 420 422 418 428 461 434
428 400 425 409 434 462 411 462 421 422 419 428 461 434
428 400 425 409 434 462 411 463 422 423 419 428 461 434
428 400 425 409 434 462 411 463 422 422 418 427 462 434
428 400 425 409 434 462 411 463 422 423 418 428 462 435
428 400 425 409 434 462 411 464 422 423 419 429 462 435
428 400 424 409 434 462 411 463 422 424 419 428 462 434
428 400 425 409 434 462 410 463 421 423 419 427 462 433
428 400 425 409 434 462 410 463 421 422 419 428 462 434
428 400 425 410 434 462 410 462 421 423 419 428 462 435
427 400 425 409 434 462 410 462 421 423 418 428 461 434
427 399 425 409 433 462 411 463 421 422 418 428 461 433
428 400 425 409 433 462 411 463 421 422 419 428 462 434
428 401 425 409 434 461 410 463 422 423 419 428 462 434
428 400 424 409 434 461 410 463 421 423 419 427 461 433
427 400 424 409 434 462 411 463 422 423 419 427 461 434
428 400 424 409 433 462 411 463 422 423 419 428 462 434
427 400 423 409 434 462 411 463 422 423 419 428 462 433
427 401 424 409 434 462 411 463 422 423 419 427 462 433
429 402 425 410 435 462 411 463 422 423 420 428 462 435
429 402 425 411 435 462 411 463 422 424 420 429 463 435
428 401 425 410 434 462 411 463 422 423 420 428 462 434
427 400 425 408 434 462 411 463 422 423 420 427 462 433
427 400 424 408 434 462 411 464 423 423 420 427 462 434
427 400 424 409 434 463 412 463 422 424 420 427 462 434
428 401 424 409 435 463 412 462 421 424 420 427 462 434
428 402 425 410 434 463 411 462 421 423 420 428 462 435
429 401 426 410 434 462 411 463 421 423 420 429 462 435
428 401 425 409 434 463 411 463 421 423 420 429 463 435
428 402 425 410 435 463 411 463 422 424 421 429 463 435
429 403 426 411 435 463 411 463 422 424 421 429 463 435
429 402 426 411 435 463 411 464 423 424 421 429 463 435
428 401 426 410 435 463 412 464 423 424 421 429 462 434
428 401 426 410 435 463 412 464 422 424 421 430 462 435
429 402 427 411 435 463 411 464 422 425 422 430 463 436
429 403 427 411 435 463 411 464 423 425 422 430 463 435
429 402 426 410 435 463 411 464 423 424 421 430 462 435
429 402 426 411 435 463 412 463 422 424 421 430 462 435
429 402 427 411 435 463 411 463 423 424 422 429 462 435
429 402 426 411 435 463 412 463 422 424 422 430 462 435
429 402 426 411 434 462 411 463 421 423 421 430 462 435
429 401 426 410 434 461 410 462 420 423 421 429 462 435
428 401 426 410 434 462 410 461 420 422 421 429 461 434
427 401 425 409 434 462 411 462 421 422 420 428 461 434
427 401 425 410 434 463 410 463 422 422 420 428 461 434
427 401 425 410 434 462 410 464 422 423 421 428 461 433
427 401 425 409 434 462 410 463 421 423 420 428 461 434
427 402 425 410 435 462 411 463 421 423 421 428 462 435
428 403 426 411 435 463 411 463 421 423 421 429 463 435
428 403 427 411 434 463 411 464 421 424 421 429 462 434
428 402 426 411 434 462 410 463 421 423 421 429 461 434
428 402 426 411 434 461 409 462 421 423 421 428 461 434
428 402 426 411 434 461 409 462 421 423 420 428 461 434
428 402 426 411 434 461 410 462 421 423 421 429 461 434
428 402 427 411 435 462 411 463 422 423 421 429 461 435
428 402 427 411 434 463 411 464 422 423 421 430 461 434
427 401 426 411 434 463 411 463 421 423 421 429 461 434
427 401 426 410 434 463 412 463 420 422 420 428 460 434
427 401 426 410 434 463 412 463 420 422 420 429 460 434
427 401 426 410 434 463 411 463 421 422 421 429 461 434
427 402 426 411 435 463 411 463 421 422 421 429 462 434
428 403 427 411 435 462 411 463 422 424 421 429 462 435
429 403 426 412 436 462 411 464 424 425 422 429 462 435
428 403 426 412 436 463 412 464 422 424 423 429 463 435
428 403 426 411 435 463 412 463 421 423 422 429 462 435
428 403 426 411 435 463 411 462 421 423 421 429 462 435
428 403 426 412 435 463 411 462 421 423 421 429 462 435
428 403 426 412 435 463 411 462 420 422 421 429 462 435
428 402 426 412 434 463 411 462 421 422 421 428 461 434
428 402 427 412 435 462 411 463 422 422 421 429 461 435
429 403 427 412 435 462 411 463 421 423 422 430 462 436
429 403 427 412 435 462 411 462 421 423 422 430 462 436
429 403 427 412 435 462 411 462 421 423 422 430 462 436
429 403 428 412 435 462 410 462 421 424 422 430 462 436
429 403 427 412 435 462 411 462 420 423 422 430 462 435
428 402 426 412 435 463 411 461 419 422 421 429 462 435
428 402 425 412 435 463 411 462 420 422 421 428 461 434
429 403 426 412 435 463 411 463 421 423 421 428 461 434
429 403 426 411 435 462 411 463 421 423 422 428 462 435
429 403 426 411 435 462 411 463 421 423 422 429 462 435
429 403 426 411 435 463 412 463 421 423 422 430 462 435
429 403 426 411 435 463 412 462 421 424 422 429 462 435
429 403 425 411 435 462 410 461 420 423 421 428 462 434
428 402 424 411 435 462 409 461 420 422 421 427 461 434
428 403 425 411 435 462 410 462 422 422 421 428 461 435
429 403 425 411 435 462 410 462 422 423 422 429 462 435
428 402 425 410 434 461 409 461 420 422 421 428 462 435
428 402 425 411 435 462 410 461 420 422 421 427 461 434
429 403 425 411 435 462 411 461 422 423 422 428 462 435
429 402 425 411 435 462 410 461 421 423 422 429 462 435
429 402 425 411 435 462 411 461 420 422 422 429 462 436
429 403 426 410 435 462 411 463 422 423 423 429 463 436
429 401 425 409 434 462 411 463 423 424 423 429 462 435
428 401 425 409 435 462 410 462 421 423 421 428 461 434
429 403 425 411 435 462 410 462 420 422 421 427 461 435
431 404 425 411 435 462 410 462 421 422 421 428 461 436
431 403 425 410 434 462 411 462 421 423 422 429 462 437
432 404 426 410 435 463 411 462 422 423 423 429 463 438
434 405 427 411 435 463 411 463 423 423 423 430 464 439
433 405 426 411 435 463 411 463 422 423 422 429 463 439
433 404 426 411 435 463 411 462 421 422 422 429 463 439
433 405 427 411 435 462 411 462 421 423 423 430 463 439
433 404 426 411 434 462 410 461 421 423 423 429 463 438
432 404 426 410 434 462 411 462 421 423 423 429 463 438
432 404 426 411 435 462 410 462 421 423 423 429 463 438
432 404 426 411 434 462 410 463 422 423 422 429 463 438
432 404 427 411 434 463 411 463 421 423 422 429 462 438
432 404 426 411 435 463 411 462 421 422 422 429 462 438
432 404 426 410 434 463 411 462 422 422 422 429 462 438
432 403 426 410 435 463 410 463 423 424 423 429 463 438
432 404 427 411 435 463 411 463 424 425 423 430 463 439
433 405 427 411 435 463 411 463 422 424 423 430 464 439
433 405 426 411 434 462 410 462 421 424 423 430 464 439
433 404 427 411 435 463 410 462 421 423 423 429 463 439
433 404 427 411 435 463 411 462 421 423 422 429 463 438
433 404 427 411 435 463 412 462 421 423 422 429 462 438
433 405 427 411 435 463 411 463 421 423 422 429 462 438
433 405 427 411 435 463 411 463 421 423 422 430 462 438
433 404 426 411 435 463 411 463 421 422 422 429 462 438
433 405 426 411 435 463 411 463 422 423 422 429 462 438
433 405 427 412 434 463 411 462 422 423 422 430 463 438
433 405 426 412 435 463 410 462 422 424 423 430 464 439
433 405 426 412 435 463 411 463 422 424 424 430 464 439
433 405 427 412 434 463 412 463 423 425 423 430 464 439
433 405 427 411 434 463 412 463 422 424 423 429 463 438
433 405 427 412 434 463 411 463 422 423 422 430 463 438
433 405 427 412 435 463 412 463 422 424 423 430 463 439
433 406 427 412 436 464 412 463 423 425 423 430 464 439
433 406 427 412 438 465 412 464 424 425 424 430 464 439
434 406 428 413 437 465 413 465 424 426 424 431 465 440
434 406 428 413 435 464 413 464 423 425 424 431 464 440
433 405 428 412 435 463 412 463 421 424 423 431 463 439
433 405 428 412 435 463 412 462 422 424 423 430 463 438
433 406 428 412 435 463 411 463 422 424 423 430 464 439
433 405 427 412 436 464 412 463 422 424 424 430 464 439
433 405 427 412 436 464 411 463 423 424 424 430 464 439
434 406 428 413 435 463 410 463 424 426 424 431 465 440
434 406 428 412 435 463 410 464 424 426 424 431 465 440
433 405 427 412 435 463 411 464 422 424 423 430 464 439
433 405 428 412 435 463 411 464 423 424 423 430 463 439
433 405 428 412 435 463 412 464 423 424 423 430 464 439
432 405 427 412 435 463 411 463 422 424 423 430 463 438
432 404 427 412 434 463 411 462 420 423 422 429 462 437
432 404 427 411 434 462 411 461 420 422 422 429 462 438
432 404 428 412 434 462 411 461 421 422 422 430 462 439
433 404 428 412 434 462 410 462 421 423 422 430 463 438
432 404 428 412 434 462 410 463 421 423 422 430 462 437
432 404 426 411 434 462 411 463 422 423 422 429 462 437
432 404 426 411 435 463 411 464 423 424 423 430 463 438
432 405 427 412 435 463 411 463 422 425 423 430 463 438
432 405 427 412 435 463 410 463 421 424 423 430 463 438
433 405 426 412 435 462 410 462 421 423 423 430 463 438
433 405 427 412 435 462 410 462 422 424 424 430 464 439
433 405 427 412 435 462 410 463 423 425 423 430 464 439
433 405 427 412 435 462 410 464 423 425 424 430 463 438
432 405 426 412 435 463 411 463 423 425 424 430 463 438
431 404 426 412 434 463 411 462 421 424 423 429 462 437
431 404 426 411 434 462 411 463 421 423 422 429 462 437
431 404 425 411 435 463 411 464 422 423 422 429 462 437
431 404 425 411 435 463 411 463 422 424 422 429 462 437
431 404 426 412 435 462 410 462 421 423 422 429 461 437
431 404 427 412 435 462 411 462 422 423 422 429 462 437
432 405 427 412 436 462 412 463 423 425 423 430 463 438
432 405 427 413 436 463 411 463 422 425 423 430 463 438
432 405 427 413 436 463 411 463 423 425 423 430 463 438
432 405 426 412 436 463 411 463 423 425 423 430 463 438
432 405 426 412 436 463 411 463 423 424 422 430 462 437
432 404 426 412 436 463 411 464 424 424 422 430 462 437
432 404 426 412 435 464 411 465 424 424 422 429 462 437
431 404 426 412 435 464 411 464 423 424 423 429 462 437
431 405 427 412 436 463 412 463 423 425 424 430 464 438
432 405 427 412 436 463 412 463 422 425 424 430 464 438
432 405 427 413 436 463 411 462 422 424 423 429 463 437
432 405 427 413 436 463 411 463 423 424 423 429 463 438
433 405 427 413 436 463 411 464 424 425 423 429 463 438
433 404 427 412 435 463 411 463 423 424 423 429 463 438
433 405 428 413 436 463 411 462 422 424 423 430 463 439
434 406 428 414 436 463 410 462 422 424 424 430 464 439
434 405 427 414 435 463 410 462 421 424 423 430 463 438
432 404 426 413 436 463 411 463 422 423 422 428 462 437
431 404 426 413 436 463 411 463 423 423 422 428 462 437
432 405 427 414 436 463 410 463 423 425 422 429 463 437
433 406 427 414 436 463 411 463 423 425 423 430 463 438
433 405 428 414 436 463 411 463 422 424 423 430 463 438
433 405 428 414 436 462 410 462 422 423 423 430 463 438
433 405 428 414 435 462 410 462 422 424 423 430 463 438
432 404 427 413 435 463 411 463 422 423 422 429 462 436
431 403 426 412 435 463 411 463 423 423 421 429 461 435
431 403 426 412 434 463 411 463 422 423 421 428 461 436
431 404 427 413 435 463 411 462 421 423 422 429 462 437
432 404 428 413 435 462 411 462 422 424 423 431 463 438
432 404 428 413 435 461 411 463 422 424 423 430 463 438
431 404 427 413 435 462 411 463 421 424 423 429 463 437
431 404 425 412 436 462 411 462 421 423 422 429 462 436
431 404 425 412 436 463 411 462 421 423 422 428 462 436
431 404 424 412 435 463 411 462 422 423 421 427 462 435
430 404 425 412 436 463 411 462 423 424 421 427 462 435
431 404 425 411 435 463 412 463 423 425 422 428 462 436
432 404 426 412 435 462 411 463 423 425 423 429 463 437
432 404 427 412 435 462 410 463 423 424 423 429 463 438
433 404 427 412 435 462 410 462 423 425 424 430 463 438
433 405 426 412 436 462 411 462 422 425 424 430 464 438
433 405 426 413 436 463 411 462 421 425 424 430 464 438
433 405 427 412 436 463 412 462 422 425 423 430 463 437
432 404 426 412 436 463 412 463 422 424 423 429 463 437
432 404 426 412 436 463 412 462 421 424 423 429 463 437
432 404 426 412 435 463 411 462 421 423 423 429 463 437
432 404 426 412 435 463 411 463 422 423 423 429 463 437
432 404 426 412 436 463 412 463 424 425 424 429 463 437
431 404 426 412 435 463 412 463 423 425 423 429 463 437
431 404 426 412 435 464 412 463 422 424 423 429 463 437
432 405 427 412 437 463 411 462 422 425 424 429 464 438
433 406 427 413 437 463 411 463 424 427 425 430 465 438
432 404 426 412 436 463 412 463 423 425 424 429 464 437
432 404 426 412 436 463 412 463 422 424 423 429 463 437
432 404 427 413 436 463 411 463 422 424 423 429 463 437
432 403 427 412 435 463 411 462 422 424 423 429 462 437
431 403 426 411 435 463 412 462 421 424 422 429 462 436
431 403 426 412 435 463 412 462 421 423 422 428 462 436
431 404 427 412 436 463 412 462 421 423 422 429 462 436
431 403 426 411 436 463 412 462 422 423 422 429 462 436
431 403 426 411 436 463 412 463 423 424 422 429 462 436
432 405 426 413 436 463 412 463 423 425 423 430 463 437
432 405 426 413 437 463 412 463 422 425 424 430 464 438
432 404 426 412 436 463 413 462 422 425 423 430 464 437
432 404 426 412 436 463 412 462 422 425 423 430 463 437
432 404 427 412 437 464 412 463 423 426 423 430 464 437
433 404 427 412 437 464 413 463 424 426 424 430 464 438
433 405 427 412 437 464 413 464 423 426 424 430 464 438
432 405 427 412 437 464 413 463 423 426 424 430 464 438
432 404 427 412 437 464 413 463 422 424 423 430 463 437
431 404 426 412 435 463 412 462 421 423 423 429 463 437
432 404 427 412 435 463 412 462 422 424 423 429 463 437
432 403 427 412 435 463 412 462 421 424 422 429 463 437
431 403 426 412 435 463 411 462 421 423 422 429 462 436
432 404 427 412 435 463 411 462 423 424 423 429 462 437
432 404 428 413 435 463 411 463 423 425 423 430 463 438
432 404 428 412 435 463 412 463 422 424 422 429 462 437
431 403 427 411 434 463 411 463 422 423 422 429 461 436
431 403 426 411 434 463 411 462 422 424 422 429 461 437
432 403 427 411 435 463 412 462 422 424 422 429 462 437
431 403 427 411 435 463 412 462 422 424 422 429 462 436
430 402 426 411 434 463 412 462 423 424 421 428 461 435
430 403 426 411 435 463 412 463 423 425 422 429 462 436
432 404 427 412 435 463 412 462 423 425 423 430 463 438
432 405 427 412 435 463 412 462 422 424 423 430 463 437
432 404 426 412 435 462 411 462 422 424 422 429 462 437
432 404 427 412 435 462 411 462 422 425 423 429 463 437
432 404 427 412 435 462 411 461 421 425 423 430 464 437
432 404 427 412 435 462 411 460 419 423 423 430 463 437
432 404 428 412 435 463 412 461 420 423 422 429 462 437
432 404 427 412 435 463 412 461 421 423 421 429 462 437
432 404 426 412 435 463 412 461 421 423 421 429 462 437
432 404 427 412 435 462 411 461 421 423 422 430 463 438
433 405 428 412 435 461 411 462 422 424 423 430 464 439
433 404 428 412 435 461 410 461 421 424 423 430 464 438
432 404 427 412 435 462 410 461 421 424 422 429 463 437
432 404 427 412 435 462 411 461 421 424 422 429 463 438
432 404 427 412 435 462 410 461 421 424 423 429 463 437
431 403 426 412 434 462 410 461 419 423 422 429 462 436
431 403 426 412 435 462 410 460 420 423 421 429 462 436
432 404 427 412 435 462 411 461 422 424 421 429 462 437
432 404 428 413 434 461 411 461 421 423 422 430 463 438
432 404 428 413 434 461 410 461 421 423 422 430 463 437
432 404 428 412 435 461 410 462 421 423 422 430 463 437
432 404 428 412 435 462 410 462 421 424 423 430 463 438
432 404 427 412 435 462 411 461 421 423 423 430 463 438
432 404 427 412 435 462 411 461 421 423 422 429 462 437
432 404 427 412 435 462 410 461 420 422 421 429 462 437
432 404 427 412 435 462 410 461 421 422 421 429 462 437
432 403 427 412 434 462 411 461 422 423 421 429 462 436
432 403 427 412 434 463 411 462 421 423 421 429 462 437
432 403 426 412 434 462 411 461 421 423 421 429 462 437
431 403 426 412 434 462 411 461 421 423 421 429 462 437
431 403 426 412 435 463 411 463 423 424 422 429 462 437
431 403 426 412 435 463 411 462 422 424 422 430 463 437
432 403 426 411 435 462 410 460 420 423 422 429 463 437
431 403 426 411 434 461 410 460 420 423 421 429 462 436
431 402 426 411 434 462 411 461 420 423 421 429 462 437
431 402 426 411 434 462 410 461 421 423 421 429 462 437
431 402 426 411 434 462 410 461 421 423 421 429 461 437
431 402 426 411 434 462 410 461 421 423 421 428 461 436
431 402 426 411 434 462 411 461 420 423 421 429 462 436
431 402 427 411 434 462 410 461 421 423 421 429 462 437
432 403 427 412 434 462 410 461 421 423 421 429 462 438
432 403 427 412 435 462 410 461 421 423 421 429 462 438
432 403 426 412 435 463 411 461 421 423 421 429 462 437
432 403 426 412 435 463 411 462 421 424 421 429 462 437
432 403 427 412 435 463 411 462 423 424 421 429 463 438
432 403 427 412 435 462 411 463 423 424 422 429 463 437
431 403 427 412 434 462 411 463 422 424 421 429 462 437
431 403 426 412 434 463 412 463 422 424 421 429 462 437
432 403 427 412 435 463 412 463 423 424 422 429 463 438
432 403 427 412 435 463 412 463 423 425 422 430 463 437
431 402 427 412 434 462 411 463 423 424 422 430 463 437
430 402 426 412 434 462 411 463 423 424 421 429 462 437
431 402 427 412 435 463 411 463 423 425 422 429 462 437
431 403 427 412 435 463 412 463 423 425 422 429 463 437
431 402 426 412 435 462 412 463 423 425 421 429 463 437
431 402 426 411 434 462 411 462 422 424 421 430 462 437
431 403 427 411 435 462 411 462 422 424 422 430 463 437
431 402 427 412 434 462 411 462 422 424 421 429 462 436
431 402 427 412 434 462 411 462 422 424 421 429 462 436
432 403 428 412 434 463 412 463 423 424 421 429 463 438
432 403 428 412 435 463 412 463 423 425 422 430 463 439
432 403 428 413 435 463 412 462 423 425 422 430 463 438
432 403 427 412 435 462 411 461 421 424 421 429 463 437
431 403 427 413 436 463 411 461 421 424 421 428 462 437
432 403 426 412 436 463 411 461 422 424 421 428 462 437
432 402 426 412 435 462 411 462 422 424 421 428 463 437
431 402 426 411 434 462 411 462 423 424 421 428 462 437
431 402 426 412 435 463 411 462 422 424 420 428 461 436
432 403 427 412 435 463 412 462 421 424 420 428 461 437
433 404 427 412 435 463 412 462 421 423 421 429 461 438
434 405 428 413 435 463 412 461 421 423 421 429 462 439
434 406 428 414 435 462 411 461 421 423 420 429 461 438
435 406 428 414 435 462 411 461 420 423 420 429 461 439
435 407 428 414 436 462 411 461 421 423 421 429 462 439
436 407 428 414 435 462 412 461 421 422 420 429 461 439
436 408 428 415 435 462 411 461 421 423 420 429 461 440
437 408 429 415 436 463 411 461 420 423 421 429 462 441
437 408 429 415 436 463 412 461 421 422 421 429 462 440
436 407 429 415 435 463 412 462 422 423 420 430 461 440
436 407 429 415 436 463 412 463 422 424 421 430 462 440
436 408 429 415 437 463 412 462 422 424 422 431 462 440
435 407 429 415 436 463 411 461 422 423 421 430 462 439
434 406 428 415 435 463 411 461 421 423 421 429 461 438
433 406 428 415 435 463 411 461 421 423 421 429 461 438
433 406 428 415 436 463 412 461 421 423 420 429 460 437
433 406 428 415 436 463 412 460 421 423 420 429 460 437
433 404 428 415 436 463 412 461 421 422 421 430 460 437
432 403 428 413 435 463 412 462 422 422 420 429 459 435
432 404 428 414 435 462 411 462 423 423 419 429 459 435
433 406 428 415 435 463 411 461 422 422 419 429 459 436
433 407 428 415 436 463 411 461 421 423 419 429 458 437
434 407 428 415 435 463 411 461 421 423 420 429 459 439
435 408 429 416 435 462 412 461 422 423 421 430 460 439
434 407 429 415 435 463 412 462 422 423 421 430 459 438
433 406 428 414 434 463 412 462 422 423 420 430 459 437
432 405 427 414 434 462 411 461 421 422 419 429 457 434
431 404 426 414 435 462 410 461 420 421 418 427 457 433
430 404 426 414 435 462 410 460 420 421 418 427 456 433
429 403 426 414 435 462 410 459 420 421 418 427 456 433
429 403 426 414 435 462 410 460 420 421 418 428 457 433
429 404 427 414 435 462 411 462 422 423 419 428 458 434
429 404 427 414 436 463 412 463 423 424 419 429 458 434
429 403 427 413 435 463 412 462 422 423 419 428 457 434
428 403 426 414 435 463 411 462 421 423 419 428 457 433
427 403 426 413 435 463 411 462 422 423 419 427 457 432
426 401 426 412 434 464 412 462 422 423 418 427 456 432
426 400 426 412 434 464 412 462 423 423 418 428 456 432
427 401 426 412 434 463 412 462 422 422 418 428 456 431
428 403 426 413 435 463 411 460 420 421 417 427 455 431
427 403 425 413 435 463 410 460 420 421 417 427 454 431
428 403 425 413 434 463 411 460 420 420 416 426 453 432
428 403 425 413 433 462 411 461 419 419 415 426 453 431
426 402 425 413 434 462 410 460 419 419 415 426 452 430
426 403 425 413 434 462 410 460 420 420 416 426 453 431
427 403 425 414 434 462 411 461 421 421 417 427 454 432
427 403 425 414 434 462 411 461 421 421 418 427 455 431
426 403 426 414 435 463 412 461 422 422 418 427 455 431
427 403 427 414 435 464 413 462 423 422 418 428 455 431
427 402 426 413 434 464 413 463 422 422 418 428 455 430
426 402 426 413 434 463 412 462 422 422 417 428 455 430
426 402 426 412 433 463 412 462 422 422 417 428 455 430
426 401 426 412 434 463 412 463 421 422 417 427 455 431
425 400 426 412 434 462 412 461 420 421 416 427 454 430
425 400 425 412 434 462 411 461 420 420 415 426 453 428
425 401 425 412 435 463 411 461 420 420 416 427 453 429
425 402 425 413 435 463 411 461 421 421 417 427 454 430
425 402 426 413 434 463 410 460 420 421 416 427 454 430
426 401 426 414 434 463 411 460 420 420 416 427 454 429
426 401 426 413 435 463 411 460 420 420 417 428 454 430
426 402 426 414 435 463 411 460 420 422 418 428 455 431
426 402 425 414 435 464 412 461 421 422 417 427 455 431
426 401 426 414 434 464 412 461 422 421 417 427 455 430
427 401 426 414 435 463 412 461 421 421 418 427 455 431
426 402 426 414 435 463 412 461 421 422 418 428 455 431
426 402 426 414 435 463 412 461 421 422 418 428 456 431
425 401 425 414 435 463 411 461 421 422 418 427 456 431
426 401 425 413 435 463 411 461 421 422 418 427 455 430
425 401 425 413 436 464 411 461 421 421 418 427 455 430
425 401 425 414 435 463 411 460 420 421 417 426 454 430
425 400 425 413 435 463 410 461 420 421 417 426 454 429
425 401 425 413 435 463 411 461 421 421 417 427 455 430
425 401 425 413 435 463 411 461 420 421 417 427 455 432
427 402 426 414 435 463 411 460 420 421 418 427 456 432
427 402 427 414 435 463 411 461 421 421 418 427 456 431
426 402 426 414 435 463 410 460 421 422 418 427 455 431
426 401 425 414 435 463 410 460 420 421 417 427 455 431
426 401 425 413 435 463 411 460 420 421 417 426 454 430
425 401 425 413 435 463 411 461 421 422 417 426 455 431
426 401 425 414 435 463 411 461 421 422 418 427 455 431
426 401 425 413 435 463 411 460 420 421 417 427 455 430
425 400 425 413 435 463 411 460 420 420 418 426 455 431
425 400 424 413 435 463 411 461 422 422 419 427 457 432
426 401 425 414 436 463 411 461 421 423 419 427 457 431
722 380 104 373 604 36256 635 536 136 622 327 309 28 71590
425 401 425 413 435 463 411 460 420 421 418 426 456 430
425 400 425 414 435 463 410 459 419 421 417 426 455 430
426 401 425 414 435 463 411 459 419 421 418 427 456 431
427 402 426 414 435 463 411 459 420 422 418 428 457 433
427 402 426 414 435 463 411 460 420 421 418 427 457 433
427 402 426 414 435 463 411 460 420 421 418 427 457 432
428 402 426 415 435 463 411 460 420 422 418 427 456 432
428 402 427 415 435 463 411 460 420 421 418 427 456 431
427 401 426 414 436 462 411 460 420 420 418 427 456 431
427 401 425 414 435 462 410 460 420 420 418 427 456 431
426 402 425 414 435 463 410 460 420 421 418 427 456 432
427 402 426 415 435 463 410 459 420 422 419 427 457 433
427 403 426 414 436 462 410 460 422 422 419 428 458 433
427 402 426 414 435 463 411 461 422 422 419 428 458 432
427 401 426 414 435 463 411 461 421 422 419 427 458 432
427 401 425 414 434 463 411 460 421 421 418 427 457 431
427 401 424 413 434 462 411 460 421 421 418 427 456 431
427 401 425 414 435 462 411 460 420 422 419 427 457 433
428 401 424 413 435 462 410 460 419 421 418 427 457 433
427 400 423 412 434 462 410 459 418 419 417 426 455 430
426 400 423 412 434 462 410 458 418 419 417 426 455 430
426 400 423 412 435 462 410 459 420 420 417 425 456 431
427 400 423 411 434 462 410 459 419 420 417 425 456 430
427 400 423 412 435 462 409 459 418 420 418 426 455 430
428 401 423 412 435 463 410 460 420 420 418 426 456 432
428 401 424 412 435 462 410 460 420 421 418 427 457 433
428 401 424 411 433 462 410 460 420 421 419 427 457 433
427 400 424 410 434 462 411 461 421 422 419 427 457 432
427 399 424 410 434 463 412 462 423 423 419 427 456 431
426 400 424 411 434 463 411 462 421 422 418 426 456 431
425 401 422 411 435 463 411 460 420 422 418 425 457 431
424 400 422 410 435 463 410 459 420 421 418 425 457 430
424 399 422 410 435 462 410 459 419 421 418 425 456 430
425 400 422 410 435 462 410 459 418 420 418 425 456 430
424 400 422 410 435 462 410 459 418 420 417 425 455 429
424 399 422 410 434 462 410 459 420 420 417 426 456 430
425 400 423 410 434 462 410 460 420 422 419 426 457 431
426 401 423 411 435 462 411 460 420 422 419 426 457 431
426 400 423 411 435 463 411 460 420 421 418 426 457 431
426 400 424 411 435 463 411 461 421 421 419 427 457 432
426 400 424 411 434 463 411 461 422 423 419 427 458 431
425 400 423 411 434 462 411 460 420 423 418 426 456 430
425 399 423 410 434 462 410 459 418 420 417 425 455 429
425 399 423 411 435 462 410 460 419 420 416 425 455 429
425 399 423 411 434 462 410 460 420 421 417 425 455 429
425 399 422 410 435 462 411 460 420 421 417 425 456 429
424 399 422 411 435 463 410 460 419 420 417 424 455 429
425 399 423 411 434 462 410 460 420 420 417 425 455 430
425 400 423 410 434 462 410 460 421 421 418 425 456 430
427 401 423 410 435 462 410 460 421 422 419 426 457 431
427 401 423 411 434 462 410 460 420 422 419 427 457 431
426 400 423 411 434 462 410 460 420 422 418 426 457 431
426 400 423 411 434 463 410 461 421 422 419 426 457 432
426 400 423 410 434 463 410 461 420 422 419 426 458 431
426 399 423 409 434 462 410 460 420 422 419 426 457 431
425 399 423 409 434 462 409 460 421 422 419 426 457 431
426 400 423 410 434 462 410 460 420 421 418 426 457 430
425 400 423 411 434 462 410 460 419 422 418 426 456 430
426 400 423 411 434 462 410 460 420 422 419 426 457 431
426 399 424 410 435 462 410 460 420 421 419 427 457 432
426 400 423 410 435 462 410 459 418 421 418 425 456 431
426 401 422 410 434 462 410 458 418 420 417 424 455 430
425 401 421 410 433 462 410 459 418 420 416 424 454 430
426 401 423 411 434 462 410 460 420 421 418 425 455 431
428 403 424 412 435 462 410 460 420 422 418 426 457 432
427 402 424 412 435 462 410 460 420 421 418 426 456 431
426 401 423 410 434 462 409 459 419 420 417 424 455 429
426 401 423 410 434 462 409 459 419 421 417 424 455 430
426 401 423 411 435 462 410 459 420 422 418 425 456 431
426 402 423 411 435 463 410 460 420 422 419 426 456 430
426 401 423 411 434 463 409 460 419 420 417 425 455 429
426 400 423 411 434 462 410 459 418 420 416 424 454 429
425 400 423 410 434 462 410 460 419 420 416 425 454 429
425 401 423 410 434 462 410 461 419 421 417 425 455 431
427 401 423 411 435 463 410 460 420 421 418 426 456 432
427 402 423 411 435 463 410 461 421 422 418 426 456 432
427 402 424 412 435 463 411 461 421 422 419 427 456 431
427 402 424 412 435 464 412 462 422 423 419 427 457 433
428 403 425 412 435 463 411 462 422 423 420 427 458 433
427 403 425 412 435 463 411 462 422 424 420 428 458 433
428 403 425 412 435 463 410 461 421 423 419 427 457 433
428 403 425 412 435 463 410 460 420 422 419 427 457 432
428 403 425 412 435 463 409 458 418 421 419 427 457 432
428 403 425 412 435 463 410 458 417 420 418 427 456 431
428 402 425 412 435 462 410 459 418 419 418 427 456 432
427 402 424 412 435 462 410 459 418 420 418 427 456 432
427 402 423 412 435 463 410 460 419 421 418 426 456 432
427 402 424 412 434 463 410 461 420 422 418 426 456 432
428 402 425 412 434 463 411 461 421 423 419 427 457 433
429 403 425 412 435 463 411 461 421 423 420 428 459 434
429 403 425 412 435 463 411 461 421 423 420 428 458 433
428 403 425 412 435 463 411 461 421 423 419 427 458 432
428 403 425 412 436 463 411 460 420 423 420 427 458 433
429 404 425 413 436 463 410 460 420 423 420 427 459 434
430 404 425 414 435 463 410 461 421 424 421 428 459 434
428 403 425 412 435 463 410 461 421 423 420 427 459 433
427 402 424 411 435 463 410 461 420 422 419 426 458 432
427 402 423 411 435 463 410 460 420 421 418 426 456 432
427 402 423 411 435 463 409 459 420 421 417 426 456 431
427 402 423 412 435 463 409 459 419 420 417 426 456 431
427 402 423 412 435 463 409 459 419 421 417 425 456 431
426 402 423 412 434 462 409 460 419 421 417 425 456 431
428 403 424 412 435 462 409 461 420 422 418 426 456 432
429 404 425 413 435 463 409 461 421 423 419 427 457 433
428 403 425 412 435 463 409 461 421 423 419 427 458 433
428 403 424 412 435 462 409 461 421 423 419 427 458 434
428 402 425 412 435 462 409 461 421 422 419 427 459 434
429 403 425 412 435 462 409 460 420 422 420 427 459 434
429 403 425 413 435 463 409 460 419 422 420 427 459 434
429 403 425 413 435 463 409 459 419 422 420 428 459 434
428 403 425 412 435 463 410 459 419 422 419 427 458 433
428 402 425 412 435 463 410 459 419 422 419 426 458 433
428 402 425 412 435 463 409 460 419 422 419 426 458 433
428 403 425 412 435 463 410 460 419 421 418 426 457 432
429 403 425 413 435 463 410 460 419 421 418 426 457 432
428 403 425 413 435 463 410 461 420 421 418 426 457 432
428 402 425 413 435 462 410 461 421 422 419 426 457 433
429 403 425 413 435 462 409 460 420 422 419 427 458 434
429 404 425 414 436 462 409 459 419 422 419 427 459 434
429 403 425 413 436 463 409 460 419 422 419 427 458 434
429 403 425 413 436 462 409 459 419 421 418 427 458 434
429 403 425 413 435 462 409 458 417 421 418 426 458 433
429 403 425 413 435 462 409 457 418 421 419 427 459 434
430 403 425 413 435 462 410 459 419 421 420 428 459 435
430 403 425 413 436 463 410 460 420 422 419 428 459 435
429 402 425 412 435 463 410 460 419 422 419 428 458 435
429 402 424 412 435 463 409 460 419 422 419 427 458 434
428 402 423 412 434 463 409 461 421 422 419 427 458 433
428 401 423 411 434 463 409 461 420 421 418 426 458 432
429 402 423 411 435 462 408 459 419 422 419 427 458 434
430 403 424 412 435 462 409 459 419 423 420 427 459 435
430 403 424 412 435 463 410 460 420 423 420 427 459 435
429 402 424 412 435 463 410 460 419 422 419 427 459 434
429 402 424 412 435 462 409 459 419 423 420 427 459 435
430 402 425 412 435 462 409 460 420 423 419 427 459 435
430 403 425 412 435 462 410 460 420 423 419 427 459 434
430 403 425 412 435 463 410 461 420 423 420 427 460 435
430 403 425 412 435 463 410 461 421 423 421 428 460 436
430 402 425 412 435 463 410 461 420 424 420 428 460 435
430 402 425 412 435 463 410 460 418 423 420 427 459 435
430 403 425 412 435 463 410 460 420 423 420 428 460 436
431 403 426 412 435 463 410 462 422 424 421 429 460 436
431 403 426 412 435 463 409 462 421 424 421 429 460 435
431 403 426 412 435 462 409 461 420 423 421 428 460 435
430 403 425 412 434 462 409 461 420 423 420 428 459 435
430 402 425 412 434 462 409 461 421 423 420 428 459 435
431 402 425 412 435 462 410 461 420 423 420 428 459 435
430 402 425 412 435 462 410 460 419 423 420 428 460 435
430 402 426 412 435 463 410 461 419 422 420 428 459 435
431 403 427 412 435 463 410 461 419 423 421 428 460 437
432 404 427 413 436 463 410 460 420 424 421 429 461 437
431 403 426 413 436 463 410 460 419 423 421 429 461 436
430 402 426 412 436 462 410 460 419 422 420 428 460 436
430 402 426 412 436 461 409 461 419 423 420 428 460 436
430 403 426 412 435 460 409 461 421 423 420 427 460 435
431 402 425 412 435 460 410 462 422 424 421 428 460 436
430 402 426 412 435 459 410 462 421 425 421 428 461 436
430 402 426 412 435 459 410 461 420 424 421 428 461 436
430 403 426 412 434 459 410 461 420 423 420 429 460 435
431 402 426 412 435 459 410 461 421 424 421 429 460 436
430 402 426 412 435 459 410 462 421 424 421 427 460 435
430 401 426 412 435 458 410 461 419 423 420 427 459 435
431 402 427 412 436 458 410 461 420 423 420 428 459 436
432 402 427 413 436 459 410 461 421 424 421 429 460 436
431 402 426 412 435 458 410 462 421 424 421 428 459 435
430 401 426 412 435 458 409 462 421 423 420 428 459 435
430 401 426 412 435 458 409 462 421 424 420 427 459 435
430 401 425 411 434 458 410 463 421 424 421 428 459 435
429 400 425 410 434 458 410 462 421 424 420 427 458 435
429 400 425 411 435 458 410 462 421 424 419 427 458 435
430 401 425 411 435 458 410 462 421 425 420 427 460 435
430 402 425 412 435 458 409 462 420 425 421 427 460 435
430 401 425 412 435 458 409 462 421 424 420 427 459 435
429 402 425 412 435 458 410 462 420 423 420 427 459 435
430 402 426 411 435 458 411 463 420 423 420 427 459 435
430 401 426 411 435 457 410 463 421 424 420 427 459 435
430 401 426 412 435 457 410 462 420 424 421 428 460 436
430 401 426 411 435 457 410 460 419 424 421 428 460 436
430 401 426 411 435 457 410 460 419 423 420 428 459 435
430 402 426 411 435 457 410 461 420 423 420 428 460 435
430 402 425 412 435 458 410 461 420 423 420 428 459 435
430 401 425 412 435 458 410 462 421 424 420 428 459 435
430 402 425 412 434 458 411 462 421 424 420 428 460 435
430 401 425 412 435 458 410 462 420 424 420 428 460 435
430 402 426 412 436 458 410 462 420 424 421 428 460 435
430 403 427 413 436 458 410 462 420 424 421 428 461 436
431 403 426 412 435 458 409 461 421 424 421 428 461 436
430 402 426 412 435 458 409 461 420 424 421 428 461 436
430 402 425 412 436 458 409 461 420 424 420 427 460 434
429 402 425 412 435 457 410 460 419 422 419 426 458 434
429 401 425 412 435 457 410 460 418 422 419 426 459 435
429 401 425 412 435 457 410 461 419 423 419 427 460 435
429 402 425 412 435 457 410 462 420 424 420 428 460 435
430 402 425 412 435 457 409 461 420 424 421 428 460 436
430 402 426 412 435 457 409 461 419 424 421 428 460 436
430 402 426 412 435 457 409 461 419 424 421 429 461 436
431 402 426 412 435 457 409 460 419 423 421 429 461 435
430 402 425 412 435 457 409 459 418 423 420 428 460 435
429 401 425 412 435 457 409 459 418 422 419 427 459 434
429 401 424 412 435 458 409 460 418 422 419 427 459 434
429 401 424 411 435 458 410 460 419 422 419 427 459 434
429 401 423 411 435 458 410 461 419 422 419 427 459 433
429 401 424 412 435 458 410 462 420 422 420 427 459 434
430 400 425 411 434 458 410 462 421 424 420 427 460 434
430 401 424 411 434 458 409 461 420 424 421 427 460 434
430 401 425 412 435 458 409 461 420 424 421 428 460 435
431 402 425 413 435 458 410 462 420 424 421 428 461 435
430 401 425 412 435 458 410 462 420 423 421 428 460 434
430 401 424 412 434 458 409 460 419 423 420 428 459 435
430 402 425 412 435 458 409 461 420 424 421 429 460 436
431 402 426 413 435 458 409 463 422 424 422 429 461 437
431 402 426 413 435 457 409 462 420 424 421 429 461 436
431 401 426 412 434 458 409 461 419 423 420 428 460 435
430 402 426 412 435 458 410 462 419 422 420 428 459 435
431 402 426 412 435 459 410 462 420 422 420 428 459 435
431 402 426 412 435 458 409 462 420 423 420 429 459 435
430 402 426 412 434 458 409 461 419 423 420 428 460 435
430 402 426 413 435 458 409 461 419 423 420 428 460 436
430 402 426 413 435 458 409 461 419 423 421 428 460 436
431 402 426 413 434 457 408 460 419 422 421 429 460 436
430 401 426 412 434 458 409 460 420 423 420 428 460 435
430 401 426 412 434 459 409 462 420 423 420 428 460 434
430 401 426 412 435 458 409 462 419 423 420 428 460 435
430 402 426 412 435 457 408 461 419 422 420 428 459 436
430 402 426 413 435 458 408 461 419 422 420 428 459 435
430 401 426 413 435 458 409 461 419 423 420 428 460 435
430 401 425 412 435 458 409 460 419 422 420 428 460 436
431 401 426 413 435 457 409 460 419 423 420 428 460 436
430 401 426 413 435 457 409 461 420 423 421 429 460 435
431 401 426 413 435 457 409 461 421 423 421 429 461 436
432 402 427 413 435 458 409 462 421 423 422 430 462 437
433 403 428 414 435 457 409 462 420 424 421 430 462 438
432 402 428 414 434 457 409 462 419 423 420 430 460 437
431 400 427 412 434 457 409 460 418 422 420 429 460 436
431 400 426 412 434 457 409 459 418 422 420 428 459 436
431 401 425 412 434 457 408 459 418 421 418 427 459 435
429 401 424 412 433 457 409 460 419 421 417 426 458 434
429 400 425 411 434 457 408 460 419 421 418 426 458 434
430 401 425 412 435 457 408 460 420 423 420 428 460 435
430 401 426 412 434 457 409 461 420 424 420 428 460 435
430 401 426 413 434 457 409 461 420 423 419 428 460 436
431 402 426 413 435 457 408 461 419 422 420 428 460 436
430 401 425 413 435 458 409 461 419 422 421 428 461 435
429 401 425 412 434 458 409 461 420 423 420 428 460 435
430 401 425 412 434 458 409 460 419 422 419 427 459 435
430 401 425 413 434 458 409 459 418 421 419 427 459 435
430 401 425 412 433 458 409 459 418 421 419 427 459 435
430 400 425 412 434 457 409 459 419 422 419 428 459 436
430 400 426 412 434 457 409 461 420 422 420 428 460 435
430 401 426 412 433 458 409 462 420 423 420 428 459 436
430 401 426 413 434 458 409 462 421 423 420 428 460 436
431 401 426 413 434 458 409 462 421 423 420 428 461 436
430 401 426 413 434 459 409 462 419 423 420 428 460 436
431 402 426 413 434 459 409 460 418 423 420 428 460 436
430 402 426 413 435 459 410 460 419 423 421 429 461 437
430 401 427 413 434 458 410 461 420 423 421 429 461 436
431 400 426 412 434 458 410 460 419 422 420 429 460 435
430 401 426 412 434 459 410 460 419 422 420 429 460 436
431 402 426 413 435 458 410 461 421 424 421 429 461 437
431 402 426 413 434 458 410 462 421 425 421 428 461 436
430 401 425 412 434 458 409 461 419 423 419 427 460 434
428 400 425 412 434 458 409 460 419 422 418 427 458 435
428 400 425 412 434 458 410 461 420 423 419 427 459 435
429 400 425 412 434 459 410 462 420 423 420 428 460 435
429 400 425 412 433 458 409 461 419 422 419 428 460 435
430 401 425 413 433 457 409 460 419 422 419 428 460 436
431 402 426 413 434 458 409 461 419 423 420 429 461 438
431 402 427 414 434 459 410 462 420 423 421 429 461 437
431 402 426 414 434 459 409 462 419 423 420 429 460 437
431 401 426 413 434 458 409 461 419 422 419 428 460 436
431 402 426 413 434 457 409 460 419 422 420 428 460 436
431 401 426 413 433 457 409 461 420 421 420 428 460 435
430 401 426 413 433 457 408 461 420 421 419 428 460 436
430 402 426 413 434 457 409 461 419 423 420 428 461 437
431 402 426 413 434 457 408 461 419 423 420 429 461 437
430 401 425 413 433 458 408 461 419 421 419 428 460 436
429 401 425 412 434 458 408 460 419 421 419 428 460 435
429 401 425 412 433 458 408 460 419 423 419 428 459 435
429 401 425 412 432 457 408 460 419 422 419 427 459 435
429 400 424 412 433 457 408 461 419 421 419 427 459 435
429 401 425 412 433 457 408 461 420 422 420 428 460 435
429 401 425 412 432 457 408 462 419 422 419 428 460 435
429 401 425 412 432 457 408 461 418 421 419 428 459 435
430 402 425 412 433 457 408 460 417 421 419 428 459 436
430 403 426 413 434 458 408 459 418 421 420 428 460 436
430 402 427 413 433 458 408 459 418 421 419 428 460 436
429 402 426 412 433 458 408 459 418 420 419 428 458 436
429 402 425 412 433 459 408 459 418 420 419 427 458 435
430 403 425 412 433 459 408 460 420 422 419 427 459 435
429 402 426 412 433 458 409 461 420 423 420 428 459 435
430 403 426 413 433 458 409 461 419 423 420 428 460 436
431 404 427 414 434 458 408 461 419 422 420 429 460 436
431 404 426 414 433 458 409 461 419 422 420 428 459 435
431 403 427 414 433 458 408 460 418 421 419 428 459 436
431 404 428 414 433 458 407 459 417 421 419 428 460 437
432 405 427 414 434 458 408 459 419 422 419 429 461 437
432 404 427 414 434 459 409 460 420 423 419 429 461 437
432 404 427 414 434 459 409 461 420 424 418 429 461 437
431 405 427 414 434 459 409 461 420 423 418 429 461 435
431 404 426 414 434 458 408 461 420 423 418 428 461 435
430 404 426 414 433 458 408 461 419 423 417 428 460 436
430 404 425 413 433 458 408 460 419 422 417 428 459 435
429 404 425 413 433 459 409 461 420 421 416 427 459 435
429 404 425 413 434 459 408 461 420 423 417 427 460 436
430 404 426 414 434 458 408 460 419 423 417 428 460 436
431 404 427 414 433 459 409 459 419 423 417 429 460 435
430 403 427 414 433 459 409 460 420 422 416 428 459 435
429 403 426 413 432 458 409 460 420 422 416 427 459 435
429 403 426 413 432 458 409 460 419 422 416 427 459 435
430 402 426 413 432 458 409 460 418 421 416 427 458 435
429 402 426 413 432 459 409 460 418 422 416 428 458 435
430 403 427 414 432 458 408 459 418 422 416 428 459 436
431 403 427 414 433 458 407 459 418 422 417 428 460 436
430 404 427 414 433 458 408 459 419 422 417 429 460 436
430 403 426 414 433 458 408 460 419 422 416 428 459 435
430 403 426 414 433 458 407 460 419 422 417 427 460 435
431 404 426 414 433 458 407 460 419 423 418 428 461 437
431 404 427 414 433 459 408 460 418 423 417 428 460 436
429 403 426 414 433 458 408 460 417 421 416 427 459 434
429 403 425 414 432 458 407 460 418 421 416 427 459 435
429 403 426 414 433 458 407 460 418 421 417 427 459 435
430 403 426 414 433 458 407 459 418 422 417 428 460 435
430 403 426 414 432 458 407 459 418 422 418 428 460 436
430 403 426 413 432 459 407 459 418 422 417 428 459 435
430 403 426 414 432 458 408 459 418 422 417 428 459 435
430 403 427 414 433 459 409 460 419 423 417 429 460 435
430 403 427 414 433 459 409 461 419 422 417 429 460 436
430 402 427 414 433 459 409 460 418 422 418 428 460 436
430 403 426 414 434 459 409 460 419 423 418 428 460 436
430 403 426 414 433 459 408 461 420 424 418 429 461 435
430 402 426 414 432 459 408 461 420 423 418 428 460 435
430 402 426 414 433 459 408 460 419 423 418 428 460 437
430 402 426 413 433 459 409 461 419 423 418 428 461 436
429 401 425 412 432 459 409 461 419 423 418 428 460 435
429 401 424 412 432 459 409 460 419 423 417 428 459 435
430 402 425 412 433 459 408 460 419 423 418 428 460 435
430 401 425 412 432 459 408 461 419 422 417 427 459 434
429 401 424 412 432 459 409 461 419 421 417 427 458 435
430 402 425 412 433 459 409 461 419 422 417 428 459 436
431 402 425 412 433 458 409 460 419 423 418 429 460 436
430 401 425 412 432 458 409 460 419 423 418 428 460 435
429 401 425 412 433 459 409 461 419 423 418 427 459 435
429 401 425 412 433 459 409 461 419 422 418 427 459 435
429 401 424 411 432 459 408 460 418 422 417 427 459 435
430 401 424 411 431 458 407 460 418 422 418 427 459 435
430 402 425 412 433 459 408 460 419 423 418 427 460 435
430 402 425 412 433 460 409 460 419 422 418 427 460 435
430 402 425 412 433 460 408 461 419 422 418 427 460 436
430 402 425 412 433 459 407 460 418 422 418 427 460 436
430 402 425 412 433 459 408 460 418 422 418 428 460 435
430 402 425 412 433 460 409 461 419 422 418 428 460 435
431 403 425 412 433 460 408 461 419 422 418 428 460 435
431 403 425 412 434 459 408 460 419 423 418 428 461 436
431 402 426 412 433 460 408 460 418 422 418 427 460 436
431 402 425 412 433 459 408 461 419 422 418 427 460 436
431 403 425 412 433 459 408 461 420 423 419 428 461 436
430 403 425 412 434 459 408 460 419 423 419 428 461 436
430 402 425 412 434 460 408 460 418 422 418 427 460 435
430 403 425 412 434 460 408 460 419 422 418 427 460 435
430 403 425 412 434 459 409 461 421 423 418 427 460 436
430 402 425 412 433 459 409 461 420 422 417 427 459 435
430 402 425 412 433 459 409 460 419 421 417 427 459 435
431 402 426 412 433 460 409 461 420 422 418 428 460 436
431 402 426 412 434 460 409 461 420 423 418 428 460 436
431 402 425 412 433 459 409 461 418 422 418 427 460 436
430 402 425 412 433 459 408 460 418 422 417 427 460 436
431 403 427 412 433 459 408 460 420 422 418 428 460 437
431 403 427 412 434 460 409 461 421 423 420 429 461 437
431 402 426 412 434 460 409 461 420 423 419 428 460 436
430 402 425 411 433 460 408 461 420 423 418 427 460 435
430 402 425 412 433 459 408 460 419 422 419 427 460 436
430 402 425 412 433 459 408 461 420 423 420 428 461 436
431 402 425 412 433 460 408 462 421 424 420 429 462 437
431 403 425 412 434 460 409 462 420 423 420 428 462 437
430 402 425 412 434 461 409 461 420 423 420 427 461 436
430 402 425 411 433 460 408 461 419 422 419 427 460 435
430 402 425 412 433 459 407 460 419 422 418 427 460 436
430 402 425 412 433 460 408 460 420 422 418 427 460 436
430 402 425 412 433 460 408 461 420 423 419 427 460 436
430 402 425 411 433 460 408 461 420 423 419 427 460 436
430 401 425 411 433 460 409 463 421 423 420 428 460 436
430 401 426 412 433 461 409 463 421 423 419 428 460 436
430 402 426 412 434 460 409 461 420 422 419 427 460 436
430 402 425 412 434 460 409 461 420 423 419 427 461 437
430 402 426 412 433 461 408 461 420 423 420 428 461 437
430 402 425 412 433 460 407 461 420 423 420 429 461 437
431 401 425 412 433 459 407 460 419 423 419 428 460 436
430 401 425 411 433 459 407 460 419 422 419 427 460 436
430 401 425 411 433 460 407 461 419 422 419 427 459 436
430 401 425 410 433 460 407 461 420 422 419 427 460 436
430 400 425 410 432 459 408 461 420 422 419 428 460 436
429 400 425 411 432 459 408 462 421 423 419 428 460 436
430 401 425 411 433 459 408 462 421 423 419 427 461 436
430 402 425 411 433 459 408 461 419 422 419 427 461 437
431 402 425 412 433 459 408 460 418 422 419 428 460 437
431 402 425 412 432 459 408 461 419 422 419 428 461 438
432 403 426 412 433 459 408 460 419 421 419 428 460 438
433 405 426 413 433 459 408 460 419 421 419 428 460 438
435 405 427 414 433 459 408 461 420 422 420 429 461 440
436 406 428 414 433 459 407 460 418 421 420 429 461 440
437 408 428 415 433 459 407 460 418 421 420 429 461 442
439 410 428 416 434 460 408 461 420 422 420 430 462 443
440 410 429 415 434 460 408 461 420 422 421 430 463 444
441 412 429 416 434 460 407 461 419 422 421 429 463 445
443 413 430 417 434 460 407 461 419 421 421 430 463 446
445 414 431 418 433 459 407 461 419 421 421 431 463 447
446 415 431 418 433 458 407 460 419 421 422 431 463 448
446 415 431 418 433 458 407 460 420 421 422 431 464 449
447 414 431 417 433 459 407 460 419 422 422 431 464 449
446 414 430 417 433 459 407 460 418 421 421 430 464 448
446 414 429 417 433 458 407 459 418 420 421 430 464 448
446 414 430 417 433 458 407 459 417 420 421 430 465 449
446 413 431 417 432 459 407 459 417 420 422 431 465 449
446 413 430 417 432 459 407 460 418 421 422 431 466 450
447 413 430 417 433 459 407 460 418 421 423 431 467 451
447 413 431 417 433 459 407 459 418 422 424 432 469 452
448 412 431 417 433 459 407 461 419 423 425 433 471 453
447 412 431 417 433 459 407 462 420 423 425 433 471 453
446 411 431 417 433 458 406 460 419 423 425 432 470 452
447 411 431 417 433 458 406 459 418 423 425 432 470 452
447 411 431 416 433 459 407 460 418 422 426 432 472 453
446 409 431 416 432 458 406 459 417 422 426 433 471 453
446 408 431 415 432 457 405 458 417 421 425 432 470 452
446 408 431 415 432 457 406 459 418 422 425 432 471 452
446 408 431 415 432 458 406 460 419 423 427 432 472 453
445 407 431 415 432 459 407 460 420 424 427 433 473 454
445 406 431 415 432 459 407 461 421 425 428 434 475 454
445 405 431 415 432 459 407 460 419 424 428 434 475 453
444 405 431 414 432 459 407 459 416 422 427 432 473 452
445 405 431 414 432 459 407 458 417 422 427 433 473 453
445 404 431 414 433 458 407 458 418 423 427 434 474 454
444 403 431 414 433 458 407 459 419 424 428 434 474 453
443 402 431 413 432 459 407 461 421 425 428 434 475 452
442 402 430 413 432 460 408 462 423 426 429 434 475 451
440 401 429 412 432 460 408 463 423 426 428 432 474 450
439 400 428 411 432 460 408 463 423 425 427 431 473 449
438 399 427 411 432 459 408 463 422 425 427 431 473 449