20 -1 17 -1 18 -1 14 -1 15 -1 15 -1 15 -1 17 -1 21 -1 20 -1 
16 -1 13 -1 16 -1 21 -1 25 -1 20 -1 20 -1 24 -1 17 -1 15 -1 
18 -1 12 -1 14 -1 16 -1 16 -1 18 -1 19 -1 17 -1 15 -1 15 -1 
15 -1 15 -1 18 -1 21 -1 19 -1 16 -1 16 -1 14 -1 17 -1 25 -1 
15 -1 13 -1 13 -1 18 -1 22 -1 22 -1 21 -1 18 -1 16 -1 16 -1 
15 -1 16 -1 16 -1 14 -1 14 -1 18 -1 16 -1 17 -1 21 -1 17 -1 
18 -1 17 -1 16 -1 13 -1 14 -1 11 -1 16 -1 16 -1 11 -1 12 -1 
14 -1 11 -1 11 -1 10 -1 11 -1 14 -1 11 -1 16 -1 16 -1 8 -1 
8 -1 8 -1 13 -1 10 -1 13 -1 11 -1 15 -1 15 -1 14 -1 15 -1 
16 -1 16 -1 17 -1 17 -1 18 -1 16 -1 10 -1 14 -1 15 -1 13 -1 
7 -1 11 -1 13 -1 13 -1 13 -1 12 -1 12 -1 13 -1 13 -1 10 -1 
9 -1 10 -1 9 -1 11 -1 8 -1 7 -1 9 -1 9 -1 9 -1 7 -1 
8 -1 11 -1 14 -1 8 -1 10 -1 13 -1 12 -1 10 -1 10 -1 8 -1 
10 -1 10 -1 5 -1 6 -1 8 -1 11 -1 9 -1 5 -1 3 -1 2 -1 
3 -1 5 -1 9 -1 11 -1 12 -1 12 -1 11 -1 11 -1 11 -1 11 -1 
12 -1 11 -1 10 -1 9 -1 11 -1 5 -1 7 -1 2 -1 3 -1 4 -1 
11 -1 5 -1 7 -1 10 -1 11 -1 9 -1 6 -1 2 -1 4 -1 6 -1 
3 -1 4 -1 7 -1 4 -1 5 -1 6 -1 7 -1 9 -1 10 -1 9 -1 
9 -1 10 -1 10 -1 6 -1 7 -1 7 -1 8 -1 6 -1 8 -1 8 -1 
4 -1 6 -1 5 -1 6 -1 7 -1 7 -1 6 -1 8 -1 5 -1 7 -1 
10 -1 12 -1 9 -1 8 -1 9 -1 9 -1 9 -1 7 -1 8 -1 6 -1 
3 -1 3 -1 5 -1 7 -1 9 -1 10 -1 6 -1 6 -1 6 -1 6 -1 
7 -1 5 -1 3 -1 5 -1 7 -1 9 -1 8 -1 10 -1 10 -1 7 -1 
9 -1 12 -1 7 -1 7 -1 3 -1 6 -1 4 -1 7 -1 6 -1 5 -1 
8 -1 5 -1 6 -1 8 -1 10 -1 9 -1 9 -1 8 -1 7 -1 11 -1 
14 -1 11 -1 7 -1 12 -1 10 -1 11 -1 7 -1 10 -1 14 -1 10 -1 
16 -1 10 -1 6 -1 11 -1 6 -1 10 -1 7 -1 7 -1 10 -1 7 -1 
9 -1 11 -1 12 -1 8 -1 13 -1 8 -1 6 -1 11 -1 13 -1 14 -1 
7 -1 12 -1 7 -1 6 -1 5 -1 10 -1 13 -1 8 -1 10 -1 8 -1 
7 -1 10 -1 11 -1 13 -1 11 -1 9 -1 6 -1 8 -1 9 -1 13 -1 
12 -1 11 -1 11 -1 11 -1 9 -1 11 -1 13 -1 13 -1 10 -1 11 -1 
7 -1 9 -1 14 -1 15 -1 10 -1 10 -1 9 -1 9 -1 11 -1 8 -1 
9 -1 11 -1 11 -1 13 -1 12 -1 10 -1 15 -1 13 -1 11 -1 9 -1 
12 -1 17 -1 15 -1 13 -1 13 -1 10 -1 14 -1 11 -1 13 -1 15 -1 
14 -1 12 -1 12 -1 13 -1 14 -1 17 -1 9 -1 12 -1 12 -1 11 -1 
16 -1 15 -1 13 -1 11 -1 11 -1 15 -1 12 -1 15 -1 14 -1 14 -1 
15 -1 13 -1 15 -1 15 -1 17 -1 17 -1 15 -1 13 -1 15 -1 13 -1 
12 -1 14 -1 14 -1 16 -1 15 -1 19 -1 22 -1 15 -1 13 -1 14 -1 
15 -1 24 -1 18 -1 19 -1 25 -1 20 -1 19 -1 15 -1 17 -1 18 -1 
13 -1 14 -1 12 -1 17 -1 17 -1 14 -1 14 -1 13 -1 14 -1 15 -1 
13 -1 13 -1 19 -1 22 -1 17 -1 13 -1 15 -1 17 -1 19 -1 22 -1 
26 -1 18 -1 17 -1 14 -1 12 -1 15 -1 15 -1 13 -1 15 -1 14 -1 
12 -1 14 -1 10 -1 13 -1 11 -1 13 -1 9 -1 14 -1 21 -1 19 -1 
16 -1 19 -1 11 -1 9 -1 10 -1 14 -1 12 -1 17 -1 19 -1 22 -1 
15 -1 14 -1 9 -1 14 -1 17 -1 20 -1 15 -1 13 -1 14 -1 16 -1 
17 -1 13 -1 14 -1 14 -1 10 -1 10 -1 12 -1 11 -1 11 -1 8 -1 
12 -1 12 -1 12 -1 10 -1 15 -1 13 -1 12 -1 13 -1 16 -1 19 -1 
14 -1 9 -1 10 -1 7 -1 8 -1 7 -1 9 -1 13 -1 16 -1 12 -1 
6 -1 6 -1 8 -1 10 -1 10 -1 7 -1 6 -1 11 -1 13 -1 11 -1 
11 -1 10 -1 8 -1 5 -1 7 -1 8 -1 10 -1 11 -1 9 -1 3 -1 
4 -1 6 -1 13 -1 15 -1 7 -1 8 -1 6 -1 8 -1 8 -1 11 -1 
12 -1 12 -1 14 -1 12 -1 11 -1 7 -1 7 -1 9 -1 3 -1 2 -1 
0 -1 1 -1 2 -1 5 -1 2 -1 4 -1 8 -1 6 -1 7 -1 6 -1 
7 -1 7 -1 8 -1 8 -1 6 -1 7 -1 6 -1 6 -1 8 -1 4 -1 
1 -1 0 -1 4 -1 7 -1 7 -1 9 -1 4 -1 1 -1 2 -1 3 -1 
3 -1 7 -1 7 -1 5 -1 2 -1 2 -1 4 -1 7 -1 7 -1 5 -1 
3 -1 5 -1 3 -1 3 -1 5 -1 0 -1 0 -1 0 -1 3 -1 6 -1 
9 -1 9 -1 3 -1 4 -1 5 -1 5 -1 7 -1 9 -1 8 -1 9 -1 
2 -1 2 -1 4 -1 3 -1 3 -1 6 -1 11 -1 10 -1 7 -1 9 -1 
9 -1 6 -1 8 -1 9 -1 4 -1 6 -1 9 -1 13 -1 6 -1 5 -1 
12 -1 11 -1 8 -1 4 -1 7 -1 14 -1 12 -1 7 -1 4 -1 10 -1 
10 -1 5 -1 4 -1 8 -1 4 -1 9 -1 5 -1 5 -1 8 -1 9 -1 
3 -1 6 -1 6 -1 10 -1 15 -1 8 -1 5 -1 4 -1 4 -1 5 -1 
6 -1 8 -1 11 -1 7 -1 9 -1 7 -1 6 -1 6 -1 8 -1 6 -1 
13 -1 9 -1 4 -1 5 -1 14 -1 10 -1 8 -1 9 -1 5 -1 10 -1 
13 -1 10 -1 8 -1 9 -1 7 -1 5 -1 9 -1 7 -1 8 -1 10 -1 
10 -1 8 -1 10 -1 15 -1 13 -1 9 -1 9 -1 13 -1 7 -1 10 -1 
6 -1 9 -1 12 -1 13 -1 17 -1 16 -1 11 -1 10 -1 14 -1 10 -1 
9 -1 11 -1 14 -1 18 -1 12 -1 10 -1 9 -1 8 -1 12 -1 12 -1 
10 -1 13 -1 16 -1 15 -1 12 -1 12 -1 12 -1 13 -1 16 -1 15 -1 
10 -1 10 -1 11 -1 11 -1 13 -1 12 -1 10 -1 13 -1 13 -1 12 -1 
12 -1 18 -1 15 -1 15 -1 13 -1 15 -1 13 -1 13 -1 13 -1 12 -1 
10 -1 15 -1 15 -1 13 -1 13 -1 15 -1 16 -1 15 -1 17 -1 16 -1 
18 -1 15 -1 10 -1 11 -1 14 -1 12 -1 12 -1 16 -1 15 -1 13 -1 
10 -1 9 -1 10 -1 11 -1 12 -1 12 -1 11 -1 13 -1 13 -1 11 -1 
15 -1 12 -1 16 -1 14 -1 10 -1 15 -1 10 -1 12 -1 13 -1 14 -1 
14 -1 18 -1 17 -1 13 -1 16 -1 14 -1 16 -1 20 -1 22 -1 17 -1 
15 -1 16 -1 13 -1 12 -1 14 -1 17 -1 21 -1 16 -1 13 -1 14 -1 
14 -1 15 -1 19 -1 17 -1 14 -1 16 -1 19 -1 20 -1 20 -1 19 -1 
22 -1 20 -1 22 -1 20 -1 15 -1 20 -1 21 -1 16 -1 14 -1 14 -1 
21 -1 15 -1 15 -1 13 -1 13 -1 12 -1 15 -1 17 -1 15 -1 16 -1 
16 -1 15 -1 12 -1 10 -1 11 -1 12 -1 10 -1 10 -1 13 -1 13 -1 
12 -1 12 -1 7 -1 11 -1 10 -1 7 -1 6 -1 5 -1 9 -1 15 -1 
15 -1 11 -1 11 -1 11 -1 9 -1 6 -1 6 -1 7 -1 8 -1 8 -1 
10 -1 14 -1 16 -1 14 -1 10 -1 12 -1 13 -1 8 -1 10 -1 12 -1 
12 -1 13 -1 13 -1 13 -1 10 -1 13 -1 11 -1 13 -1 11 -1 13 -1 
12 -1 6 -1 10 -1 14 -1 11 -1 6 -1 4 -1 4 -1 7 -1 8 -1 
7 -1 6 -1 7 -1 13 -1 11 -1 6 -1 8 -1 12 -1 9 -1 7 -1 
9 -1 11 -1 10 -1 5 -1 7 -1 5 -1 7 -1 9 -1 7 -1 8 -1 
7 -1 4 -1 6 -1 7 -1 8 -1 9 -1 4 -1 3 -1 1 -1 2 -1 
6 -1 11 -1 6 -1 6 -1 8 -1 7 -1 3 -1 3 -1 6 -1 4 -1 
5 -1 8 -1 9 -1 9 -1 7 -1 8 -1 8 -1 8 -1 8 -1 8 -1 
2 -1 4 -1 5 -1 6 -1 8 -1 6 -1 7 -1 4 -1 5 -1 7 -1 
3 -1 2 -1 5 -1 6 -1 0 -1 0 -1 7 -1 12 -1 9 -1 9 -1 
9 -1 10 -1 7 -1 8 -1 8 -1 8 -1 4 -1 6 -1 9 -1 9 -1 
10 -1 10 -1 9 -1 7 -1 5 -1 8 -1 13 -1 14 -1 8 -1 5 -1 
3 -1 5 -1 10 -1 11 -1 10 -1 9 -1 13 -1 6 -1 8 -1 6 -1 
8 -1 11 -1 10 -1 10 -1 10 -1 10 -1 5 -1 9 -1 10 -1 11 -1 
12 -1 10 -1 8 -1 9 -1 5 -1 7 -1 6 -1 4 -1 5 -1 11 -1 
7 -1 12 -1 13 -1 8 -1 8 -1 12 -1 7 -1 7 -1 3 -1 10 -1 
15 -1 10 -1 9 -1 9 -1 13 -1 7 -1 9 -1 7 -1 6 -1 6 -1 
5 -1 6 -1 8 -1 9 -1 12 -1 13 -1 16 -1 12 -1 11 -1 10 -1 
10 -1 12 -1 8 -1 10 -1 7 -1 11 -1 12 -1 12 -1 11 -1 14 -1 
12 -1 9 -1 9 -1 9 -1 11 -1 10 -1 12 -1 11 -1 8 -1 7 -1 
13 -1 14 -1 10 -1 7 -1 10 -1 10 -1 10 -1 12 -1 13 -1 8 -1 
5 -1 9 -1 7 -1 10 -1 10 -1 16 -1 15 -1 14 -1 15 -1 14 -1 
14 -1 15 -1 17 -1 17 -1 12 -1 11 -1 13 -1 13 -1 12 -1 15 -1 
12 -1 12 -1 13 -1 10 -1 12 -1 16 -1 15 -1 11 -1 13 -1 15 -1 
14 -1 15 -1 13 -1 20 -1 18 -1 12 -1 16 -1 13 -1 17 -1 15 -1 
13 -1 11 -1 16 -1 20 -1 18 -1 19 -1 17 -1 17 -1 12 -1 11 -1 
16 -1 16 -1 13 -1 13 -1 15 -1 12 -1 14 -1 16 -1 18 -1 18 -1 
18 -1 11 -1 11 -1 12 -1 14 -1 13 -1 12 -1 10 -1 13 -1 18 -1 
13 -1 11 -1 10 -1 14 -1 13 -1 12 -1 14 -1 11 -1 13 -1 15 -1 
14 -1 15 -1 18 -1 15 -1 15 -1 15 -1 15 -1 16 -1 13 -1 13 -1 
14 -1 15 -1 16 -1 14 -1 16 -1 18 -1 18 -1 14 -1 16 -1 14 -1 
13 -1 11 -1 15 -1 11 -1 13 -1 12 -1 8 -1 10 -1 12 -1 14 -1 
19 -1 14 -1 13 -1 10 -1 13 -1 11 -1 15 -1 11 -1 12 -1 14 -1 
10 -1 14 -1 13 -1 15 -1 14 -1 12 -1 13 -1 16 -1 17 -1 9 -1 
10 -1 7 -1 8 -1 14 -1 15 -1 11 -1 9 -1 10 -1 9 -1 8 -1 
9 -1 12 -1 12 -1 9 -1 9 -1 10 -1 11 -1 12 -1 11 -1 10 -1 
12 -1 9 -1 13 -1 11 -1 13 -1 13 -1 10 -1 13 -1 9 -1 11 -1 
10 -1 8 -1 11 -1 12 -1 6 -1 9 -1 13 -1 14 -1 9 -1 4 -1 
3 -1 3 -1 5 -1 5 -1 7 -1 9 -1 9 -1 4 -1 6 -1 4 -1 
6 -1 7 -1 7 -1 9 -1 8 -1 9 -1 12 -1 9 -1 9 -1 8 -1 
8 -1 9 -1 6 -1 7 -1 10 -1 10 -1 8 -1 9 -1 10 -1 12 -1 
7 -1 7 -1 11 -1 9 -1 10 -1 3 -1 5 -1 8 -1 2 -1 4 -1 
8 -1 11 -1 4 -1 5 -1 10 -1 5 -1 2 -1 7 -1 8 -1 8 -1 
10 -1 8 -1 7 -1 7 -1 7 -1 9 -1 9 -1 7 -1 2 -1 2 -1 
3 -1 1 -1 2 -1 7 -1 7 -1 8 -1 8 -1 8 -1 8 -1 0 -1 
0 -1 0 -1 7 -1 7 -1 8 -1 4 -1 5 -1 5 -1 6 -1 8 -1 
7 -1 5 -1 4 -1 6 -1 9 -1 7 -1 10 -1 10 -1 11 -1 10 -1 
11 -1 11 -1 8 -1 9 -1 11 -1 11 -1 9 -1 6 -1 8 -1 8 -1 
8 -1 8 -1 6 -1 8 -1 8 -1 7 -1 8 -1 9 -1 8 -1 6 -1 
9 -1 6 -1 9 -1 7 -1 6 -1 7 -1 5 -1 9 -1 11 -1 9 -1 
11 -1 7 -1 8 -1 4 -1 8 -1 9 -1 9 -1 10 -1 9 -1 4 -1 
8 -1 5 -1 5 -1 10 -1 11 -1 9 -1 8 -1 11 -1 8 -1 6 -1 
6 -1 9 -1 6 -1 7 -1 10 -1 6 -1 5 -1 6 -1 4 -1 11 -1 
16 -1 10 -1 10 -1 7 -1 7 -1 16 -1 14 -1 12 -1 8 -1 12 -1 
17 -1 9 -1 8 -1 5 -1 4 -1 7 -1 9 -1 9 -1 9 -1 6 -1 
9 -1 18 -1 11 -1 9 -1 9 -1 13 -1 10 -1 10 -1 8 -1 12 -1 
16 -1 11 -1 12 -1 11 -1 9 -1 9 -1 11 -1 15 -1 19 -1 12 -1 
12 -1 12 -1 11 -1 11 -1 7 -1 13 -1 12 -1 16 -1 14 -1 14 -1 
10 -1 8 -1 11 -1 8 -1 14 -1 24 -1 11 -1 10 -1 12 -1 11 -1 
12 -1 10 -1 9 -1 11 -1 13 -1 12 -1 9 -1 11 -1 10 -1 15 -1 
12 -1 13 -1 12 -1 12 -1 11 -1 12 -1 16 -1 12 -1 11 -1 10 -1 
14 -1 11 -1 13 -1 16 -1 12 -1 12 -1 12 -1 12 -1 16 -1 16 -1 
13 -1 15 -1 13 -1 12 -1 14 -1 11 -1 13 -1 12 -1 14 -1 13 -1 
14 -1 14 -1 14 -1 19 -1 16 -1 15 -1 11 -1 12 -1 11 -1 14 -1 
12 -1 15 -1 15 -1 15 -1 12 -1 13 -1 17 -1 15 -1 13 -1 16 -1 
15 -1 14 -1 10 -1 13 -1 19 -1 15 -1 18 -1 14 -1 13 -1 13 -1 
15 -1 14 -1 15 -1 16 -1 14 -1 11 -1 14 -1 13 -1 12 -1 10 -1 
14 -1 16 -1 18 -1 13 -1 10 -1 13 -1 13 -1 10 -1 11 -1 14 -1 
15 -1 14 -1 12 -1 10 -1 12 -1 9 -1 13 -1 15 -1 16 -1 21 -1 
22 -1 17 -1 21 -1 21 -1 18 -1 16 -1 16 -1 17 -1 18 -1 17 -1 
18 -1 18 -1 16 -1 13 -1 12 -1 11 -1 13 -1 16 -1 14 -1 14 -1 
16 -1 11 -1 15 -1 17 -1 17 -1 15 -1 16 -1 16 -1 15 -1 16 -1 
16 -1 19 -1 18 -1 21 -1 15 -1 11 -1 8 -1 9 -1 9 -1 10 -1 
6 -1 8 -1 6 -1 8 -1 8 -1 9 -1 10 -1 10 -1 12 -1 10 -1 
9 -1 10 -1 8 -1 10 -1 13 -1 15 -1 9 -1 10 -1 11 -1 12 -1 
13 -1 11 -1 6 -1 9 -1 10 -1 7 -1 4 -1 7 -1 6 -1 7 -1 
8 -1 5 -1 9 -1 7 -1 5 -1 5 -1 8 -1 11 -1 13 -1 11 -1 
10 -1 4 -1 5 -1 4 -1 5 -1 5 -1 8 -1 8 -1 4 -1 6 -1 
10 -1 8 -1 6 -1 7 -1 10 -1 7 -1 7 -1 8 -1 7 -1 6 -1 
8 -1 7 -1 6 -1 0 -1 1 -1 7 -1 8 -1 8 -1 10 -1 10 -1 
10 -1 11 -1 11 -1 10 -1 7 -1 4 -1 4 -1 5 -1 7 -1 7 -1 
4 -1 5 -1 7 -1 5 -1 7 -1 8 -1 6 -1 7 -1 4 -1 3 -1 
3 -1 7 -1 8 -1 0 -1 0 -1 2 -1 8 -1 1 -1 4 -1 10 -1 
6 -1 6 -1 7 -1 5 -1 6 -1 6 -1 11 -1 10 -1 10 -1 9 -1 
7 -1 7 -1 4 -1 5 -1 6 -1 8 -1 11 -1 8 -1 8 -1 8 -1 
8 -1 4 -1 3 -1 5 -1 10 -1 6 -1 10 -1 9 -1 7 -1 10 -1 
3 -1 5 -1 8 -1 10 -1 7 -1 8 -1 7 -1 8 -1 9 -1 6 -1 
4 -1 9 -1 12 -1 10 -1 11 -1 11 -1 11 -1 8 -1 7 -1 5 -1 
7 -1 9 -1 8 -1 9 -1 8 -1 6 -1 11 -1 13 -1 6 -1 6 -1 
7 -1 8 -1 7 -1 10 -1 8 -1 7 -1 11 -1 16 -1 6 -1 9 -1 
11 -1 13 -1 10 -1 14 -1 11 -1 7 -1 8 -1 9 -1 16 -1 15 -1 
12 -1 6 -1 7 -1 8 -1 10 -1 12 -1 10 -1 10 -1 6 -1 9 -1 
11 -1 14 -1 11 -1 6 -1 7 -1 11 -1 9 -1 12 -1 16 -1 17 -1 
15 -1 13 -1 15 -1 13 -1 14 -1 14 -1 15 -1 21 -1 10 -1 9 -1 
12 -1 12 -1 11 -1 13 -1 10 -1 10 -1 8 -1 13 -1 16 -1 16 -1 
14 -1 13 -1 12 -1 12 -1 12 -1 15 -1 15 -1 16 -1 16 -1 14 -1 
18 -1 16 -1 16 -1 14 -1 15 -1 14 -1 13 -1 13 -1 13 -1 13 -1 
12 -1 12 -1 13 -1 14 -1 15 -1 13 -1 12 -1 13 -1 13 -1 13 -1 
11 -1 10 -1 12 -1 16 -1 14 -1 12 -1 13 -1 10 -1 12 -1 13 -1 
12 -1 13 -1 15 -1 11 -1 13 -1 14 -1 15 -1 12 -1 12 -1 16 -1 
14 -1 11 -1 13 -1 12 -1 15 -1 13 -1 15 -1 13 -1 11 -1 15 -1 
13 -1 15 -1 13 -1 15 -1 17 -1 15 -1 14 -1 14 -1 10 -1 11 -1 
13 -1 14 -1 11 -1 15 -1 16 -1 11 -1 14 -1 10 -1 14 -1 19 -1 
21 -1 17 -1 17 -1 12 -1 13 -1 14 -1 15 -1 14 -1 13 -1 11 -1 
12 -1 12 -1 13 -1 14 -1 17 -1 13 -1 13 -1 14 -1 16 -1 16 -1 
20 -1 12 -1 12 -1 11 -1 12 -1 8 -1 11 -1 16 -1 15 -1 13 -1 
11 -1 11 -1 15 -1 17 -1 18 -1 17 -1 16 -1 16 -1 16 -1 13 -1 
18 -1 12 -1 11 -1 16 -1 15 -1 10 -1 10 -1 15 -1 18 -1 13 -1 
10 -1 11 -1 7 -1 11 -1 7 -1 14 -1 12 -1 9 -1 12 -1 19 -1 
12 -1 12 -1 12 -1 12 -1 11 -1 12 -1 14 -1 11 -1 12 -1 11 -1 
8 -1 10 -1 9 -1 6 -1 9 -1 11 -1 9 -1 7 -1 10 -1 10 -1 
8 -1 9 -1 12 -1 12 -1 12 -1 6 -1 10 -1 11 -1 9 -1 11 -1 
11 -1 13 -1 10 -1 12 -1 12 -1 10 -1 10 -1 9 -1 11 -1 8 -1 
6 -1 8 -1 10 -1 10 -1 9 -1 10 -1 10 -1 4 -1 5 -1 11 -1 
11 -1 10 -1 9 -1 10 -1 9 -1 9 -1 9 -1 9 -1 7 -1 7 -1 
6 -1 6 -1 8 -1 7 -1 8 -1 5 -1 5 -1 5 -1 5 -1 6 -1 
6 -1 6 -1 7 -1 8 -1 3 -1 0 -1 2 -1 8 -1 9 -1 11 -1 
8 -1 5 -1 6 -1 5 -1 4 -1 5 -1 7 -1 4 -1 4 -1 4 -1 
7 -1 10 -1 5 -1 7 -1 9 -1 9 -1 8 -1 6 -1 9 -1 11 -1 
2 -1 2 -1 5 -1 6 -1 7 -1 7 -1 9 -1 9 -1 9 -1 8 -1 
10 -1 7 -1 9 -1 9 -1 3 -1 3 -1 2 -1 1 -1 2 -1 2 -1 
5 -1 7 -1 9 -1 9 -1 7 -1 8 -1 9 -1 6 -1 9 -1 12 -1 
10 -1 5 -1 7 -1 7 -1 9 -1 12 -1 5 -1 5 -1 8 -1 10 -1 
9 -1 11 -1 10 -1 8 -1 6 -1 9 -1 6 -1 9 -1 9 -1 6 -1 
10 -1 11 -1 6 -1 8 -1 11 -1 11 -1 6 -1 6 -1 11 -1 6 -1 
10 -1 8 -1 11 -1 12 -1 9 -1 6 -1 5 -1 7 -1 11 -1 16 -1 
9 -1 8 -1 10 -1 12 -1 10 -1 8 -1 5 -1 9 -1 6 -1 7 -1 
12 -1 12 -1 7 -1 9 -1 8 -1 14 -1 9 -1 7 -1 6 -1 12 -1 
5 -1 7 -1 8 -1 7 -1 9 -1 7 -1 10 -1 13 -1 13 -1 10 -1 
10 -1 9 -1 16 -1 21 -1 16 -1 8 -1 9 -1 12 -1 9 -1 12 -1 
10 -1 12 -1 11 -1 14 -1 15 -1 15 -1 10 -1 10 -1 10 -1 8 -1 
8 -1 11 -1 12 -1 9 -1 14 -1 11 -1 11 -1 12 -1 7 -1 11 -1 
14 -1 18 -1 15 -1 13 -1 16 -1 20 -1 11 -1 12 -1 10 -1 12 -1 
12 -1 12 -1 9 -1 8 -1 14 -1 12 -1 10 -1 11 -1 10 -1 12 -1 
11 -1 9 -1 13 -1 10 -1 14 -1 14 -1 14 -1 13 -1 11 -1 17 -1 
12 -1 13 -1 15 -1 15 -1 16 -1 16 -1 16 -1 11 -1 8 -1 13 -1 
13 -1 12 -1 13 -1 16 -1 12 -1 12 -1 15 -1 11 -1 11 -1 12 -1 
13 -1 11 -1 12 -1 11 -1 13 -1 15 -1 12 -1 11 -1 11 -1 12 -1 
14 -1 16 -1 12 -1 12 -1 12 -1 11 -1 13 -1 15 -1 16 -1 11 -1 
15 -1 10 -1 13 -1 12 -1 16 -1 16 -1 16 -1 15 -1 15 -1 17 -1 
21 -1 13 -1 10 -1 9 -1 12 -1 10 -1 11 -1 13 -1 15 -1 14 -1 
12 -1 13 -1 12 -1 14 -1 17 -1 10 -1 9 -1 10 -1 11 -1 9 -1 
11 -1 11 -1 10 -1 10 -1 13 -1 18 -1 18 -1 15 -1 13 -1 11 -1 
13 -1 13 -1 11 -1 10 -1 13 -1 12 -1 15 -1 10 -1 10 -1 12 -1 
13 -1 11 -1 12 -1 13 -1 14 -1 20 -1 16 -1 13 -1 10 -1 7 -1 
14 -1 17 -1 16 -1 10 -1 9 -1 7 -1 10 -1 10 -1 14 -1 7 -1 
8 -1 7 -1 10 -1 9 -1 9 -1 11 -1 17 -1 16 -1 13 -1 11 -1 
7 -1 9 -1 9 -1 11 -1 11 -1 11 -1 9 -1 7 -1 9 -1 9 -1 
10 -1 12 -1 16 -1 11 -1 12 -1 12 -1 11 -1 10 -1 10 -1 10 -1 
8 -1 6 -1 9 -1 12 -1 7 -1 9 -1 5 -1 4 -1 6 -1 10 -1 
7 -1 8 -1 9 -1 10 -1 11 -1 10 -1 6 -1 6 -1 5 -1 8 -1 
13 -1 12 -1 5 -1 6 -1 7 -1 9 -1 4 -1 3 -1 4 -1 6 -1 
11 -1 11 -1 9 -1 9 -1 9 -1 7 -1 8 -1 9 -1 6 -1 7 -1 
8 -1 8 -1 2 -1 3 -1 4 -1 5 -1 5 -1 4 -1 4 -1 5 -1 
9 -1 7 -1 5 -1 2 -1 4 -1 8 -1 5 -1 7 -1 9 -1 9 -1 
6 -1 7 -1 6 -1 6 -1 1 -1 2 -1 4 -1 6 -1 5 -1 7 -1 
8 -1 8 -1 9 -1 9 -1 8 -1 8 -1 8 -1 9 -1 5 -1 8 -1 
8 -1 4 -1 7 -1 7 -1 7 -1 9 -1 11 -1 9 -1 5 -1 4 -1 
4 -1 8 -1 5 -1 9 -1 9 -1 9 -1 10 -1 8 -1 10 -1 11 -1 
9 -1 5 -1 6 -1 5 -1 5 -1 7 -1 6 -1 4 -1 7 -1 8 -1 
9 -1 10 -1 7 -1 9 -1 10 -1 6 -1 9 -1 9 -1 10 -1 7 -1 
9 -1 15 -1 7 -1 5 -1 9 -1 7 -1 14 -1 14 -1 14 -1 19 -1 
17 -1 13 -1 11 -1 9 -1 10 -1 9 -1 11 -1 6 -1 12 -1 8 -1 
8 -1 8 -1 10 -1 6 -1 4 -1 10 -1 7 -1 14 -1 13 -1 9 -1 
10 -1 11 -1 10 -1 10 -1 9 -1 10 -1 11 -1 13 -1 9 -1 13 -1 
9 -1 11 -1 9 -1 14 -1 19 -1 23 -1 15 -1 9 -1 10 -1 12 -1 
11 -1 12 -1 14 -1 11 -1 10 -1 11 -1 13 -1 11 -1 9 -1 13 -1 
15 -1 18 -1 24 -1 14 -1 10 -1 8 -1 13 -1 11 -1 9 -1 10 -1 
11 -1 10 -1 13 -1 13 -1 11 -1 11 -1 8 -1 9 -1 12 -1 11 -1 
11 -1 11 -1 13 -1 14 -1 15 -1 13 -1 15 -1 16 -1 17 -1 20 -1 
14 -1 12 -1 10 -1 12 -1 12 -1 11 -1 11 -1 11 -1 12 -1 12 -1 
16 -1 14 -1 14 -1 13 -1 16 -1 15 -1 14 -1 13 -1 15 -1 13 -1 
15 -1 17 -1 18 -1 16 -1 17 -1 18 -1 18 -1 22 -1 21 -1 20 -1 
17 -1 15 -1 16 -1 16 -1 15 -1 14 -1 14 -1 15 -1 12 -1 11 -1 
12 -1 14 -1 17 -1 21 -1 23 -1 14 -1 14 -1 15 -1 14 -1 15 -1 
13 -1 13 -1 9 -1 12 -1 15 -1 12 -1 14 -1 16 -1 16 -1 14 -1 
13 -1 11 -1 13 -1 16 -1 14 -1 13 -1 15 -1 14 -1 16 -1 16 -1 
13 -1 15 -1 18 -1 16 -1 16 -1 12 -1 15 -1 14 -1 14 -1 12 -1 
14 -1 16 -1 16 -1 16 -1 14 -1 10 -1 12 -1 11 -1 11 -1 13 -1 
14 -1 15 -1 15 -1 13 -1 13 -1 15 -1 15 -1 14 -1 13 -1 16 -1 
16 -1 15 -1 16 -1 17 -1 18 -1 16 -1 16 -1 14 -1 16 -1 13 -1 
15 -1 11 -1 14 -1 9 -1 6 -1 7 -1 11 -1 15 -1 15 -1 15 -1 
10 -1 8 -1 8 -1 12 -1 10 -1 12 -1 11 -1 13 -1 12 -1 13 -1 
15 -1 12 -1 13 -1 17 -1 14 -1 13 -1 15 -1 14 -1 14 -1 15 -1 
16 -1 14 -1 12 -1 13 -1 11 -1 11 -1 12 -1 6 -1 10 -1 13 -1 
13 -1 11 -1 13 -1 12 -1 10 -1 10 -1 8 -1 9 -1 10 -1 8 -1 
8 -1 12 -1 10 -1 8 -1 9 -1 6 -1 7 -1 10 -1 11 -1 11 -1 
12 -1 10 -1 11 -1 8 -1 9 -1 9 -1 8 -1 5 -1 6 -1 12 -1 
8 -1 6 -1 2 -1 3 -1 6 -1 6 -1 7 -1 7 -1 7 -1 10 -1 
8 -1 6 -1 8 -1 10 -1 6 -1 9 -1 9 -1 6 -1 5 -1 4 -1 
5 -1 8 -1 12 -1 13 -1 11 -1 6 -1 7 -1 12 -1 7 -1 7 -1 
10 -1 5 -1 6 -1 8 -1 8 -1 9 -1 9 -1 5 -1 7 -1 8 -1 
8 -1 8 -1 8 -1 9 -1 9 -1 7 -1 8 -1 9 -1 9 -1 8 -1 
9 -1 10 -1 5 -1 6 -1 6 -1 6 -1 8 -1 9 -1 3 -1 4 -1 
8 -1 11 -1 12 -1 12 -1 10 -1 10 -1 9 -1 11 -1 7 -1 8 -1 
7 -1 5 -1 8 -1 10 -1 6 -1 8 -1 9 -1 9 -1 11 -1 15 -1 
10 -1 10 -1 5 -1 9 -1 8 -1 5 -1 13 -1 15 -1 13 -1 11 -1 
6 -1 4 -1 5 -1 6 -1 10 -1 10 -1 10 -1 9 -1 5 -1 13 -1 
16 -1 8 -1 8 -1 11 -1 10 -1 8 -1 10 -1 8 -1 12 -1 9 -1 
13 -1 14 -1 10 -1 8 -1 6 -1 12 -1 11 -1 8 -1 12 -1 13 -1 
5 -1 13 -1 8 -1 11 -1 8 -1 11 -1 12 -1 8 -1 15 -1 10 -1 
11 -1 9 -1 6 -1 14 -1 11 -1 7 -1 12 -1 11 -1 14 -1 11 -1 
13 -1 15 -1 14 -1 9 -1 7 -1 11 -1 16 -1 12 -1 9 -1 11 -1 
10 -1 16 -1 17 -1 7 -1 8 -1 11 -1 11 -1 10 -1 15 -1 12 -1 
13 -1 12 -1 14 -1 13 -1 12 -1 11 -1 11 -1 11 -1 10 -1 11 -1 
12 -1 17 -1 16 -1 16 -1 13 -1 12 -1 12 -1 16 -1 20 -1 14 -1 
11 -1 14 -1 15 -1 19 -1 20 -1 23 -1 16 -1 17 -1 14 -1 13 -1 
11 -1 15 -1 17 -1 19 -1 15 -1 9 -1 12 -1 12 -1 14 -1 14 -1 
14 -1 17 -1 18 -1 16 -1 11 -1 9 -1 12 -1 15 -1 16 -1 13 -1 
12 -1 13 -1 12 -1 13 -1 17 -1 19 -1 16 -1 13 -1 13 -1 16 -1 
14 -1 15 -1 12 -1 12 -1 15 -1 16 -1 16 -1 20 -1 20 -1 16 -1 
16 -1 16 -1 14 -1 16 -1 15 -1 14 -1 13 -1 16 -1 18 -1 16 -1 
15 -1 15 -1 15 -1 17 -1 18 -1 19 -1 19 -1 19 -1 20 -1 15 -1 
15 -1 16 -1 14 -1 13 -1 16 -1 17 -1 13 -1 15 -1 18 -1 20 -1 
22 -1 19 -1 19 -1 20 -1 18 -1 18 -1 20 -1 21 -1 18 -1 17 -1 
17 -1 12 -1 15 -1 15 -1 14 -1 12 -1 12 -1 15 -1 17 -1 17 -1 
16 -1 16 -1 13 -1 13 -1 9 -1 9 -1 11 -1 10 -1 9 -1 12 -1 
13 -1 15 -1 14 -1 14 -1 19 -1 12 -1 14 -1 11 -1 13 -1 13 -1 
15 -1 13 -1 14 -1 12 -1 8 -1 11 -1 10 -1 12 -1 8 -1 9 -1 
9 -1 10 -1 9 -1 8 -1 11 -1 11 -1 14 -1 15 -1 14 -1 13 -1 
14 -1 14 -1 11 -1 14 -1 10 -1 10 -1 10 -1 10 -1 9 -1 12 -1 
13 -1 12 -1 11 -1 11 -1 9 -1 8 -1 8 -1 11 -1 11 -1 7 -1 
5 -1 11 -1 9 -1 9 -1 10 -1 9 -1 10 -1 10 -1 12 -1 13 -1 
6 -1 2 -1 1 -1 2 -1 6 -1 8 -1 7 -1 9 -1 10 -1 7 -1 
7 -1 8 -1 8 -1 6 -1 9 -1 10 -1 9 -1 11 -1 10 -1 10 -1 
8 -1 6 -1 5 -1 4 -1 5 -1 4 -1 2 -1 1 -1 0 -1 2 -1 
8 -1 6 -1 7 -1 9 -1 6 -1 5 -1 7 -1 6 -1 7 -1 9 -1 
8 -1 8 -1 7 -1 7 -1 3 -1 1 -1 2 -1 5 -1 5 -1 5 -1 
7 -1 5 -1 1 -1 3 -1 5 -1 7 -1 4 -1 5 -1 9 -1 11 -1 
8 -1 7 -1 3 -1 7 -1 8 -1 8 -1 7 -1 7 -1 7 -1 5 -1 
7 -1 10 -1 7 -1 7 -1 5 -1 3 -1 5 -1 6 -1 6 -1 6 -1 
9 -1 8 -1 5 -1 8 -1 7 -1 5 -1 7 -1 6 -1 4 -1 6 -1 
7 -1 4 -1 8 -1 8 -1 8 -1 6 -1 8 -1 8 -1 7 -1 5 -1 
7 -1 13 -1 7 -1 7 -1 8 -1 7 -1 6 -1 8 -1 7 -1 9 -1 
9 -1 10 -1 8 -1 7 -1 12 -1 7 -1 6 -1 9 -1 5 -1 9 -1 
5 -1 11 -1 13 -1 10 -1 6 -1 5 -1 9 -1 11 -1 9 -1 7 -1 
9 -1 9 -1 10 -1 10 -1 11 -1 10 -1 8 -1 11 -1 7 -1 7 -1 
13 -1 12 -1 9 -1 10 -1 9 -1 12 -1 10 -1 13 -1 11 -1 8 -1 
9 -1 9 -1 13 -1 8 -1 8 -1 10 -1 8 -1 12 -1 15 -1 13 -1 
11 -1 11 -1 8 -1 9 -1 11 -1 12 -1 9 -1 11 -1 13 -1 13 -1 
16 -1 10 -1 11 -1 12 -1 13 -1 15 -1 21 -1 14 -1 14 -1 12 -1 
13 -1 14 -1 17 -1 17 -1 16 -1 18 -1 13 -1 13 -1 10 -1 14 -1 
16 -1 16 -1 14 -1 18 -1 16 -1 14 -1 12 -1 10 -1 12 -1 12 -1 
12 -1 17 -1 16 -1 12 -1 12 -1 11 -1 12 -1 12 -1 16 -1 16 -1 
13 -1 11 -1 10 -1 14 -1 12 -1 14 -1 13 -1 15 -1 14 -1 14 -1 
15 -1 16 -1 14 -1 17 -1 18 -1 22 -1 19 -1 15 -1 15 -1 14 -1 
10 -1 11 -1 15 -1 14 -1 14 -1 13 -1 14 -1 14 -1 20 -1 15 -1 
17 -1 16 -1 16 -1 13 -1 16 -1 16 -1 12 -1 12 -1 14 -1 14 -1 
14 -1 12 -1 13 -1 15 -1 16 -1 17 -1 15 -1 15 -1 13 -1 14 -1 
17 -1 15 -1 18 -1 12 -1 14 -1 13 -1 16 -1 20 -1 17 -1 15 -1 
16 -1 16 -1 17 -1 19 -1 19 -1 17 -1 19 -1 19 -1 19 -1 17 -1 
14 -1 10 -1 13 -1 15 -1 15 -1 12 -1 9 -1 11 -1 15 -1 11 -1 
11 -1 15 -1 15 -1 13 -1 12 -1 14 -1 16 -1 17 -1 16 -1 18 -1 
20 -1 14 -1 10 -1 11 -1 13 -1 15 -1 14 -1 11 -1 12 -1 14 -1 
17 -1 15 -1 15 -1 15 -1 14 -1 18 -1 16 -1 18 -1 15 -1 9 -1 
10 -1 12 -1 13 -1 11 -1 13 -1 14 -1 14 -1 11 -1 12 -1 13 -1 
11 -1 10 -1 8 -1 11 -1 9 -1 13 -1 13 -1 12 -1 14 -1 16 -1 
13 -1 7 -1 4 -1 6 -1 13 -1 10 -1 12 -1 11 -1 10 -1 9 -1 
8 -1 13 -1 9 -1 9 -1 8 -1 5 -1 4 -1 7 -1 10 -1 10 -1 
10 -1 8 -1 6 -1 4 -1 6 -1 9 -1 9 -1 8 -1 8 -1 8 -1 
10 -1 6 -1 6 -1 6 -1 7 -1 10 -1 7 -1 7 -1 11 -1 5 -1 
4 -1 6 -1 9 -1 7 -1 8 -1 8 -1 9 -1 7 -1 10 -1 8 -1 
7 -1 5 -1 5 -1 3 -1 5 -1 9 -1 7 -1 7 -1 7 -1 7 -1 
9 -1 4 -1 5 -1 10 -1 10 -1 9 -1 5 -1 5 -1 7 -1 9 -1 
10 -1 11 -1 9 -1 11 -1 6 -1 8 -1 9 -1 9 -1 9 -1 10 -1 
9 -1 6 -1 8 -1 7 -1 7 -1 6 -1 5 -1 6 -1 9 -1 5 -1 
8 -1 10 -1 7 -1 7 -1 8 -1 6 -1 6 -1 6 -1 8 -1 7 -1 
9 -1 8 -1 7 -1 7 -1 7 -1 8 -1 9 -1 9 -1 6 -1 6 -1 
7 -1 7 -1 8 -1 2 -1 5 -1 11 -1 8 -1 7 -1 6 -1 9 -1 
8 -1 7 -1 10 -1 10 -1 7 -1 3 -1 5 -1 10 -1 14 -1 12 -1 
9 -1 7 -1 10 -1 10 -1 3 -1 7 -1 11 -1 16 -1 9 -1 6 -1 
5 -1 10 -1 16 -1 9 -1 4 -1 11 -1 8 -1 10 -1 11 -1 10 -1 
9 -1 11 -1 14 -1 9 -1 9 -1 6 -1 9 -1 9 -1 11 -1 10 -1 
7 -1 7 -1 15 -1 14 -1 10 -1 11 -1 10 -1 6 -1 10 -1 9 -1 
10 -1 12 -1 11 -1 13 -1 14 -1 18 -1 13 -1 14 -1 14 -1 15 -1 
11 -1 13 -1 11 -1 12 -1 18 -1 19 -1 15 -1 13 -1 11 -1 8 -1 
12 -1 13 -1 14 -1 13 -1 12 -1 8 -1 10 -1 9 -1 8 -1 15 -1 
12 -1 10 -1 11 -1 13 -1 12 -1 8 -1 14 -1 14 -1 12 -1 13 -1 
13 -1 16 -1 17 -1 20 -1 20 -1 19 -1 15 -1 14 -1 11 -1 11 -1 
14 -1 11 -1 12 -1 13 -1 13 -1 13 -1 17 -1 14 -1 15 -1 13 -1 
13 -1 13 -1 10 -1 12 -1 14 -1 14 -1 13 -1 13 -1 15 -1 13 -1 
