q -1 12 -1 6 -1 3 -1 2 -1 3 -1 4 -1 5 -1 2 -1 1 -1 3 -1 7 -1 11 -1 p -1 s -1 t -1 t -1 r -1 13 -1 13 -1 15 -1 13 -1 15 -1 s -1 t -1 t -1 r -1 13 -1 8 -1 4 -1 2 -1 2 -1 4 -1 6 -1 4 -1 3 -1 3 -1 4 -1 10 -1 15 -1 r -1 14 -1 9 -1 5 -1 7 -1 11 -1 15 -1 q -1 13 -1 10 -1 10 -1 12 -1 p -1 15 -1 10 -1 6 -1 4 -1 8 -1 13 -1 q
15 -1 8 -1 3 -1 2 -1 3 -1 8 -1 15 -1 s -1 t -1 r -1 13 -1 6 -1 6 -1 9 -1 12 -1 11 -1 8 -1 5 -1 9 -1 15 -1 s -1 t -1 r -1 13 -1 6 -1 2 -1 2 -1 6 -1 13 -1 p -1 10 -1 6 -1 3 -1 2 -1 6 -1 12 -1 q -1 t -1 s -1 15 -1 7 -1 4 -1 6 -1 10 -1 8 -1 10 -1 7 -1 4 -1 5 -1 12 -1 r -1 t -1 s -1 13 -1 8 -1 3 -1 2 -1 4 -1 8 -1 13
t -1 r -1 13 -1 7 -1 3 -1 4 -1 10 -1 13 -1 8 -1 3 -1 2 -1 3 -1 6 -1 10 -1 6 -1 3 -1 2 -1 6 -1 13 -1 s -1 t -1 q -1 12 -1 11 -1 p -1 p -1 11 -1 12 -1 q -1 t -1 s -1 15 -1 7 -1 3 -1 2 -1 5 -1 10 -1 8 -1 4 -1 2 -1 2 -1 6 -1 12 -1 12 -1 6 -1 3 -1 5 -1 10 -1 p -1 s -1 t -1 s -1 p -1 10 -1 6 -1 6 -1 7 -1 13 -1 r -1 t
p -1 10 -1 5 -1 4 -1 2 -1 2 -1 5 -1 12 -1 r -1 t -1 s -1 15 -1 10 -1 6 -1 2 -1 2 -1 2 -1 2 -1 2 -1 3 -1 7 -1 11 -1 14 -1 r -1 s -1 r -1 12 -1 5 -1 2 -1 2 -1 4 -1 8 -1 14 -1 r -1 q -1 13 -1 7 -1 3 -1 4 -1 11 -1 q -1 t -1 r -1 12 -1 9 -1 12 -1 15 -1 p -1 14 -1 10 -1 10 -1 q -1 t -1 s -1 p -1 9 -1 4 -1 6 -1 10 -1 14
q -1 11 -1 11 -1 q -1 t -1 t -1 p -1 10 -1 4 -1 6 -1 10 -1 13 -1 9 -1 5 -1 5 -1 11 -1 p -1 t -1 t -1 15 -1 10 -1 15 -1 q -1 10 -1 5 -1 2 -1 1 -1 1 -1 5 -1 10 -1 14 -1 q -1 r -1 p -1 9 -1 3 -1 3 -1 8 -1 10 -1 15 -1 p -1 10 -1 15 -1 p -1 11 -1 9 -1 4 -1 3 -1 8 -1 14 -1 r -1 r -1 15 -1 10 -1 3 -1 1 -1 1 -1 2 -1 7 -1 13
15 -1 9 -1 5 -1 10 -1 p -1 t -1 t -1 r -1 13 -1 7 -1 4 -1 4 -1 6 -1 5 -1 4 -1 3 -1 9 -1 14 -1 r -1 t -1 s -1 15 -1 9 -1 5 -1 9 -1 13 -1 13 -1 7 -1 4 -1 2 -1 1 -1 2 -1 5 -1 11 -1 q -1 t -1 s -1 p -1 10 -1 5 -1 8 -1 13 -1 11 -1 12 -1 13 -1 9 -1 5 -1 8 -1 15 -1 s -1 t -1 r -1 14 -1 7 -1 2 -1 1 -1 2 -1 4 -1 7 -1 13
t -1 r -1 14 -1 8 -1 3 -1 4 -1 5 -1 5 -1 4 -1 4 -1 8 -1 14 -1 r -1 t -1 s -1 15 -1 9 -1 5 -1 8 -1 13 -1 13 -1 8 -1 4 -1 2 -1 1 -1 2 -1 7 -1 14 -1 s -1 t -1 s -1 15 -1 8 -1 5 -1 9 -1 13 -1 12 -1 13 -1 12 -1 7 -1 5 -1 10 -1 p -1 s -1 t -1 r -1 13 -1 6 -1 2 -1 1 -1 2 -1 5 -1 9 -1 14 -1 11 -1 5 -1 5 -1 10 -1 p -1 s
14 -1 10 -1 4 -1 3 -1 2 -1 5 -1 10 -1 p -1 t -1 t -1 s -1 14 -1 8 -1 3 -1 2 -1 2 -1 2 -1 2 -1 3 -1 8 -1 14 -1 s -1 t -1 r -1 13 -1 7 -1 3 -1 2 -1 3 -1 6 -1 11 -1 15 -1 11 -1 7 -1 5 -1 4 -1 5 -1 11 -1 q -1 t -1 t -1 q -1 11 -1 7 -1 11 -1 11 -1 11 -1 12 -1 8 -1 10 -1 q -1 s -1 t -1 q -1 12 -1 6 -1 4 -1 5 -1 8 -1 13
t -1 r -1 13 -1 8 -1 3 -1 2 -1 2 -1 2 -1 2 -1 3 -1 6 -1 12 -1 q -1 t -1 s -1 15 -1 9 -1 5 -1 3 -1 2 -1 3 -1 8 -1 13 -1 14 -1 9 -1 5 -1 4 -1 6 -1 12 -1 r -1 t -1 t -1 q -1 11 -1 8 -1 12 -1 12 -1 12 -1 12 -1 8 -1 11 -1 p -1 t -1 t -1 q -1 12 -1 5 -1 4 -1 6 -1 9 -1 14 -1 11 -1 5 -1 3 -1 2 -1 4 -1 7 -1 12 -1 q -1 t
s -1 q -1 11 -1 8 -1 13 -1 p -1 13 -1 8 -1 10 -1 p -1 s -1 t -1 p -1 11 -1 5 -1 2 -1 2 -1 3 -1 7 -1 10 -1 5 -1 3 -1 2 -1 5 -1 12 -1 14 -1 9 -1 4 -1 7 -1 13 -1 s -1 t -1 s -1 14 -1 9 -1 9 -1 10 -1 p -1 s -1 t -1 t -1 p -1 9 -1 4 -1 7 -1 13 -1 13 -1 6 -1 2 -1 2 -1 4 -1 8 -1 8 -1 4 -1 2 -1 1 -1 3 -1 8 -1 14 -1 s
t -1 t -1 r -1 14 -1 7 -1 3 -1 6 -1 11 -1 8 -1 7 -1 13 -1 14 -1 9 -1 4 -1 3 -1 6 -1 8 -1 6 -1 6 -1 12 -1 15 -1 10 -1 6 -1 10 -1 14 -1 10 -1 5 -1 3 -1 8 -1 15 -1 r -1 t -1 t -1 t -1 r -1 13 -1 7 -1 3 -1 5 -1 11 -1 15 -1 12 -1 6 -1 2 -1 3 -1 6 -1 8 -1 5 -1 2 -1 4 -1 9 -1 14 -1 11 -1 5 -1 2 -1 3 -1 8 -1 15 -1 s -1 t
10 -1 6 -1 8 -1 5 -1 3 -1 4 -1 8 -1 12 -1 9 -1 12 -1 q -1 t -1 t -1 t -1 r -1 q -1 14 -1 9 -1 4 -1 7 -1 11 -1 11 -1 6 -1 3 -1 1 -1 2 -1 4 -1 9 -1 14 -1 p -1 q -1 15 -1 11 -1 5 -1 3 -1 2 -1 3 -1 6 -1 10 -1 8 -1 5 -1 10 -1 15 -1 q -1 s -1 t -1 t -1 t -1 r -1 14 -1 8 -1 3 -1 3 -1 6 -1 11 -1 14 -1 9 -1 5 -1 5 -1 8
t -1 15 -1 7 -1 3 -1 5 -1 11 -1 15 -1 s -1 q -1 11 -1 4 -1 3 -1 7 -1 15 -1 13 -1 6 -1 2 -1 1 -1 1 -1 5 -1 12 -1 r -1 p -1 9 -1 6 -1 12 -1 r -1 r -1 12 -1 14 -1 q -1 s -1 s -1 15 -1 11 -1 6 -1 3 -1 6 -1 7 -1 2 -1 1 -1 4 -1 11 -1 q -1 p -1 8 -1 3 -1 2 -1 8 -1 12 -1 5 -1 3 -1 8 -1 15 -1 s -1 t -1 p -1 10 -1 15 -1 s
q -1 p -1 14 -1 8 -1 4 -1 2 -1 1 -1 3 -1 6 -1 11 -1 11 -1 6 -1 4 -1 9 -1 14 -1 q -1 r -1 t -1 t -1 t -1 q -1 12 -1 9 -1 12 -1 8 -1 4 -1 3 -1 5 -1 8 -1 6 -1 10 -1 8 -1 5 -1 5 -1 9 -1 14 -1 11 -1 6 -1 3 -1 3 -1 8 -1 14 -1 r -1 t -1 t -1 t -1 s -1 q -1 15 -1 10 -1 5 -1 8 -1 10 -1 6 -1 3 -1 2 -1 3 -1 5 -1 11 -1 p
t -1 p -1 9 -1 3 -1 5 -1 12 -1 5 -1 2 -1 4 -1 10 -1 11 -1 4 -1 2 -1 5 -1 13 -1 p -1 9 -1 9 -1 p -1 p -1 13 -1 14 -1 6 -1 10 -1 9 -1 3 -1 2 -1 8 -1 13 -1 7 -1 2 -1 1 -1 3 -1 8 -1 3 -1 8 -1 q -1 t -1 t -1 r -1 15 -1 15 -1 p -1 r -1 11 -1 4 -1 7 -1 15 -1 13 -1 6 -1 2 -1 4 -1 12 -1 s -1 q -1 10 -1 15 -1 p -1 s -1 t
t -1 q -1 9 -1 3 -1 7 -1 4 -1 1 -1 2 -1 6 -1 13 -1 9 -1 3 -1 2 -1 8 -1 11 -1 6 -1 13 -1 14 -1 p -1 q -1 10 -1 8 -1 p -1 14 -1 6 -1 2 -1 3 -1 10 -1 11 -1 4 -1 2 -1 5 -1 11 -1 6 -1 3 -1 8 -1 15 -1 t -1 t -1 s -1 p -1 p -1 10 -1 p -1 s -1 13 -1 4 -1 2 -1 6 -1 12 -1 15 -1 8 -1 4 -1 10 -1 q -1 q -1 15 -1 15 -1 q -1 t
r -1 11 -1 5 -1 11 -1 q -1 t -1 s -1 15 -1 9 -1 3 -1 2 -1 4 -1 10 -1 7 -1 2 -1 3 -1 10 -1 q -1 q -1 10 -1 7 -1 15 -1 t -1 s -1 15 -1 6 -1 2 -1 4 -1 12 -1 r -1 p -1 8 -1 2 -1 1 -1 3 -1 8 -1 9 -1 3 -1 3 -1 11 -1 q -1 t -1 s -1 15 -1 6 -1 3 -1 9 -1 15 -1 9 -1 4 -1 7 -1 14 -1 q -1 10 -1 9 -1 p -1 11 -1 4 -1 9 -1 q
t -1 15 -1 7 -1 9 -1 q -1 q -1 10 -1 4 -1 2 -1 7 -1 11 -1 5 -1 2 -1 3 -1 9 -1 15 -1 s -1 t -1 q -1 11 -1 5 -1 10 -1 r -1 q -1 9 -1 4 -1 11 -1 p -1 9 -1 10 -1 p -1 15 -1 7 -1 4 -1 9 -1 15 -1 9 -1 3 -1 6 -1 15 -1 s -1 t -1 q -1 11 -1 3 -1 3 -1 9 -1 8 -1 3 -1 1 -1 2 -1 8 -1 p -1 r -1 12 -1 4 -1 2 -1 6 -1 14 -1 s
t -1 p -1 11 -1 q -1 q -1 10 -1 3 -1 1 -1 3 -1 8 -1 13 -1 8 -1 3 -1 5 -1 11 -1 q -1 t -1 s -1 14 -1 6 -1 4 -1 11 -1 q -1 13 -1 5 -1 3 -1 9 -1 q -1 q -1 9 -1 10 -1 p -1 15 -1 8 -1 3 -1 6 -1 13 -1 10 -1 3 -1 4 -1 13 -1 s -1 t -1 p -1 10 -1 3 -1 4 -1 10 -1 14 -1 7 -1 2 -1 1 -1 2 -1 9 -1 q -1 s -1 14 -1 7 -1 13 -1 s
q -1 9 -1 3 -1 5 -1 13 -1 q -1 11 -1 4 -1 6 -1 13 -1 s -1 t -1 r -1 12 -1 6 -1 3 -1 7 -1 13 -1 8 -1 3 -1 1 -1 3 -1 9 -1 q -1 q -1 11 -1 15 -1 s -1 s -1 14 -1 6 -1 14 -1 s -1 r -1 9 -1 2 -1 1 -1 2 -1 6 -1 14 -1 11 -1 4 -1 3 -1 10 -1 p -1 t -1 s -1 13 -1 4 -1 3 -1 9 -1 13 -1 6 -1 3 -1 8 -1 15 -1 p -1 10 -1 9 -1 p
