28 2
104 2
136 2
309 2
327 2
373 2
380 2
391 4
392 4
393 5
394 5
395 4
396 4
397 5
398 6
399 5
400 5
401 7
402 6
403 0
404 5
405 5
406 4
407 5
408 6
409 6
410 5
411 7
412 6
413 6
414 6
415 3
416 3
417 4
418 6
419 7
420 7
421 2
422 5
423 6
424 6
425 4
426 3
427 4
428 5
429 6
430 3
431 0
432 6
433 5
434 2
435 3
436 5
437 4
438 0
439 0
440 0
441 0
442 1
443 0
444 1
445 4
446 5
447 4
448 5
449 3
450 0
451 0
452 2
453 4
454 2
455 4
456 5
457 6
458 7
459 8
460 8
461 4
462 7
463 7
464 6
465 6
466 5
467 5
468 4
469 2
470 4
471 2
472 1
473 1
474 0
475 3
476 4
477 3
478 0
479 1
480 3
481 0
483 3
536 2
604 2
622 2
635 2
722 2
36256 2