10 7
108 4
132 9
172 2
192 5
212 5
261 3
275 4
28 6
11 2
315 1
34 3
140 2
196 6
229 3
296 7
44 8
85 2
103 2
159 1
208 8
270 3
15 5
187 10
288 8
169 2
3 8
32 7
97 5
b 2
163 3
241 8
106 3
115 5
139 1
138 8
148 2
177 10
280 8
67 3
93 7
164 3
236 4
62 3
131 6
206 10
116 9
70 9
161 2
269 9
25 3
230 3
118 6
74 2
120 1
72 3
2 4
21 1
125 7
88 10
9 8
55 7
56 1
186 2
13 1
293 2
45 7
274 8
188 9
80 8
137 9
133 8
39 5
46 4
298 10
248 9
19 10
24 10
253 6
317 6
47 1
228 10
216 6
310 5
166 1
83 10
176 7
289 4
178 1
58 3
124 8
7 7
136 8
305 3
223 8
235 5
182 10
109 9
203 4
198 6
18 7
107 5
8 5
69 1
65 7
251 6
297 8
114 7
262 2
142 9
213 6
94 2
76 5
135 8
199 2
14 9
152 5
27 7
59 8
222 1
168 8
304 2
157 8
64 8
81 7
276 8
284 3
259 8
63 6
245 1
52 9
291 4
190 7
263 8
150 2
244 7
281 3
122 5
268 2
265 7
234 3
77 2
237 9
41 8
49 2
205 5
189 8
143 3
260 1
247 7
54 9
26 2
194 8
266 7
207 8
250 7
219 6
204 4
231 10
92 4
184 1
153 5
201 7
158 4
17 10
309 3
279 1
290 5
191 9
33 7
308 2
104 4
105 4
175 9
146 9
311 1
6 10
89 7
99 3
160 10
68 7
35 3
111 2
129 8
75 10
78 9
149 6
180 1
100 9
226 4
117 8
232 7
202 5
239 9
257 5
130 9
79 5
307 8
73 1
95 3
22 5
252 8
170 7
43 5
66 2
271 9
37 6
141 4
306 5
209 7
313 7
183 9
40 4
285 6
314 7
246 8
214 1
71 3
31 6
126 2
242 4
123 2
110 5
264 7
282 2
221 7
165 7
302 6
316 5
38 9
82 6
215 2
294 9
48 5
167 5
53 9
255 5
96 5
20 1
225 4
185 4
154 5
29 4
278 9
171 8
61 9
210 10
256 3
220 7
5 3
200 2
91 9
156 6
121 7
312 5
128 6
303 1
84 7
98 8
50 4
300 7
4 4
287 1
12 4
134 1
273 9
174 9
193 1
102 1
292 1
286 4
119 8
238 7
218 10
42 2
224 2
243 6
147 5
173 6
295 1
144 3
240 1
36 6