105.0 1
109.0 1
120.0 2
124.0 10
126.0 4
129.0 1
132.0 2
138.0 9
140.0 8
148.0 1
149.0 8
152.0 4
154.0 8
156.0 9
158.0 8
159.0 8
164.0 3
170.0 10
181.0 4
107.0 2
53.0 9
55.0 6
61.0 4
63.0 2
65.0 7
70.0 5
71.0 5
72.0 4
73.0 2
76.0 8
78.0 6
82.0 10
83.0 7
86.0 8
90.0 6
91.0 7
95.0 2
96.0 9
98.0 1
20.0 8
25.0 3
26.0 6
27.0 5
28.0 3
29.0 4
30.0 8
31.0 6
32.0 5
33.0 10
58.0 1
79.0 3
106.0 6
34.0 10
36.0 8
39.0 2
41.0 7
50.0 3
56.0 10
59.0 7
60.0 10
66.0 5
84.0 2
131.0 7
21.0 1
42.0 10
44.0 10
48.0 7
49.0 5
52.0 9
75.0 10
77.0 9
93.0 6
127.0 4
130.0 6
190.0 6
198.0 8
23.0 1
24.0 3
37.0 2
40.0 5
43.0 5
51.0 9
54.0 1
57.0 2
67.0 2
100.0 3
110.0 10
135.0 10
155.0 5
168.0 8
169.0 3
195.0 10
200.0 1
210.0 3
212.0 10
219.0 9
225.0 1
226.0 6
227.0 10
231.0 4
250.0 3
275.0 5
81.0 5
92.0 8
119.0 8
165.0 9
167.0 3
196.0 7
45.0 2
47.0 1
22.0 2
35.0 9
62.0 7
68.0 1
88.0 6
13.0 3
15.0 8
16.0 3
17.0 7
18.0 2
11.0 9
19.0 7
9.0 1
12.0 2
137.0 1
161.0 3
174.0 2
257.0 4
64.0 7
69.0 7
87.0 5
89.0 9
94.0 10
102.0 1
108.0 9
114.0 1
128.0 10
141.0 4
147.0 3
150.0 10
197.0 4
211.0 2
235.0 1
242.0 6
249.0 3
261.0 6
266.0 6
269.0 2
271.0 9
160.0 9
166.0 5
172.0 1
177.0 3
182.0 10
183.0 7
191.0 8
205.0 6
208.0 4
209.0 5
230.0 2
241.0 8
263.0 5
268.0 9
291.0 6
313.0 10
317.0 7
144.0 8
146.0 3
173.0 1
184.0 5
188.0 6
203.0 10
233.0 9
234.0 7
282.0 5
303.0 8
349.0 7
360.0 6
361.0 7
402.0 4
403.0 10
407.0 5
408.0 1
435.0 3
256.0 2
274.0 10
297.0 10
301.0 4
302.0 4
305.0 4
310.0 3
323.0 10
330.0 9
331.0 3
332.0 4
333.0 4
336.0 5
339.0 3
343.0 3
357.0 4
358.0 2
367.0 3
374.0 5
383.0 3
426.0 6
485.0 9
267.0 3
364.0 2
368.0 3
389.0 7
38.0 5
199.0 9
298.0 8
340.0 2
85.0 1
143.0 4
153.0 5
171.0 2
213.0 1
240.0 9
299.0 9
300.0 4
14.0 7
10.0 2
101.0 2
145.0 10
1 10
104.0 8
80.0 4
97.0 3
121.0 4
103.0 7
99.0 1
189.0 5
74.0 10
118.0 8
125.0 1
157.0 5
162.0 7
133.0 3
136.0 10
163.0 4
178.0 10
180.0 10
185.0 9
187.0 4
258.0 4
176.0 4
193.0 2
207.0 5
229.0 7
247.0 8
253.0 3
254.0 9
273.0 2
6.0 4
7.0 6
8.0 5
113.0 5
259.0 4
46.0 1
351.0 10
599.0 1
980.0 7
116.0 2
192.0 4
237.0 8
115.0 1
236.0 1
265.0 4
296.0 6
112.0 7
117.0 5
122.0 1
175.0 1
204.0 7
206.0 2
214.0 7
215.0 3
220.0 5
111.0 6
134.0 7
142.0 10
179.0 9
218.0 10
246.0 3
264.0 8
223.0 9
243.0 10
244.0 4
262.0 2
283.0 1
284.0 9
292.0 3
307.0 8
309.0 2
311.0 6
312.0 8
353.0 4
139.0 7
248.0 1
123.0 10
202.0 4
224.0 2
222.0 1
252.0 3
255.0 9
5.0 7
216.0 6
314.0 7
201.0 8
239.0 10
217.0 10
221.0 3
228.0 2
232.0 2
245.0 3
381.0 6
473.0 5
700.0 5
315.0 2
761.0 3
784.0 10
260.0 6
280.0 7
366.0 7
288.0 7
194.0 1
186.0 2
151.0 8
285.0 7
286.0 3
289.0 2
272.0 3
324.0 4
342.0 10
369.0 4
382.0 6
385.0 8
294.0 5
4.0 6
238.0 8
251.0 5
2.0 7
3.0 3
290.0 8
304.0 6
270.0 3
276.0 2
277.0 8
278.0 4
281.0 2
306.0 8
295.0 2
318.0 10
326.0 7
337.0 10
293.0 2
321.0 7
334.0 2
411.0 4
414.0 9
440.0 10
455.0 8
1.0 1
320.0 10
372.0 6
503.0 10
506.0 1
534.0 7
279.0 10
287.0 6
327.0 10
344.0 4
348.0 8
355.0 6
359.0 2
365.0 4
384.0 5
388.0 5
391.0 8
405.0 7
418.0 10
423.0 9
449.0 2
465.0 9
468.0 3
505.0 7
350.0 6
378.0 2
387.0 10
400.0 8
406.0 2
422.0 1
429.0 2
431.0 4
436.0 9
439.0 1
458.0 6
459.0 8
470.0 8
329.0 5
335.0 6
396.0 4
412.0 3
430.0 2
376.0 5
380.0 5
392.0 7
393.0 6
394.0 3
395.0 2
397.0 9
399.0 2
415.0 8
416.0 9
417.0 6
420.0 8
428.0 4
434.0 9
438.0 2
352.0 7
419.0 5
463.0 7
481.0 9
466.0 7
479.0 10
467.0 7
472.0 6
502.0 10
504.0 9
525.0 7
325.0 1
346.0 7
354.0 1
362.0 7
446.0 2
476.0 7
480.0 3
482.0 1
521.0 7
371.0 9
453.0 1
488.0 3
501.0 6
535.0 9
540.0 6
557.0 7
559.0 9
562.0 8
569.0 3
328.0 1
432.0 1
454.0 2
316.0 3
398.0 3
433.0 6
462.0 1
379.0 6
443.0 7
322.0 1
308.0 7
319.0 2
363.0 3
404.0 7
489.0 4
528.0 1
410.0 5
425.0 4
427.0 9
441.0 8
474.0 1
500.0 3
548.0 2
584.0 6
587.0 1
607.0 10
611.0 7
615.0 7
513.0 1
570.0 2
573.0 3
345.0 3
437.0 8
477.0 7
492.0 6
510.0 4
526.0 6
452.0 4
464.0 5
478.0 5
486.0 10
493.0 5
495.0 6
498.0 4
508.0 7
515.0 3
527.0 8
563.0 9
595.0 6
347.0 4
401.0 8
445.0 4
457.0 3
494.0 5
499.0 2
373.0 3
409.0 6
421.0 3
451.0 9
461.0 8
469.0 9
413.0 2
424.0 5
377.0 9
442.0 10
356.0 4
375.0 2
390.0 2
341.0 2
338.0 3
386.0 1
514.0 10
370.0 3
460.0 10
490.0 6
522.0 9
456.0 4
484.0 5
491.0 4
524.0 7
450.0 9
558.0 5
972.0 2
994.0 1
0.0 3
529.0 9
776.0 5
802.0 1
805.0 5
810.0 3
824.0 4
845.0 10
852.0 4
858.0 2
886.0 9
475.0 9
651.0 1
673.0 6
684.0 6
722.0 8
731.0 10
744.0 9
447.0 2
523.0 3
448.0 10
603.0 9
444.0 5
496.0 1
512.0 4
532.0 10
516.0 9
541.0 4
517.0 10
539.0 10
567.0 7
618.0 10
623.0 7
648.0 1
659.0 4
671.0 3
487.0 4
579.0 9
649.0 3
507.0 6
545.0 2
577.0 2
483.0 4
519.0 9
542.0 1
551.0 9
580.0 5