36 10
37 4
38 4
17 10
39 9
40 5
41 8
18 2
42 5
8 3
43 7
44 9
21 3
45 1
46 3
47 6
48 7
49 8
50 8
51 7
52 3
53 3
29 4
54 1
55 2
56 8
57 3
58 5
3 9
59 6
14 5
60 5
20 7
61 4
62 3
63 6
33 1
34 7
64 5
65 1
66 1
67 3
25 4
22 8
68 7
69 4
70 10
71 5
72 7
73 10
74 6
75 5
76 9
77 4
78 5
79 7
80 2
81 6
82 5
83 5
84 9
85 3
86 9
87 2
19 10
155 10
156 7
157 1
96 4
158 4
26 8
159 10
160 10
161 8
162 10
13 10
163 9
164 7
165 5
166 5
167 3
92 5
168 5
169 9
32 9
170 7
11 3
171 3
9500 6
172 5
173 7
174 4
175 9
147 2
176 9
177 9
178 10
179 8
180 6
181 9
182 2
183 4
30 7
124 7
184 7
185 2
186 7
187 6
188 6
189 4
190 8
191 2
192 9
193 9
194 2
195 10
196 6
197 10
198 3
199 7
200 4
201 5
202 10
203 10
204 2
205 3
206 8
207 9
208 3
209 6
210 9
103 7
31 7
211 5
212 8
23 1
213 5
214 10
215 7
216 5
89 4
217 9
218 9
219 4
220 8
221 8
222 2
223 3
224 10
225 3
226 3
227 7
228 9
229 2
230 5
231 9
232 4
233 8
234 5
235 2
236 10
237 2
238 10
239 3
240 6
241 2
242 1
243 6
244 5
245 10
246 2
247 2
248 9
249 2
250 3
251 6
252 6
253 5
254 5
255 9
256 10
257 8
258 6
259 10
260 1
261 6
262 8
263 9
264 2
265 1
266 2
267 4
268 6
146 8
269 8
270 8
271 9
272 10
273 5
274 3
275 5
140 1
276 3
277 8
126 3
278 1
279 6
24 8
280 3
281 7
282 1
283 5
284 10
285 2
286 4
129 7
287 6
125 7
288 5
289 2
290 5
291 7
292 5
293 9
294 5
295 5
296 10
297 9
298 4
299 6
300 6
301 3
302 2
303 8
304 6
305 1
306 8
307 8
308 3
309 7
310 4
97 6
311 4
312 9
313 6
314 9
315 6
316 1
317 3
318 9
319 4
320 5
321 10
322 2
323 10
324 6
325 7
326 10
327 5
328 7
329 7
330 2
331 4
332 3
333 5
334 2
122 7
335 6
336 1
337 8
338 5
339 9
340 7
341 1
342 10
343 2
344 4
345 1
346 9
101 3
347 3
348 10
349 9
350 4
351 10
352 1
353 4
354 9
27 5
355 1
356 6
357 1
358 5
359 2
372 5
117 4
373 8
374 4
375 3
376 5
377 7
90 1
378 6
379 2
380 3
381 2
382 4
383 1
384 3
385 8
386 2
387 4
388 7
389 6
390 5
391 2
392 10
393 4
12 6
394 3
395 5
396 6
397 4
102 1
400 2
401 8
402 6
136 7
403 8
404 7
405 7
406 5
407 4
408 4
409 9
410 8
411 10
412 4
413 4
414 7
415 2
416 6
417 1
418 2
419 2
420 2
421 1
422 6
423 7
424 7
425 7
426 10
427 1
428 1
429 4
430 7
431 8
432 6
433 10
434 6
435 2
436 1
437 8
438 6
439 2
440 5
441 7
442 8
443 5
444 2
445 6
446 2
447 2
448 3
449 2
450 8
451 4
452 7
398 9
453 6
454 1
455 10
456 5
457 8
458 7
459 3
460 3
461 4
462 1
463 3
464 6
465 1
466 5
467 4
468 5
469 8
470 4
471 10
472 9
473 4
474 1
475 3
476 7
477 2
478 7
479 4
480 1
481 2
482 4
483 4
484 4
485 10
486 8
487 2
488 1
489 1
490 5
491 10
492 3
493 6
494 7
495 10
496 10
497 1
498 1
499 10
500 1
501 7
502 2
503 4
504 7
505 1
506 5
507 9
508 3
509 10
510 2
511 7
512 6
513 7
514 2
515 1
516 2
517 4
518 9
519 4
520 4
521 4
522 7
523 10
524 6
525 7
526 10
527 7
528 8
529 6
530 3
531 6
532 8
533 8
534 7
535 6
536 8
537 4
538 5
539 2
540 1
541 9
542 4
543 9
544 5
545 10
546 5
547 4
548 8
365 8
549 10
363 3
550 10
551 10
552 6
553 8
554 8
555 5
556 6
557 4
558 8
559 4
560 9
561 2
562 3
563 8
564 1
565 4
566 5
567 8
568 3
569 7
570 4
571 1
572 2
573 10
574 1
575 3
135 10
576 5
577 4
578 10
579 8
580 10
581 5
582 4
583 3
584 4
585 6
586 1
587 8
588 9
589 2
590 1
591 10
592 6
593 2
594 1
595 4
596 8
597 6
598 3
599 5
600 8
601 6
602 7
603 6
604 5
605 10
606 4
607 10
608 3
609 8
610 8
611 4
612 2
613 1
614 4
615 2
616 5
617 5
618 4
619 3
620 7
621 4
622 2
623 2
624 2
625 3
626 9
627 9
628 3
629 7
630 7
631 5
632 8
633 8
634 6
635 1
636 6
637 8
638 8
639 10
640 10
641 1
642 1
643 1
644 6
645 3
646 1
647 1
648 2
649 2
650 5
651 5
652 4
653 7
654 9
655 8
656 4
657 4
658 3
659 1
660 6
661 8
662 3
663 5
664 6
665 1
666 5
667 6
668 1
120 5
669 2
670 6
671 10
672 2
673 3
674 9
675 1
676 5
677 1
678 10
679 6
680 6
681 10
682 2
683 7
684 5
685 9
686 5
687 7
688 6
143 6
689 8
690 3
691 3
692 10
693 5
694 5
695 5
696 2
697 1
698 1
699 9
700 1
701 6
702 9
703 6
704 5
705 7
706 6
707 10
708 1
709 6
710 1
711 7
712 9
713 7
714 2
715 6
716 9
717 6
718 7
719 3
720 8
721 1
722 2
723 10
724 7
725 1
726 2
727 3
728 6
729 6
730 4
731 10
732 5
733 8
734 2
752 3
753 4
754 9
755 5
756 10
757 2
758 3
759 3
760 2
761 8
762 10
370 2
763 4
764 10
765 1
737 7
766 1
767 4
768 6
769 5
740 6
770 5
749 4
771 8
772 7
773 6
774 6
775 5
776 1
777 9
778 8
779 1
780 10
781 8
782 5
783 3
784 10
785 3
786 2
787 3
788 4
789 2
790 6
736 7
791 4
104 5
792 2
793 3
794 6
795 7
796 10
797 5
798 7
799 6
800 10
801 7
802 8
803 10
804 10
805 5
806 1
142 3
807 8
808 4
809 4
810 2
811 8
812 4
813 1
814 9
815 3
816 9
817 6
818 7
819 7
820 8
821 5
822 9
823 9
824 6
825 2
826 7
827 3
828 5
829 2
830 10
831 9
832 10
833 6
834 3
835 6
836 10
837 5
839 10
840 8
841 3
842 3
843 6
844 10
845 9
846 4
847 3
848 1
849 9
850 10
851 8
852 4
853 4
854 4
855 9
856 10
857 8
858 8
859 8
860 4
861 6
862 8
863 7
864 2
865 1
866 2
867 3
868 7
869 4
870 7
871 5
872 6
873 9
874 7
875 4
876 1
877 10
878 7
879 4
880 10
881 2
882 6
883 6
746 2
884 10
885 4
886 9
743 10
887 1
888 8
889 1
890 4
891 9
892 1
893 8
894 10
895 2
896 6
897 1
898 4
899 7
900 4
901 2
902 4
903 2
904 3
905 10
744 8
906 6
907 6
908 2
909 2
910 4
911 1
912 4
913 9
914 7
915 4
916 5
152 5
917 5
918 5
919 6
920 1
921 4
922 9
923 7
924 5
925 4
926 5
927 7
928 8
929 2
930 7
931 5
932 10
933 1
934 10
935 4
936 9
937 4
938 4
939 8
940 8
941 9
942 2
943 6
944 10
945 5
946 3
747 8
947 9
948 6
949 10
950 9
951 9
952 2
953 7
954 2
955 2
956 6
360 8
957 1
958 4
959 1
960 4
961 1
962 6
963 5
964 4
965 9
966 7
967 9
968 8
972 9
973 4
974 10
975 3
976 8
977 6
978 10
979 8
980 7
981 2
982 9
983 5
984 10
985 1
986 1
987 3
988 4
989 4
990 5
991 3
992 2
993 6
994 10
995 10
996 6
997 3
998 6
999 3
1000 10
1001 1
1002 6
1003 8
1004 4
1005 3
1006 2
1007 7
1008 6
1009 2
1010 8
1011 9
371 6
153 4
1012 10
1013 9
1014 5
1015 4
1020 7
1021 8
1022 7
1023 1
1024 5
1025 8
1026 9
1027 1
1028 1
1029 3
1030 7
1031 4
1032 6
1033 8
1034 5
1035 9
1036 10
1037 2
1038 4
1039 8
1040 2
1041 1
1042 9
1043 5
1044 6
1045 4
1046 6
1047 7
1048 5
1049 6
1050 3
1051 10
1052 4
1053 6
1054 5
1055 1
1056 5
1057 5
1058 2
1059 1
1060 4
1061 10
1062 6
1063 2
1064 3
1065 1
1066 7
1067 8
1068 5
1069 10
1070 1
1071 10
1072 1
1073 6
1074 6
1075 3
1076 5
1077 2
1078 4
1079 6
1080 1
1081 8
1082 1
1083 2
1084 7
1085 8
1086 1
1087 6
1088 2
1091 9
1092 10
1093 2
1094 10
1095 6
1096 6
1097 4
1098 8
1099 9
1100 6
1101 10
1102 2
1103 6
1104 3
1105 3
1106 8
1107 5
1108 8
1109 7
1110 4
1111 7
1112 8
1113 8
1114 1
1115 2
1116 8
1117 8
1118 7
1119 6
1120 2
1121 8
1122 2
1123 9
1124 3
1125 5
1126 7
1127 8
1128 7
1129 3
1130 2
1131 7
1132 7
1133 9
1134 5
1135 3
1019 2
1136 5
1137 10
1138 10
1139 8
1142 8
1143 8
1144 2
1145 6
1146 8
1147 1
1148 3
1149 10
1150 10
1151 10
1152 2
1153 2
1154 5
1155 10
1156 4
1157 8
10 10
1158 1
1159 4
1160 4
1161 4
1162 3
1163 7
1164 8
1165 4
1166 7
1167 7
1168 3
1169 8
1170 9
1171 8
1172 6
1173 1
1174 9
1175 9
1176 10
1177 5
1178 8
1179 4
1180 5
1181 9
1182 2
1183 10
1184 10
1185 4
1186 3
1187 3
1188 4
1189 4
1190 1
1191 9
1192 4
1193 6
1194 6
1195 6
1198 1
1199 7
1200 9
1201 6
1202 2
1203 7
1204 6
1205 5
1206 2
1207 4
1208 9
1209 9
1210 2
1211 5
1212 1
1213 10
1214 10
1215 7
1216 10
1217 1
1218 6
1219 2
1220 2
1221 7
1222 10
1223 6
1224 4
1225 10
1226 4
1227 2
1228 3
1229 10
1230 4
1231 7
1232 7
1233 2
1234 3
1235 2
1236 4
1237 5
1238 6
1239 6
1240 2
1241 6
1242 3
1243 6
1244 4
1245 1
1246 1
1247 6
1248 9
1249 7
1250 7
1251 7
1252 9
1253 8
741 3
1254 7
1255 9
1256 2
1257 1
1258 1
1259 1
1260 10
1261 4
1262 8
1263 10
1264 4
1265 10
1266 8
1267 7
1268 4
1269 9
1270 9
1271 2
1272 1
1273 9
1274 9
1275 4
1276 10
1277 2
1278 3
1279 8
1280 8
1281 3
1282 2
1283 7
1284 1
1285 6
1286 7
1287 5
1288 9
1289 6
1290 6
1291 2
1292 2
1293 10
1294 6
1295 4
1296 8
1297 8
1298 6
1299 5
1300 3
1301 10
1302 6
1303 10
1304 6
1305 4
1306 8
1307 5
16 6
1308 9
1309 5
1310 6
1311 9
1312 4
1313 9
1314 4
1315 3
1316 9
1317 10
1318 3
1319 8
1320 3
1321 9
1322 8
1323 1
1324 10
1325 3
1326 10
1089 6
1327 1
1330 5
1331 5
1332 2
1333 6
1334 3
1335 4
1336 1
1337 7
1338 10
1339 9
1340 8
1341 7
1342 8
1343 6
1329 2
1344 5
1345 7
1346 8
1347 6
1348 7
1349 9
1350 1
1351 8
1352 9
1353 4
1354 7
1355 8
1356 4
138 7
1357 5
1358 10
1359 4
1360 8
1361 2
1362 3
1363 3
1364 3
1365 8
1366 7
1367 10
1368 3
1369 2
1370 1
1371 8
1372 7
1373 10
1374 9
1375 6
1376 9
1377 6
1378 4
1379 3
1380 1
1381 4
1382 3
1383 5
1384 2
1385 5
1386 1
145 7
1387 8
1388 1
1389 5
1390 6
1391 5
1392 10
1393 2
1394 7
1395 4
1396 10
1397 8
1398 10
1399 1
1400 9
1401 2
1402 6
1403 5
1404 1
1405 9
1406 8
1407 8
1408 5
1409 7
1410 7
1411 9
1412 4
1413 5
1414 3
1415 1
1416 5
1417 2
1418 6
1419 4
1420 3
745 4
1421 5
1422 9
1423 10
1424 1
1425 5
1426 10
1427 5
1428 1
1429 8
1430 4
1431 8
1432 3
1433 10
1434 9
1435 10
1436 6
1437 8
121 2
1438 5
1439 8
1440 4
1441 2
1442 1
1443 3
1444 3
1445 7
1446 6
1447 6
1448 7
1449 1
1450 10
1451 2
1452 2
1453 5
1454 6
1455 2
1456 1
1457 7
1458 8
1459 10
1460 8
1461 4
1462 10
1463 2
1464 2
1465 9
1466 4
1467 9
1468 1
1469 6
1470 4
1471 5
1472 6
1473 3
1474 5
1475 10
1476 1
1477 2
1478 9
1479 4
738 10
1480 7
1481 10
1482 9
1483 7
1484 4
1485 10
1486 9
1487 9
98 5
1488 8
1489 5
1490 3
1491 3
750 3
1492 8
1493 10
1494 3
1495 7
1496 8
1497 5
1498 9
1499 6
1500 3
1501 10
1503 10
1504 7
1505 9
1506 4
1507 3
1508 10
1509 10
1510 1
1511 6
1512 4
1514 3
1515 4
1516 5
1517 2
1518 7
1519 5
1520 10
1521 8
1522 4
1523 4
1524 1
1525 6
1526 8
1527 10
1528 3
4 7
1529 6
1530 10
1531 1
1532 5
1533 9
1534 1
1535 9
1536 6
1537 8
1538 10
1539 8
1540 4
1541 9
1542 6
1543 3
1544 8
1545 2
1546 7
1547 7
1548 8
1549 8
1550 10
1551 5
1552 1
1553 8
1554 8
1555 3
1556 5
1557 5
1558 6
1559 3
1560 1
1561 6
1562 8
1563 4
1564 3
1565 3
1566 2
1567 9
1568 3
1569 2
1570 4
1571 10
1572 10
1573 2
1574 1
1575 3
1576 3
1577 10
1578 1
1579 3
1580 8
1581 4
1582 2
1583 2
1584 6
1585 4
1586 4
1587 1
1588 10
1589 9
1590 4
1591 9
1592 7
1593 3
1594 5
94 4
1595 10
1596 8
1597 3
1598 9
1599 8
1600 6
1601 8
1602 7
1603 4
1604 4
1605 10
1606 9
1607 10
1608 2
1609 8
1610 6
1611 6
1612 7
1613 10
1614 2
1615 3
1616 9
1617 6
1618 7
1619 3
1620 7
1621 9
1622 3
1623 5
1624 5
1625 5
1626 7
1627 4
1628 1
1629 4
1630 4
1631 9
1632 4
1633 5
1634 1
1635 6
1636 7
1637 9
1640 8
1641 3
1642 3
1643 8
1644 2
1645 3
1646 2
1647 3
1648 6
1649 7
1650 10
1651 1
1652 3
1653 9
1654 4
1655 1
1656 4
1657 3
1658 5
1659 7
1660 10
1661 4
1662 2
1663 4
1664 10
1665 1
1666 3
1667 4
1668 4
1669 5
1670 8
1671 10
1672 2
1673 4
1674 6
1675 7
1676 8
1677 10
1678 2
1679 10
1680 4
1681 1
1682 10
1683 7
1684 6
1513 2
1685 1
1686 9
1687 9
1688 2
1689 4
1690 5
9 5
1691 10
1692 10
1693 3
1694 10
1695 4
1696 3
1697 5
1698 1
1699 7
1700 7
1701 4
1702 9
1703 9
1704 9
1705 3
1706 10
1707 1
1708 7
1709 5
1710 9
1711 8
1712 3
1713 3
1714 7
1715 9
1716 9
1717 2
1718 8
1719 3
1720 7
1721 2
1722 8
1723 5
1724 7
1725 5
1726 3
1727 2
1728 9
1729 7
1730 1
1731 4
1732 3
1733 10
1734 7
1735 7
1736 4
1737 5
1738 6
1739 4
1740 1
1741 5
1742 6
1743 9
1744 1
1745 3
1746 4
1747 4
1748 4
1749 5
1017 6
1750 10
1751 8
1752 10
1753 6
1754 7
1755 8
1756 7
1757 8
1758 4
1759 7
1760 9
1761 7
1762 9
1763 1
1764 10
1765 1
1766 3
1767 6
1768 3
1769 2
1770 8
1771 3
1772 3
1773 4
1774 1
1775 9
1776 8
1777 2
1778 4
1779 7
1780 8
1781 2
1782 9
1783 9
1784 7
1785 3
1786 1
1787 8
1788 5
1789 10
1638 3
1639 3
1790 6
1791 10
1792 3
1793 9
1794 5
1795 7
1796 4
1797 7
1798 10
1799 10
1800 8
1801 2
1802 1
1803 1
1804 4
1805 9
1806 10
1807 6
1808 6
1809 2
1810 2
1811 7
1812 7
1813 1
1814 3
1815 1
1816 2
1817 6
1818 4
1819 4
1820 10
1821 6
1822 3
1823 8
1824 7
1825 10
1826 3
1827 10
1828 8
1829 5
1830 8
1831 4
1832 7
1833 9
1834 7
1835 5
1838 1
1839 1
1840 9
1841 5
1842 5
1843 9
1844 6
1845 6
1846 2
1847 8
1848 4
1849 9
1850 8
1851 9
1852 9
1853 2
1854 5
1855 8
1856 7
1857 5
1858 4
1859 6
1860 8
1861 7
1862 3
1863 7
1864 8
1865 4
1866 3
1867 8
150 6
1868 5
1869 4
1870 7
1871 3
1872 6
1873 5
1874 5
1875 2
1876 2
1877 7
1878 5
1879 3
1880 1
1881 3
1882 6
1883 8
1884 7
1885 9
1886 10
1887 5
1888 1
1889 9
1890 10
1891 1
1892 8
1893 10
1894 10
1895 6
1896 8
1897 1
1898 9
1899 6
1900 6
1901 9
1902 1
1903 10
1904 2
1905 2
1906 3
1907 9
1908 9
1909 5
1910 9
1911 6
1912 5
1913 3
1914 4
1915 5
1930 7
1931 1
1932 10
1933 2
1934 10
1935 2
1936 5
1937 4
1938 7
35 8
1939 7
1940 5
1941 3
1942 3
1943 10
1944 3
1945 8
1946 4
1947 2
1948 5
1949 6
1950 2
1951 8
1952 6
1953 7
1954 7
1955 6
1956 3
1957 8
1958 7
1959 4
1960 7
1961 10
1962 3
1963 6
1964 4
1965 7
369 7
1966 2
1967 7
1968 1
1969 10
1970 2
1971 7
1972 1
1973 8
1974 8
1975 2
1976 9
1977 3
1978 6
1979 4
1980 3
1981 7
1982 9
1983 1
1984 10
1985 2
1986 4
1987 5
1988 7
1989 6
1990 2
1991 3
1992 4
1993 4
1994 7
1995 9
1996 8
1997 2
1998 6
1999 4
2000 1
2001 8
2002 5
2003 10
2004 9
2005 10
2006 2
2007 5
2008 3
2009 1
2010 9
2011 6
2012 4
2013 7
2014 7
2015 5
2016 8
2017 10
2018 2
2019 4
2020 1
2021 8
2022 5
2023 6
2024 5
2025 4
2026 4
2027 1
2028 10
2029 9
2030 8
2031 3
2032 7
2033 4
2034 1
2035 7
2036 2
2037 8
2038 2
2039 8
2040 1
2041 1
2042 10
2043 7
2044 7
2045 8
2046 6
2047 9
2048 10
2049 1
2050 7
2051 2
2052 1
2053 8
2054 3
2055 5
2056 3
2057 10
2058 2
2061 2
2063 9
2064 1
2065 9
2066 1
2067 5
2071 1
2072 3
2073 5
2074 2
2075 6
2076 1
2078 1
2079 1
2080 4
2081 8
128 7
2082 7
2083 4
2084 6
2085 5
2086 1
2087 6
2088 9
2089 4
2090 1
2091 7
2092 1
154 8
2093 4
2094 5
2095 3
2096 10
2097 3
2098 3
2099 3
2100 9
2101 3
2102 9
2103 1
2104 7
2105 2
2106 7
2107 4
2108 7
2109 1
2110 7
2111 10
2112 9
2113 5
2114 6
2115 7
2116 3
2117 9
2118 5
2119 7
2120 6
2121 7
2122 7
2123 1
2124 3
2125 1
2126 3
2127 9
2128 6
2129 8
2130 3
2131 6
2132 7
2133 9
2134 5
2135 10
2136 9
2070 2
2137 1
2138 2
2139 7
2140 9
2141 5
2142 8
2143 3
2144 7
2145 5
2146 4
2147 7
2148 10
2149 5
2150 7
2151 6
2152 10
2153 3
2068 6
2154 3
2155 3
2156 9
2157 10
2158 9
2159 3
2160 8
2161 10
2162 5
2163 5
2164 1
2165 2
2166 10
2167 5
2168 4
2169 3
2170 3
2171 6
2172 5
2173 9
2174 10
2175 2
2176 7
2177 10
2178 8
2179 4
2180 5
2181 4
2182 7
2183 2
2184 5
2185 7
2186 5
2187 5
2188 10
2189 3
2190 6
2191 1
2192 10
2193 9
2194 6
2195 5
2196 6
2197 1
2198 10
2199 6
2200 1
2201 8
2202 9
2203 6
2204 6
127 4
2205 3
2206 5
2207 1
2208 5
2209 9
2210 9
2211 8
2212 7
2213 9
2214 1
2215 8
2216 4
2217 8
2218 7
2219 10
2220 2
2221 4
2222 4
2223 10
2224 2
2225 7
2226 9
2227 8
2228 4
2229 1
2232 8
2233 4
2234 9
2235 2
2236 3
1018 4
2077 2
2237 8
2238 3
2239 1
2240 2
2241 4
2242 7
2243 9
2244 2
2245 8
2246 10
2247 9
2248 7
2249 8
2250 9
2251 9
2252 1
2254 4
2255 9
2256 5
2257 10
2258 1
2259 7
2260 6
2261 10
2262 4
2263 4
2264 5
2265 8
2266 9
2267 6
2268 6
2269 2
2270 1
2271 5
2272 2
2273 6
2274 10
2275 9
2276 3
2277 3
2278 3
2279 3
2280 5
2281 7
2282 7
2283 7
2284 1
2285 7
2286 7
2287 9
2288 9
2289 2
2290 2
2291 7
2292 8
2231 3
2293 10
2294 7
2295 7
2296 4
2297 2
2298 1
2299 3
2300 4
2301 5
2302 8
2303 10
2304 4
2305 9
2306 1
2307 6
2308 3
2309 4
2310 3
2311 5
2312 2
2313 8
2314 8
2315 3
2316 2
2317 8
2318 7
2319 9
2320 9
2321 1
2322 2
2323 2
2324 5
2325 4
2326 5
2327 4
2328 4
2329 9
2330 9
2331 2
2332 1
2333 9
2335 6
2336 7
2337 8
2338 9
2339 2
2340 4
2341 2
2342 6
2343 7
2344 3
2345 3
2346 9
2347 6
2348 6
2349 8
2350 6
2351 10
2352 4
2353 10
2354 10
2355 9
2356 8
2357 9
2358 7
2359 10
2360 7
2361 1
2362 7
2363 6
2364 5
2365 7
2366 4
2367 9
2368 4
2369 10
2370 6
1921 3
1922 3
2371 1
2372 1
2373 8
2374 6
2375 10
2376 8
2379 7
2380 2
2381 9
2382 3
2383 6
2384 5
2385 3
2386 7
2387 5
2388 9
2389 8
2390 10
2391 1
2392 6
2393 2
2394 9
2395 7
2396 8
2397 10
2398 2
2399 4
2400 5
2401 2
2402 1
2403 3
2404 3
2405 7
2406 1
2407 5
2408 7
2409 4
2410 6
2411 8
2412 6
2413 9
2414 3
2415 9
2416 1
838 7
2417 1
2418 4
2419 1
2420 1
2421 7
2422 1
2423 4
2424 2
2425 7
2426 9
2427 7
2428 3
2429 4
2430 2
2431 7
2432 8
2433 3
2434 2
2435 1
2436 3
2437 4
2438 9
2439 7
2440 8
2441 6
2442 1
2443 6
2444 6
2445 2
2446 6
2447 8
2448 5
2449 6
2450 10
2451 5
2452 9
2453 7
2454 5
2455 4
2456 2
2457 3
2458 3
2459 2
2460 5
2461 4
2462 8
2463 2
2464 2
2465 1
2466 9
2467 5
2468 5
2469 4
2470 5
2471 9
2472 6
2473 8
2474 2
2475 4
2476 5
2477 3
2478 5
2479 8
2480 3
2481 9
2482 1
2483 6
2484 7
2485 1
2486 3
2487 4
2488 1
2489 1
2490 4
2491 5
2492 9
2493 1
2494 9
2495 5
2496 9
2497 5
2498 3
2499 6
2500 7
2501 1
2502 3
2503 9
2504 3
2505 10
2506 3
2507 3
2508 9
2509 1
2510 4
2511 4
2512 5
2513 1
2514 9
2515 6
2516 2
2517 4
971 2
2518 4
2519 2
2520 3
2521 3
2522 1
2523 7
2524 6
2525 3
2526 1
2527 4
2528 10
2529 9
2530 2
2531 7
2532 1
2533 7
2534 8
2535 5
2536 5
2537 1
2538 10
2539 4
2540 10
2541 5
2542 10
2543 8
2544 7
2545 10
2546 8
2547 4
2548 5
2549 10
2550 2
2551 4
2552 8
2553 2
2554 3
2555 5
2556 7
2557 8
2558 6
2559 5
2560 4
1016 1
2561 7
2562 3
2563 2
2564 9
2565 6
2566 9
2567 7
2568 3
2569 7
2570 4
2571 7
2572 7
2573 4
2574 4
2575 7
2576 8
2577 7
2578 5
2579 3
2580 1
2581 2
2582 1
2583 8
2584 8
1502 8
2585 1
2586 7
2587 3
2588 7
1140 2
2589 8
2590 9
2591 10
2592 9
2593 9
2594 2
2595 7
2596 1
2597 2
2598 5
2599 10
2600 7
2601 2
2602 7
2603 7
2604 1
2605 3
2606 8
2607 6
2608 8
2609 10
2610 6
2611 9
2613 4
2614 2
2615 5
2616 5
2617 7
2618 5
2619 4
2620 5
2621 4
2622 2
2623 4
2624 3
2625 10
2626 8
2627 4
2628 1
2629 9
2630 9
2631 3
2632 4
2633 7
2634 8
2635 1
2636 6
2637 2
2638 3
2639 8
2640 5
2641 8
2642 2
2643 2
2644 9
109 10
2645 2
2646 7
2647 10
2649 10
2650 3
2651 2
2652 8
2653 1
2654 3
2655 7
2656 3
2657 10
2658 3
2659 7
2660 7
2661 10
2662 10
2663 5
149 6
2664 5
2665 2
2666 1
2667 3
2668 8
2669 2
2670 2
2671 1
2672 7
2673 7
2674 10
2675 9
2676 5
2677 9
2678 9
2679 9
2680 4
2681 6
2682 2
2683 4
2684 6
2685 9
2686 5
2687 8
2688 2
2689 10
2690 7
2691 1
2692 3
2693 5
2694 1
2695 2
2696 7
2697 7
2698 4
2699 2
2700 7
2701 9
2702 6
2703 5
2704 2
2705 3
2706 9
2707 1
2708 5
2709 2
2710 1
2711 9
2712 9
2713 6
2718 4
2719 4
2720 8
2721 6
2722 3
2723 10
2724 7
2725 9
2726 3
2727 7
2728 6
2729 8
2730 4
2731 4
2732 1
2733 2
2734 4
2735 1
2736 10
2737 10
2738 9
2739 9
2740 10
2741 5
2742 3
2743 8
2744 9
2745 3
2746 9
2747 1
2748 2
2749 2
100 2
2750 3
2753 4
2754 9
2755 8
2756 8
2757 7
2758 6
2759 9
2760 3
2761 9
2612 2
2762 7
2763 2
2764 7
2765 9
2766 5
2767 10
2768 5
2769 1
2770 7
2771 8
2772 10
2773 3
2774 4
2775 6
2776 10
2777 6
2778 7
2779 9
2780 2
2781 10
2782 9
2783 9
2784 10
2785 1
2786 9
2787 9
2788 1
2789 10
2790 7
2791 4
2792 7
2793 10
2794 2
2795 2
2796 1
2797 1
2798 7
2799 10
2800 6
2801 7
2802 7
2803 4
2804 2
2805 4
2806 5
2807 8
2808 1
2809 7
1929 5
2810 8
2811 4
2812 2
2813 1
2814 10
2815 2
2816 5
2817 4
2818 8
2819 10
2820 1
2821 6
2822 6
2823 10
2824 8
2825 3
1 5
2826 9
2827 1
2828 7
2829 8
2830 2
2831 1
2844 2
2845 10
2846 8
2872 10
2873 7
2874 6
2875 4
2378 2
2884 9
2885 4
2886 2
2887 10
2888 5
2889 9
2890 8
2891 7
2892 1
2893 6
2894 4
2895 6
2898 6
2900 5
2901 7
2902 7
2903 5
2904 4
2905 9
105 3
2906 8
2907 10
2908 5
2909 5
2910 8
2911 6
2912 6
2913 6
2914 9
2915 9
2916 9
2917 7
2918 10
2919 8
2920 6
2921 5
2922 3
2923 5
2924 10
106 4
2925 1
2926 7
2927 1
2928 4
2929 8
2930 4
2931 1
2932 5
2933 10
2934 2
2935 9
2936 7
2937 4
2938 9
2939 7
2940 7
2941 1
2942 5
2943 1
2944 7
2945 8
2946 5
2947 1
2948 5
111 4
2949 4
2950 10
2951 2
2952 6
2953 5
2954 10
2956 1
2957 2
2958 6
2959 10
2960 9
2961 3
2962 4
2964 3
2966 7
2967 8
2968 4
2969 9
2377 10
2972 5
2973 4
2974 8
2975 2
2976 6
2977 9
2978 2
2979 6
2980 6
2981 6
2982 1
2983 10
2984 10
2985 8
2986 6
2987 5
2988 4
2989 7
2990 3
2991 2
2992 1
2993 7
2994 9
2995 10
2996 10
2997 4
2998 6
2999 2
3000 7
3001 9
3002 4
3003 4
3004 4
3005 6
3006 1
3007 9
3008 3
3009 3
3010 8
3011 2
3012 5
3013 7
3014 1
3015 2
2059 8
3016 5
3017 2
3018 2
3023 5
3024 9
3025 5
3026 1
3027 3
3028 2
3029 5
3030 9
3031 6
3032 6
2839 9
3033 8
3034 6
3035 6
3036 9
3037 2
3038 8
3039 9
3040 2
3041 4
3042 8
3043 2
3044 8
3045 4
3046 2
3047 7
3048 7
3049 8
144 5
2963 6
3050 7
2882 9
3051 4
3052 3
3053 4
3054 10
3055 10
3056 8
3057 8
3058 8
3059 5
3060 10
3061 10
3062 5
3063 5
3064 6
3065 5
3066 2
3067 1
3068 3
3069 3
3070 4
3071 7
3072 5
3073 2
3074 1
3075 6
3076 6
3077 10
3078 6
3079 6
3080 10
3081 2
3082 10
3083 4
3084 3
3085 8
3086 7
3087 7
3088 9
3089 9
3090 7
3091 3
399 4
3092 9
3093 6
3094 6
3095 7
3096 3
3097 8
3098 2
3099 8
3100 2
3101 5
3102 7
3103 3
3104 8
3105 3
3106 6
3107 4
3108 4
3109 2
3110 10
3111 5
3112 9
3113 2
3114 5
3115 4
3116 3
3117 2
3118 6
3119 7
3120 5
3121 10
3122 1
3123 6
3124 5
3125 3
3126 10
3127 1
3128 3
3129 4
3130 10
3131 8
3132 7
3133 3
3134 4
123 9
3135 5
3136 1
3137 3
3138 1
3139 8
3140 4
3141 1
3142 2
3143 3
3144 4
3145 7
3146 8
3147 4
3148 4
3149 1
3150 1
3151 9
3152 9
3153 6
3154 7
3155 6
3156 9
3157 8
3158 9
3159 8
3160 9
3161 3
3162 8
3163 6
3164 7
3165 3
3166 8
3167 9
3168 8
3169 7
3170 6
3171 7
3172 10
3173 7
3174 10
3175 7
3176 8
3177 9
3178 10
3179 2
3180 7
3181 1
3182 9
3183 10
3184 9
3187 4
3188 1
3189 9
3190 1
3191 2
3192 10
3193 4
3194 10
3195 9
3196 1
3197 4
3198 6
3199 4
3200 9
3201 5
3202 8
3203 6
3204 1
3205 2
3206 9
3207 9
3208 5
3209 1
3210 5
3211 9
3212 3
3213 8
3225 7
3226 4
3227 7
3228 2
3229 3
3230 10
3231 3
3232 8
3233 6
3234 7
3235 3
3236 9
3237 6
3238 6
3239 1
3240 5
3241 7
3242 7
3243 4
3244 5
3245 1
3246 8
3247 6
3248 10
3249 1
3250 7
3251 6
3252 10
3253 10
3254 1
3255 9
3256 4
3257 3
3258 1
3259 1
3260 5
3261 4
3262 4
3263 4
3264 3
3265 1
3266 1
3267 4
3268 2
3269 7
3270 1
3271 7
3272 5
3273 2
3274 6
3275 5
3276 9
3277 7
3278 4
3279 3
3280 5
3281 2
3282 5
3283 8
3284 4
3285 3
3286 7
3287 6
3288 6
3289 8
3290 6
3291 10
3292 5
3293 2
3294 6
3295 9
3296 9
3297 2
3298 8
3299 1
3300 6
3301 10
3302 1
3303 3
3304 1
3305 1
3306 2
3307 1
3308 6
3309 3
3310 2
3311 5
3312 2
3313 4
3314 6
3315 2
3316 1
3317 7
3318 9
3319 1
3320 3
3321 9
3322 2
3323 2
3324 5
3325 10
134 1
3326 7
3327 9
3328 1
3329 6
3330 7
3331 4
3332 2
3333 8
3334 6
3335 3
3336 7
3337 5
3338 5
3339 6
3340 7
3341 4
3342 2
113 2
3343 4
3344 9
3345 1
3346 6
3347 8
3348 2
3349 9
3350 3
3351 3
3352 1
3353 9
3354 7
3355 2
3356 6
3357 8
3358 1
3359 6
3360 5
3361 4
3362 8
3374 3
3375 2
3376 2
3377 9
3378 1
3379 2
3380 1
2883 4
3381 6
3382 3
3383 9
3384 5
3385 5
3386 6
110 8
3387 3
3388 1
114 1
3389 5
3390 8
3391 7
3392 10
3393 3
3394 5
3395 2
3396 10
3397 8
3398 8
3399 3
3400 6
3401 1
3402 6
3403 1
3404 9
3405 5
3406 6
3407 4
3408 10
3409 3
3410 10
3411 10
3412 1
3413 7
3414 7
3415 1
88 4
3416 3
3417 8
3422 9
3423 8
3433 8
3434 9
3435 10
3436 2
3437 7
3438 9
3439 4
3440 9
3441 3
3442 9
3443 7
3444 6
3445 10
3446 7
3447 6
3448 1
3449 10
3450 9
3451 2
3452 1
3432 5
3453 1
3454 5
3455 7
3456 3
3457 6
3458 3
3459 1
3460 6
3461 2
3462 4
3469 8
3470 8
3471 2
3472 3
3473 10
3474 9
3475 7
3463 1
3476 9
3477 2
3478 4
3479 3
3480 4
3481 6
3482 9
3483 1
3484 3
3485 1
3486 7
3487 8
3488 5
3489 9
1837 10
3490 7
3491 6
3492 3
3493 2
3494 3
3495 3
3496 10
3497 9
3498 7
3499 3
3500 1
3429 10
3501 10
3502 10
3503 1
3504 6
3367 4
3505 8
3506 5
3507 6
3508 6
3509 10
3510 3
3511 5
3512 9
3513 10
3514 4
3515 5
3516 10
3517 1
3518 2
3519 6
3520 10
3521 2
3522 7
3523 5
3524 7
3525 7
3526 7
3527 3
3528 9
3529 10
3530 1
3531 6
3532 7
3533 8
3534 9
3535 4
3536 3
3537 7
3538 1
3539 10
3540 9
3541 2
3542 9
3543 7
3544 4
3545 2
3546 6
3547 2
3548 3
3549 5
3550 9
148 5
3551 9
3552 1
3553 1
3554 9
3555 4
3556 6
3557 5
3558 2
3559 10
3560 10
130 8
3561 9
3562 9
3563 9
3564 9
3565 6
3566 10
3567 10
3577 5
3578 3
3579 7
3580 5
3581 10
3582 5
3583 3
3584 5
3622 3
3623 3
3624 10
3625 4
3626 3
3627 10
3628 4
1141 8
3629 8
3630 3
3631 10
3632 7
3633 9
3634 4
3635 3
3636 1
3637 8
3638 7
3639 4
3640 10
3641 9
3642 2
3643 1
3644 2
3645 5
3646 1
3647 8
3648 6
3649 6
3650 1
3651 6
3652 2
3596 10
3653 7
3654 4
3655 6
3656 6
3657 9
3658 9
3659 4
3660 9
3661 9
3662 4
3663 3
3664 1
3665 10
3666 7
3667 8
3668 6
3669 10
3670 9
3671 7
3672 1
3673 8
3692 4
3693 2
3694 4
3695 8
3696 6
3697 9
3698 7
3699 2
3700 4
151 4
3701 5
3702 5
3703 3
3704 4
3705 10
3706 1
3707 1
3708 3
3709 4
3710 1
3711 1
3712 5
3713 10
3714 8
3715 2
3716 4
3717 2
3718 10
3719 9
3720 3
3721 4
3722 7
3723 6
3724 8
3725 2
3726 1
3727 6
3728 6
3729 8
3730 4
3731 8
3732 8
3733 10
3734 7
3735 7
3736 2
3737 10
3738 1
3739 4
3740 2
3750 7
3751 7
3741 10
3752 5
3753 9
3754 3
3755 6
3756 6
3757 1
3745 7
3758 8
3759 9
3760 7
3761 10
3765 10
3766 5
3767 5
3768 10
3769 2
3770 6
3771 9
3772 4
1090 1
3773 4
3774 5
3221 10
3775 7
3776 8
3777 9
3778 10
3779 6
3780 6
3781 10
3782 8
3783 4
3372 5
3784 5
3785 2
3786 7
3787 7
3788 1
3789 8
3790 5
3791 7
3792 1
3793 7
3798 7
3799 6
3800 5
3801 2
3802 1
3803 8
3804 6
3805 4
3806 5
3807 10
3795 2
3796 8
3808 6
3809 4
3810 10
3617 7
3811 5
3812 5
3813 10
3814 7
3815 6
3816 5
3612 9
3817 3
3764 5
3824 7
3825 1
3826 4
3827 1
3828 6
3829 3
3830 3
3831 3
3832 7
3833 10
3834 5
3835 10
3836 4
3837 9
3838 1
3839 1
3840 2
3820 9
3841 4
3842 5
3843 6
3844 5
3845 3
3846 10
3847 1
3848 3
3849 4
3850 2
3851 10
3852 7
3853 6
3854 7
3855 4
3856 5
3857 5
3858 9
3859 2
3860 3
3870 9
3871 1
3872 1
3873 1
3874 9
3875 10
3876 6
3877 6
3878 6
3879 9
3880 9
3881 7
3882 10
3883 2
3884 7
3885 7
3886 4
3887 4
3888 7
3889 2
3890 8
116 5
3891 8
3892 9
3893 9
3894 2
3421 9
3895 9
3896 3
3897 3
3898 8
3371 6
3899 5
3900 8
3901 1
3902 4
3903 3
3904 2
3905 2
3906 4
3907 10
3908 6
3909 3
3910 9
3911 4
3912 8
3913 7
3914 8
3916 2
3917 3
3918 4
3919 6
3920 5
3921 1
3922 8
3923 1
3924 4
3925 7
3926 1
3927 5
3928 1
3929 10
3930 1
3931 9
1196 8
3932 2
3933 7
3934 3
3935 6
3936 1
3937 8
3938 6
3939 9
3940 6
3941 2
3942 7
3943 7
3944 7
3945 2
3946 3
3947 6
3948 6
3949 6
3950 9
3951 3
3952 5
3953 5
3954 3
3955 10
3956 2
3957 2
3958 7
3959 5
3960 8
3961 2
3962 3
3963 2
3964 10
3965 3
3966 8
3967 6
3968 6
3969 4
3970 9
3748 6
3971 7
3972 2
3762 7
3973 2
3974 3
3604 2
3975 4
3976 10
3977 7
3978 9
3979 2
3980 2
3981 6
3982 9
3983 5
3984 5
3985 5
3986 7
3987 6
3988 1
3373 4
3997 1
3998 3
3999 5
4000 1
4001 5
4002 4
4003 5
4004 8
3993 5
4005 8
4006 2
4007 7
4008 5
4009 2
4010 8
4011 1
4012 1
4013 9
4014 8
4015 8
4016 8
4017 3
4019 6
4020 6
4021 5
4022 8
4023 9
4024 9
4025 4
4026 7
4027 1
4028 5
4029 7
4030 9
4031 6
4032 3
4033 8
4034 1
4035 9
4036 2
4037 3
4038 5
4039 10
4040 7
4041 1
4042 6
4043 1
4044 2
4045 6
4046 3
4047 6
4048 3
4049 8
4050 10
4051 6
4052 3
4053 6
4054 3
4055 6
4056 8
4057 8
4058 4
4059 5
4060 6
4061 10
4062 4
4063 10
4064 8
4065 10
4066 1
4067 4
4068 10
4069 7
4070 9
4071 1
4072 1
4073 9
4074 5
4075 6
4076 4
4077 9
3586 3
4078 5
4079 10
4080 6
4081 6
4082 5
4083 1
4084 6
4085 4
4086 4
4087 9
751 3
4088 9
4089 7
4090 6
4091 5
4092 6
4093 5
4094 8
4095 9
4096 7
4097 10
4098 3
4099 2
4100 7
4101 8
4102 4
4103 5
4104 5
4105 10
4106 9
4107 4
4108 4
4109 3
4110 9
4111 9
4112 9
4113 9
4114 2
4115 8
4116 9
4117 10
4118 9
4119 4
4120 2
4121 9
4122 9
4123 9
4124 3
4125 4
4126 5
4127 4
4128 1
4129 4
4130 8
4131 5
4132 8
4133 6
4134 5
4135 6
4136 2
4137 4
4138 10
4139 2
4140 5
4141 2
4142 6
4143 4
4144 6
4145 1
4146 2
4147 4
4148 6
4149 5
4150 1
3424 9
4151 3
4152 3
4153 8
4154 8
4155 1
4156 1
4157 4
107 4
4158 9
4159 2
4160 9
4161 10
4162 3
4163 9
4164 8
4165 5
4166 3
4167 7
4168 8
4169 8
4170 2
4171 5
4172 2
4173 5
4174 4
4175 1
4176 9
4177 5
4178 9
4179 4
4180 7
4181 5
4182 4
4183 5
4184 3
4185 10
4186 5
4187 10
4188 9
4189 10
112 1
4190 9
4191 1
4192 4
4193 6
4194 2
4195 5
3686 10
4196 5
4197 3
4198 9
4199 4
4200 4
4201 5
4202 10
4203 10
4204 3
4205 10
4206 9
4207 7
4208 8
4209 6
4210 10
4211 9
4212 5
4213 9
4214 8
4215 5
4216 3
4217 5
4218 10
4219 2
4220 7
4221 4
4222 3
4223 4
4224 3
3431 9
4225 5
4226 4
4227 7
4228 8
4229 2
4230 4
4231 7
3991 9
7 3
4232 7
4233 6
4234 5
4235 3
4236 5
4237 4
4238 1
4239 8
4240 1
4241 2
4242 3
4243 8
4244 7
4245 8
4246 8
4247 5
4248 8
4249 9
4250 7
4251 10
4252 4
4253 3
4254 9
4255 3
4256 2
4257 5
4258 9
4259 9
4260 2
4261 7
4262 7
4263 10
4264 6
4265 8
4267 8
4268 1
4269 1
4270 10
4271 9
4272 9
4273 3
4274 2
4275 1
4276 7
4277 4
3995 5
4278 9
4279 2
4280 3
4281 8
4282 7
4283 4
4284 2
4285 10
4286 10
4287 4
4288 7
4289 2
4290 1
4291 5
4292 3
4293 2
4294 3
4295 9
4296 10
4297 2
4298 2
4299 4
4300 5
4301 2
4302 4
4303 1
4304 3
4305 3
4306 7
4307 7
4308 10
4309 1
4310 8
4311 8
4312 10
4313 8
4314 3
4315 4
4316 5
4317 2
4318 2
4319 7
4320 7
4321 2
4322 7
4323 3
4324 7
4325 8
4326 7
4327 3
4328 1
4329 4
4330 9
4331 6
4332 5
4333 2
4334 9
4335 8
4336 1
4337 6
4338 9
4339 2
4340 10
4341 10
4342 2
4343 9
4344 9
4345 1
4346 4
4347 3
3568 3
4348 3
4349 7
4350 5
4351 3
4352 2
4353 8
4354 3
4355 1
4356 5
4357 5
4358 3
3869 1
4359 1
4360 4
4361 5
3368 9
4362 9
4363 5
4364 5
4365 10
4366 8
4367 6
4368 4
4369 2
4370 6
4371 3
4372 7
3366 10
4373 4
4374 4
4375 6
4376 7
4377 3
4378 4
4379 1
4380 8
4381 2
4382 8
4383 2
4384 3
4385 4
4386 5
4387 4
4388 6
4389 5
4390 8
4391 10
4392 7
4393 10
4394 8
4395 2
4398 2
4399 5
4400 9
4401 9
4402 10
4403 2
4404 3
4405 5
4406 4
4407 3
4408 6
4409 8
4410 8
4411 3
4412 7
4413 2
4414 9
4415 8
4416 10
4417 10
4418 5
4419 5
4420 6
4421 9
4422 4
4423 2
3223 2
4424 1
4425 2
4426 3
4427 7
4428 4
4429 10
4430 7
4431 3
4432 4
4433 1
4434 5
4435 7
4436 7
4437 6
4438 6
4439 7
4440 10
4441 3
4442 1
4443 2
4444 5
4445 4
4446 1
4396 5
4447 3
4448 5
4449 1
4450 3
4451 7
4452 3
4453 4
4454 2
4455 2
4456 8
4457 1
4458 7
3676 3
4459 1
4460 7
4461 8
4462 2
4463 10
4464 8
4465 7
4466 8
4467 7
4468 8
4469 8
4470 7
4471 8
4472 8
4473 2
4474 7
4494 4
4477 6
4475 4
4495 4
4478 9
4496 7
4497 10
4498 8
4499 1
4500 5
4501 7
4502 2
3989 4
4503 9
4504 7
4505 2
4506 5
4507 4
4508 3
4509 3
4510 8
4511 4
4512 5
4513 8
4514 6
4515 8
4516 5
4517 10
4518 2
4519 5
4520 2
4521 10
4522 10
4523 8
4524 10
4525 7
4526 1
4527 1
4528 2
4529 10
3589 1
4530 6
4531 5
4532 7
4533 1
4534 5
4535 8
4536 3
3915 1
3689 3
3690 3
4537 5
3224 6
4538 3
4488 10
4539 8
4540 7
4541 4
4542 6
4543 1
4544 10
4545 9
4546 1
4547 9
4548 7
4549 9
4550 3
4551 6
4552 3
4553 3
4554 5
4555 6
4556 5
4557 5
4558 9
4559 4
4560 1
4561 8
4562 5
4563 6
4573 8
4574 6
4575 4
4576 4
4577 6
4578 2
4579 4
4580 10
4581 9
4582 5
4583 3
4584 5
4585 8
4586 3
4587 6
4588 5
4589 6
4590 10
4591 1
4592 2
4593 5
4594 4
4595 5
4596 8
4597 6
4598 6
4599 5
4600 8
4601 9
4602 4
4603 4
4604 5
4605 5
4606 3
4607 1
4608 10
4609 10
4610 2
4611 9
4612 1
4613 7
4614 9
4615 9
4616 10
4617 9
4618 1
4619 1
4620 3
4621 8
4622 10
4623 2
4624 8
4625 10
91 8
95 4
2 9
4626 3
4627 7
4628 4
4629 9
4630 1
4631 1
4632 4
4633 10
4642 3
4643 4
4644 8
3681 6
4645 4
4646 7
4647 9
4648 8
4649 1
4650 8
4651 3
4489 6
4652 9
4653 8
4654 3
4655 9
4656 8
4657 8
4658 1
4659 2
4660 5
4661 7
4662 1
4663 5
4664 5
4665 3
4666 10
4667 8
4668 2
4638 8
4669 6
4670 3
4671 1
4672 6
4673 7
4674 6
4675 9
4676 6
4677 3
4678 10
4679 4
4684 2
4685 5
4686 3
4687 6
4688 10
4689 3
4690 3
4691 9
4692 3
4693 7
4694 7
4695 6
4696 8
4697 5
4698 8
4699 2
4700 9
4682 2
4701 3
4702 4
4703 1
4704 1
4705 5
4706 10
4707 3
4708 5
4709 9
4710 10
4711 3
4712 6
4713 7
4714 2
4715 7
4716 8
4717 1
4718 7
4719 4
137 5
4720 9
4721 8
4722 7
4723 4
4724 4
4725 9
4726 10
4727 7
4728 5
4732 8
4733 9
4736 5
4737 4
4738 5
4739 5
4740 10
4741 2
4742 8
4743 4
4744 7
4745 6
4746 2
4735 9
4756 6
4757 3
4758 6
4759 1
4760 9
4761 6
4762 6
4763 10
4764 3
4765 6
4766 9
4767 1
4768 4
4769 7
4770 10
4771 2
4569 8
4772 10
4773 4
4774 2
4775 8
4776 10
4754 5
4777 9
4778 3
4779 2
4780 6
4781 6
4570 3
4782 3
4783 2
4784 7
4785 10
4786 9
4787 8
3465 1
4788 10
4789 10
4790 7
4791 4
4792 10
4793 3
4794 5
4637 2
4795 8
4796 7
4797 8
2877 1
4798 1
4799 1
4800 3
4801 4
4802 5
4803 5
4804 9
4805 8
4806 6
4807 1
4808 8
4809 10
4810 3
4811 1
4812 8
4813 1
4814 4
4815 6
4816 4
4817 4
4818 6
4819 6
4820 5
4821 3
4822 6
4823 10
4824 4
4825 3
4826 5
4827 5
4828 6
4829 4
4830 3
4831 7
4832 7
4833 7
4834 10
4835 5
4836 7
4837 4
4838 8
4839 2
4840 9
4841 8
4842 2
4843 3
4844 2
4845 2
4846 2
4847 3
4848 1
4849 9
4850 9
4851 4
4852 4
4853 8
4854 5
4855 4
4856 3
4857 3
4858 9
4859 9
4860 6
4861 5
4862 9
4863 7
4864 3
4865 8
4866 9
4867 8
4868 6
4869 8
4870 10
4871 8
4872 9
4873 7
4874 1
4875 8
4876 5
4877 8
4878 8
4879 2
4880 2
4881 1
4882 1
4883 10
4884 5
4885 4
4886 6
4887 8
4888 10
4889 5
4890 1
4891 7
4892 2
4893 2
4894 6
4493 3
4895 8
4896 6
4897 8
4898 3
4899 6
4900 10
4901 3
4902 1
4903 8
4904 3
4905 2
4906 10
4907 6
4908 3
4909 10
4910 6
4911 2
4912 4
4913 7
4914 1
4915 5
4916 5
4917 2
4918 7
4919 9
4920 10
4921 7
4922 7
4923 9
4924 2
4925 4
4926 2
4927 5
4928 7
4929 2
4930 3
4931 6
4932 1
4933 5
4934 6
4935 4
4936 6
4937 8
4938 2
4939 4
4940 3
4941 5
4942 8
4943 3
4944 8
4945 1
3569 1
4946 8
4947 7
4948 6
4949 5
4950 2
4951 6
4952 9
4953 4
4954 3
4959 8
4960 3
4961 5
4962 5
4963 3
4964 4
4965 1
4966 7
4968 9
4969 5
4970 3
4971 8
4972 7
4973 8
4974 4
4975 10
4976 10
4977 2
4978 8
3597 1
4979 8
4980 9
4981 9
4982 9
4983 10
4984 7
4985 6
4986 7
4987 7
4988 8
4989 9
4990 5
4991 10
4992 5
4993 7
4994 8
4995 8
4996 10
4997 5
4998 9
4999 8
5000 3
5001 6
5002 9
5003 8
5004 1
5005 1
5006 6
5007 1
5008 7
5009 1
5010 6
5011 4
5012 3
5013 10
5014 8
5015 7
5016 3
5017 1
5018 1
5019 8
5020 4
5021 7
5022 9
5023 9
3363 6
5024 4
5025 3
5026 8
5027 3
5028 7
5029 2
5030 5
3219 10
5031 9
5032 1
5033 4
5034 4
5035 2
5036 5
5037 7
5038 8
5039 6
5040 7
5041 8
5042 8
5043 9
5044 4
5045 9
5046 6
5047 10
5048 3
5049 8
5050 2
5051 3
5052 7
5053 4
5054 1
5055 4
5056 2
5057 10
5058 2
5059 2
5060 9
5062 3
5063 10
5064 8
5065 8
5066 6
5067 6
5068 7
5069 5
5070 8
5071 3
5072 1
5073 2
5074 1
5075 10
5076 9
5077 4
5078 4
5079 6
5080 7
5084 2
5085 4
5088 2
5089 7
5090 1
5091 7
5092 6
5093 1
5094 7
5095 3
5096 3
5097 8
5098 9
5099 6
5100 3
5101 4
5102 3
5103 1
5104 7
5105 4
5106 5
5107 9
5108 3
5109 1
5110 9
5111 2
5112 10
5113 1
5114 4
5115 4
5116 7
5117 9
5118 3
5119 1
5120 2
3587 10
5121 8
5122 8
5123 5
5124 3
5125 1
5126 7
5127 3
5128 5
5129 8
5130 5
5131 1
5132 5
5133 6
5134 6
115 3
5135 4
5136 2
5137 8
5138 5
5140 6
5141 2
5142 7
5144 3
5145 8
5146 7
5147 5
5148 7
5149 1
5150 5
5151 7
5152 2
5153 8
5154 6
5155 5
5156 9
969 9
5157 3
5158 4
5159 6
5160 8
5161 1
5162 6
5163 1
5164 5
5165 8
5166 8
5167 1
5168 7
5169 8
5170 4
5171 8
5172 1
5173 5
5174 2
5175 10
5176 9
5177 7
3620 10
5178 5
5179 3
5180 8
5181 10
5182 8
5183 7
5184 10
5185 4
5186 6
4266 9
5187 3
5188 3
5189 9
5190 3
5191 6
5192 6
5193 1
5194 2
5195 5
5196 6
5197 6
5198 10
5199 7
5200 1
5201 9
5202 6
1916 6
4571 1
5203 2
5204 6
5205 10
2955 7
5206 5
5207 7
5208 10
5209 6
5210 10
5211 4
5212 4
5213 2
5214 9
5215 3
5216 6
5217 10
5218 2
5219 10
5220 10
5221 7
5222 6
5223 2
5224 9
5225 1
5226 7
5228 5
5229 5
5230 3
5231 7
5232 1
5233 8
5234 7
5235 8
5236 6
5237 5
5238 3
5239 3
5240 2
5241 5
5242 8
5243 6
5244 6
5245 7
108 2
5246 4
5247 4
5248 7
5249 1
5250 7
5251 2
5252 7
5253 10
5254 5
5255 1
5256 1
5257 6
5258 1
5259 5
5260 6
5261 7
5262 8
5263 6
5264 8
5265 1
5266 7
5268 1
5267 8
5269 4
5270 5
5271 3
5272 9
5273 4
5274 9
5275 5
5276 9
3868 6
5277 2
5278 7
5279 1
5280 3
5281 3
5282 2
5283 9
5284 2
5285 4
5286 9
5287 1
5288 9
5289 8
5290 8
119 6
5291 5
5292 6
4639 6
5293 9
5294 1
5295 5
5296 9
5297 3
5299 8
5300 1
5301 6
5302 10
5303 4
5304 8
5305 2
5306 6
5307 10
5308 4
5309 2
5310 10
5311 9
5312 4
5313 6
5314 10
5324 2
5325 9
5326 1
5327 6
5328 3
5329 2
5330 7
5331 8
5332 9
15 6
5333 3
5334 5
5335 2
5336 2
5337 10
5338 4
5339 5
5340 9
5341 8
5342 5
5343 1
5344 1
5345 10
5346 1
5320 3
5347 2
5348 1
5349 1
5350 6
5351 7
5352 3
5353 6
5354 8
5355 5
5356 4
5357 3
5358 6
5359 7
5360 7
5361 4
5362 6
5363 3
5364 8
5365 7
5366 1
5367 4
5368 3
5369 5
5370 3
5371 10
5372 8
5373 6
3677 1
5374 5
5375 10
5376 7
5377 6
5378 4
5379 8
5380 4
5381 2
5382 2
5383 1
5384 2
5385 6
5386 10
5387 10
5388 3
5389 3
5390 8
5391 8
5392 2
5393 4
5394 7
5395 6
5396 3
5397 5
5398 7
5406 9
5407 7
5408 3
5409 9
5410 10
5411 9
5412 3
5413 6
5414 2
5415 9
5416 6
5417 3
5418 5
5419 1
2896 2
5420 2
5421 5
5422 3
5423 5
5424 2
5425 8
5426 8
3821 8
5427 10
5405 8
5428 7
5429 6
5430 8
5431 4
5432 1
5433 10
5434 5
5435 1
5436 10
5437 5
5438 3
5404 5
5439 2
5440 4
5441 4
5442 5
5443 8
5444 4
5445 1
5446 5
5447 10
5448 1
5449 9
5450 4
5451 2
5452 5
5453 3
5454 10
5455 1
5456 6
5457 3
5458 6
5459 5
5461 8
5462 8
5463 3
5464 7
5465 7
5466 6
5467 5
5468 9
5469 10
5470 6
5471 9
5472 9
5473 8
5474 2
5475 1
5476 4
5477 8
5478 6
5479 7
5480 9
5481 10
5482 2
5483 3
5484 9
5485 9
5319 1
5486 6
5487 4
5488 2
5489 6
5490 9
5491 10
5492 4
5493 2
5494 5
5495 1
5496 9
5497 9
4485 4
5498 3
5499 3
5500 9
5501 7
5502 3
5503 7
5504 2
5505 8
5506 6
3369 5
5507 7
5508 8
5509 4
5510 6
5511 5
5512 2
5513 2
5514 6
5515 1
5516 7
5517 9
5518 2
5519 4
5520 8
5521 5
5522 2
5523 5
5524 7
5525 8
5526 6
5527 4
5528 2
5529 1
5530 9
5531 10
5532 7
5533 4
5534 2
5535 8
5536 9
5537 2
5538 9
5539 3
5540 10
5541 7
5542 5
5543 5
5544 1
5545 3
5546 8
5547 8
2854 10
2853 4
5548 10
5400 2
5549 10
139 1
5550 9
5551 3
5552 8
5553 9
5554 10
5555 3
5556 6
5557 3
5558 3
5559 6
5560 10
5561 9
5562 7
5563 4
5564 7
5565 7
5566 5
5567 7
5568 10
5569 4
5570 5
5571 8
5572 4
5573 1
5574 3
5575 10
5576 1
5577 1
5578 1
5579 6
5580 9
5581 1
5582 10
5583 1
5584 10
5585 2
5586 10
5587 2
4640 9
5588 2
5589 7
5590 9
5591 6
5592 6
5593 2
5595 9
5596 1
5597 5
5598 6
5599 1
5600 2
5601 6
5602 1
5603 3
5604 2
5605 10
5606 2
5607 8
5608 7
5609 9
5610 8
5611 7
5612 1
5613 10
5614 5
5615 4
5616 6
5617 3
5618 6
5619 4
5620 10
5621 8
5622 7
5623 5
5624 5
5625 5
5594 4
5626 1
5627 9
5628 8
5629 10
5630 5
5631 9
5632 5
5633 5
5634 7
5635 6
5636 6
5637 8
5638 1
5639 4
5640 9
5641 2
5643 7
5647 1
5648 3
5649 7
5650 4
5651 3
5652 1
5653 8
5654 2
5655 1
5656 9
5657 10
5658 2
5659 3
5660 4
5661 3
5662 4
5663 3
5664 7
5665 1
5666 2
5667 3
5668 9
5669 3
5670 8
5673 6
5674 2
5675 4
5676 4
5677 3
5678 2
5679 4
5680 2
5681 8
5682 1
5683 9
5684 9
5685 7
5686 10
5687 10
5688 4
5689 8
5690 3
5691 3
5692 8
5693 7
5694 7
5695 8
5696 4
5697 8
5698 1
5699 4
5700 2
5701 3
5702 2
5703 2
5704 9
5705 9
5706 7
5707 7
5708 3
5709 3
5710 8
5711 4
5712 10
3746 9
5713 6
5714 7
5715 4
5716 7
5717 3
5718 3
5719 7
5720 10
5721 9
5722 10
5723 5
5724 2
5725 8
5726 2
5727 1
5728 9
5729 5
5730 10
5731 2
5732 2
3570 7
5733 10
5734 6
5735 4
5736 5
5737 3
5738 2
5739 4
5740 3
5741 1
5742 4
5743 6
5744 3
5745 3
5746 4
5747 8
5748 7
5749 3
5750 6
5751 6
5752 10
5753 3
5754 5
5755 4
5756 5
5757 1
5758 7
5759 2
5760 7
5761 2
5762 1
5770 3
5771 10
5772 5
5773 8
5774 6
5775 9
5776 7
4750 4
5777 10
5778 1
5779 8
5780 10
5781 5
5782 9
5783 1
5784 1
4572 6
5785 1
5786 7
5787 7
4568 9
5788 1
5789 3
5790 9
5791 2
5792 2
5793 9
5794 8
5795 7
5796 7
5797 10
5798 1
5799 7
5800 6
5801 8
5802 4
5803 5
5804 7
5805 5
5806 10
5807 2
5808 3
5809 3
2062 8
5810 7
5811 10
5812 10
5813 9
5814 6
5815 10
5816 6
5817 5
5818 7
5819 9
5820 9
5821 9
5822 2
5823 4
5824 10
5825 5
5826 2
5827 3
5828 10
5829 2
5830 6
5831 9
5832 1
5833 1
5834 5
5837 5
5838 7
5839 4
5840 3
5841 5
5842 5
5843 3
5844 3
5845 8
5401 6
5846 1
5847 8
5848 4
5849 10
5850 10
5851 2
5852 4
5853 6
5854 2
5855 5
5856 9
5857 4
5858 3
5859 3
5860 10
5861 4
5862 7
3186 10
3819 7
5863 2
5864 9
5865 9
5866 4
5867 7
5868 7
5869 3
5870 1
5871 8
5872 3
5873 2
5874 1
5875 9
5876 2
5877 4
5878 2
5879 2
5880 10
5881 10
5882 5
5883 5
5884 9
5885 3
4967 7
5886 7
5887 10
5888 1
5889 10
5890 2
5891 9
5892 1
5893 8
5894 10
5895 7
5896 3
5897 5
5898 5
5899 3
5900 9
5901 8
5902 2
5903 9
5904 6
5905 4
4747 6
5906 8
5907 5
5908 3
5909 3
5910 7
5911 6
5912 7
5913 8
5914 10
5915 8
5916 9
5917 7
5918 4
5919 8
5920 6
5921 3
5922 1
5923 10
5924 10
5925 7
5926 9
5927 3
5928 2
5460 4
5929 7
5930 2
4748 2
4749 9
5933 2
5934 1
5935 7
5936 4
5937 4
5938 3
3611 8
5939 2
5940 6
5941 3
5942 7
5943 9
5944 3
5945 5
5946 7
5947 9
5948 6
5949 9
5950 2
5951 7
5952 4
5953 7
5954 7
5955 3
5956 2
5957 5
3794 7
5958 1
5959 4
5960 5
5961 8
5962 1
5963 7
5964 4
5965 9
5966 6
5967 4
5968 5
5969 9
5970 6
5971 3
5972 2
5973 10
5974 9
5975 10
5976 1
5977 3
5978 10
3822 3
5979 5
5980 5
5981 5
5982 4
4681 3
5983 8
5984 2
5985 3
5986 5
5987 10
5988 7
5989 6
5990 7
5991 5
5992 8
5993 10
5994 7
5995 2
5996 10
5997 1
5998 4
5999 2
6000 5
6001 3
6002 10
6003 10
6004 4
6005 5
6006 9
6007 3
6008 5
6009 4
6010 7
6011 1
6012 8
6013 9
6014 6
6015 5
6016 4
6017 9
6019 7
6020 3
6021 1
6022 10
6023 7
6024 8
6025 4
6026 10
6027 4
6028 10
6029 7
6030 6
6031 10
6032 3
6033 7
6034 3
6035 9
6036 4
6037 1
6038 10
6039 9
6040 3
6041 10
6042 5
6043 7
6044 5
6045 3
6046 9
6047 10
6048 6
6049 4
6050 1
6051 4
6052 6
6053 9
6054 8
6055 4
6056 2
6057 2
6058 10
6059 1
6060 7
6061 7
6062 6
6063 5
6064 4
6065 8
6066 1
6067 3
6068 1
6069 3
6070 6
6071 10
3364 8
6072 3
6073 8
6074 7
6075 9
6076 10
6077 6
6078 10
6079 7
6080 10
6081 5
6082 1
6083 2
6084 5
6085 2
6086 3
6087 3
6088 8
6094 4
6095 5
6096 3
6097 2
6098 8
6099 6
6100 1
6101 4
6103 10
6104 5
6105 1
6106 8
6107 9
6108 7
6109 3
5321 4
6110 3
6111 1
6113 2
6114 4
6115 4
6116 1
6117 2
6118 10
6119 5
6120 9
6121 5
6122 5
6123 8
6124 10
6125 7
6126 1
6127 6
6128 3
6129 10
6130 6
6131 1
6132 9
6133 8
6134 2
6135 2
6136 10
6137 10
6138 2
6139 9
6140 10
6141 6
6142 4
6143 9
6144 9
6145 8
6146 2
6147 7
6148 4
6149 1
6150 8
6151 1
6152 6
6153 9
6154 1
6155 2
6156 6
28 8
6157 6
6159 7
2899 2
6160 9
6161 8
6162 5
6163 3
6164 5
6165 8
6166 1
6167 1
6168 7
6169 9
3588 7
6170 5
6171 3
6172 5
6173 9
6174 7
6175 7
6176 10
6177 10
6178 1
6179 3
6180 5
6181 10
6182 2
6183 2
6184 1
6185 3
6186 8
6187 8
6188 3
6189 3
6190 8
6191 4
6192 1
6193 1
6194 4
6198 10
6199 6
6200 6
6201 5
6202 10
6203 10
6204 4
6205 2
6206 1
6207 8
6208 2
6209 5
6210 3
6211 3
6212 9
6213 6
6214 6
6215 4
6216 5
6217 6
6218 6
6219 2
6220 6
6221 6
6222 5
6223 4
6224 2
6225 9
6226 9
6227 5
6228 8
6229 9
6230 1
6231 4
6232 4
6233 4
6234 8
6235 3
6236 6
6237 6
6238 9
6239 6
6240 7
6241 9
6242 2
6243 1
6244 9
6245 4
6246 4
6247 5
6248 7
6249 9
6250 8
6251 5
6252 4
6253 6
6254 4
6255 9
6257 7
6258 5
6259 7
6260 10
6261 4
6262 10
6263 7
6264 9
6265 9
6266 10
6267 8
6268 7
6269 2
6270 6
6271 5
6272 6
6273 5
6281 1
6282 8
6283 1
6291 8
6292 10
6293 4
6294 1
6295 9
6296 7
6297 4
6298 7
6299 4
6300 3
6301 1
6302 10
6303 2
6304 8
6305 2
6306 3
6307 10
6308 1
6309 1
6310 3
6311 10
6312 6
6313 2
6314 2
6315 7
6316 3
6317 8
6318 3
6319 4
6320 5
6321 7
6322 2
6323 5
6324 8
6325 7
6326 6
6327 9
6328 1
6329 5
6330 1
6331 7
6332 6
6333 10
6334 5
6335 1
6336 3
6337 7
6338 9
6339 6
6340 9
6341 6
6342 1
6343 5
6344 4
6345 9
6346 5
6347 6
6348 6
6349 9
6350 8
6351 2
6352 4
6353 1
6354 4
6360 2
6361 5
6362 8
6363 2
6364 7
6365 5
6366 1
6367 1
6368 3
6369 6
6370 4
6371 1
6372 5
6373 10
6374 6
6375 9
6376 10
6377 4
6378 10
6379 7
6380 3
6381 1
6382 2
6383 9
6384 5
6385 7
6386 2
6387 8
6388 8
6389 5
6390 9
6391 3
6392 3
6393 7
6394 8
6395 7
6396 9
6397 4
6398 3
6399 2
6400 8
6401 8
6402 6
6403 7
6404 5
6405 9
6406 10
6431 6
6432 10
6433 1
6434 8
6435 3
6436 3
6437 5
6438 10
6439 5
6440 8
6441 3
6442 7
6443 6
6444 1
6445 9
6446 8
6447 4
6448 6
6449 8
6450 5
6451 8
6452 4
6453 10
6454 3
6455 7
6456 9
6457 5
6458 9
6459 2
6460 9
6461 1
6467 2
6468 7
6469 8
6471 1
6472 2
6473 3
6475 4
6476 7
6477 9
6478 4
6479 5
6480 9
133 3
6481 8
6482 9
6483 9
6484 5
6485 6
6486 6
6487 10
3430 3
6488 6
6489 4
6490 4
6491 7
6492 1
6493 9
6494 10
6495 3
6496 2
6497 7
6502 3
6503 4
6504 4
2848 10
6505 2
6506 5
6507 10
6508 9
6509 5
6510 9
6511 9
6512 8
6513 8
6516 10
6517 2
6518 10
6519 10
6520 10
6521 4
6522 5
6523 8
6525 1
6526 10
6527 9
6528 10
6529 7
6530 6
6531 5
6532 4
6533 6
6534 9
6545 10
6546 4
6547 4
6548 10
6549 6
6550 5
6551 3
6552 1
6553 8
6554 9
6555 7
6556 8
6557 3
6558 6
6559 9
6560 2
6561 6
6562 6
6563 4
6564 3
6565 8
6535 8
6566 2
6567 4
6568 7
6569 2
6570 8
6571 10
6572 4
6573 9
6574 2
6575 8
6576 9
6577 3
6578 6
5402 7
6579 1
6580 8
6581 5
6582 10
6583 8
6584 9
6585 3
6586 9
6587 4
6588 2
6589 1
6590 3
6591 5
6592 6
6593 6
6594 2
6595 9
6596 3
6597 1
6598 5
6599 1
6600 7
6601 2
6602 9
6603 7
6604 2
6605 5
6606 9
6607 5
6608 3
6538 9
6609 10
6610 4
6611 8
6612 4
6613 3
6614 1
6615 3
6616 4
6617 4
6089 8
6618 9
6619 9
6620 3
6621 9
6622 9
6623 10
6624 3
6625 4
6626 10
6627 1
6628 7
6629 1
6630 10
6631 3
6632 5
6637 7
6638 6
5763 10
6639 4
6640 4
6641 1
6642 2
6643 10
6644 6
6645 6
6646 9
6647 6
6358 7
6648 2
6649 4
6650 1
6651 3
6652 1
6653 10
6466 2
6654 9
6655 8
6656 8
6657 7
6658 1
6659 3
6660 6
6661 4
6662 1
6663 3
6664 4
6665 8
6666 4
6667 8
6668 3
6669 1
6670 7
6671 5
6672 8
6674 8
6675 10
6676 6
6677 5
6678 1
6679 3
6680 9
6681 3
6636 6
6682 7
6683 3
6684 6
6685 7
6686 9
6687 5
6688 3
6689 5
6690 8
6691 5
6692 1
6693 10
6694 1
6695 5
6696 5
6697 9
6698 5
6699 9
6700 3
6701 4
6702 8
6703 9
6704 6
6705 3
6706 7
6707 5
5087 5
6708 4
6709 7
6710 2
6711 9
6712 5
6713 3
6714 10
6515 9
6715 1
6716 9
6717 5
6718 6
6719 6
6720 6
6721 10
6722 6
6723 5
6724 7
6725 9
3743 6
6726 8
6727 1
6728 7
6729 8
6730 9
6731 7
6733 4
6734 1
6735 8
6736 3
6737 1
6738 5
6739 7
1197 7
6740 8
6741 4
6742 2
6743 1
6744 4
6745 1
6746 10
6747 3
6751 2
6752 7
6753 1
6754 9
6755 3
6756 8
6757 4
6758 2
6759 7
6760 6
6761 8
6762 8
6763 6
6764 5
6765 3
6766 8
6767 8
6768 8
6769 8
6770 9
6771 5
6772 6
6773 10
6774 7
6775 9
6776 4
6777 2
6778 10
6779 3
6780 9
6789 2
6790 2
6791 5
6792 9
6793 10
6794 4
6795 10
6796 4
6797 7
6798 4
6799 8
6800 5
6801 8
6802 5
6803 6
6804 9
6805 7
6806 10
6807 7
6808 4
6809 7
6810 6
6811 7
6812 7
6813 3
6814 8
6815 10
6816 6
6817 6
6818 8
6819 1
6820 6
6821 4
6822 1
6824 8
6825 2
6826 8
6827 6
6828 9
6829 4
6830 8
6831 5
6832 9
6833 8
6834 8
6835 3
6836 6
6837 3
6838 7
6839 8
5061 1
2717 8
5081 9
6840 8
5836 7
6841 2
6842 5
6843 1
368 4
6844 1
6845 6
6846 5
6847 1
6848 5
6849 8
6850 4
6851 3
6852 9
6853 3
6854 1
6855 10
6856 7
6857 5
6858 8
6859 3
6860 4
6861 6
6862 6
6863 8
6864 1
6865 9
6866 9
6867 7
6868 8
6869 9
6870 4
6871 3
6872 5
6873 9
6874 6
6875 7
6876 8
6877 3
6878 9
6879 1
6880 1
6881 10
6882 2
6883 1
6884 5
6885 10
6886 3
6887 5
6888 2
6889 8
5086 1
6890 4
6891 3
6892 6
3797 4
6893 4
6894 3
6895 1
6896 2
6897 8
6898 2
6899 6
6900 6
6901 1
6902 10
6903 5
6904 7
6905 10
6906 5
6907 9
6908 2
6909 4
6910 2
6911 3
6912 6
6913 4
6914 8
6915 10
6916 9
6917 5
6918 2
6919 5
6920 10
6921 3
6922 7
6256 10
6924 10
6925 8
6408 4
6926 7
6927 10
6928 2
6929 1
6930 8
6931 9
6932 2
6933 2
6934 9
6935 4
6936 8
6937 2
6938 4
6939 6
6940 8
6941 4
6942 6
6943 4
6944 10
6945 10
6946 2
6947 8
6948 9
6949 4
6950 4
6951 1
6952 9
6953 6
6954 3
6955 7
6956 2
6957 3
6958 4
6959 10
6960 4
6961 5
6962 1
6963 10
6964 7
6965 3
6966 3
6967 1
6968 1
6969 2
6673 7
6971 4
6972 2
6973 7
6288 1
5835 10
6974 7
6975 5
6976 2
6977 3
6978 3
6979 8
6980 3
6981 9
6982 1
6983 5
6984 1
6985 4
6986 8
6987 4
6988 5
6989 6
6990 9
6991 8
6992 3
6993 6
6994 10
6995 2
6996 5
6997 5
6998 9
6999 2
7000 2
7001 10
7002 8
7003 3
7004 8
7005 9
7006 2
6970 8
7007 3
7008 1
7009 6
7010 7
7011 4
7012 6
7013 8
7014 10
7015 5
7016 5
7017 10
7018 4
7019 9
7020 3
7021 10
2752 5
7022 5
7023 1
7024 1
7025 6
7026 3
7027 5
7029 5
7039 2
7040 4
7041 10
7042 4
7043 10
7044 3
7045 5
7046 3
7047 8
7048 2
7049 9
7050 2
7051 1
7052 8
7053 3
7054 10
7055 5
7057 7
7058 9
7059 7
7060 10
7061 3
7062 9
7069 9
7070 3
7071 1
7072 10
7073 9
7074 5
7075 2
7076 7
3590 8
3466 10
742 1
7077 6
7078 10
739 8
7079 8
7080 5
7081 5
7082 10
7083 2
7084 6
7085 3
2253 4
7086 8
7087 6
7088 3
7089 10
7090 10
7091 1
7092 9
7093 1
7094 8
7095 8
7097 6
7098 3
7099 9
7100 7
7101 8
7102 8
7103 1
7104 8
7105 4
7106 4
7107 1
7108 2
7109 9
7110 9
7111 2
7112 1
7113 2
7114 2
2714 10
7115 5
7116 4
7117 8
7118 6
7119 1
7120 9
7121 5
7122 10
2751 4
7123 7
7124 10
7125 7
7126 6
7127 8
7128 9
3468 4
7129 4
7130 2
7132 2
6093 4
7133 9
7139 7
7140 1
7141 8
7142 4
7143 8
7144 1
7145 1
7146 2
7147 6
7148 10
7149 3
7150 4
7151 7
7152 8
7153 9
7154 10
7155 4
7156 7
7157 5
7158 3
7159 7
7160 6
7161 9
7162 8
7167 5
7168 7
7169 4
7170 9
3678 1
7171 6
7172 9
7173 6
7174 4
7175 3
7176 5
7177 7
7178 1
7179 7
7180 4
7181 5
7182 8
7183 4
7186 8
7187 6
7188 4
7189 7
7190 1
7191 1
7192 1
7193 6
7194 2
7195 1
7196 6
7197 10
7198 4
7199 4
7200 7
7201 8
7202 6
7204 6
7205 8
7206 3
7207 10
7208 2
7216 5
7217 9
7218 3
7219 7
7220 2
7221 10
7222 5
7223 2
3747 5
7224 2
7225 10
7226 8
7227 2
7228 3
7229 1
7230 5
7231 7
7232 5
7233 4
7234 4
7235 8
7236 6
7237 5
7238 6
7239 7
3425 3
7240 2
7241 9
7242 2
7243 2
7244 7
7245 9
7246 10
7247 4
7248 6
7249 2
7250 9
7251 9
7252 9
6524 2
7253 4
7254 1
7255 5
7256 7
3749 1
7257 5
3615 9
7258 10
7259 6
7260 6
7037 4
7261 5
7262 8
7263 10
7264 5
7265 4
7267 9
7268 8
7269 4
7270 5
7271 3
7272 10
7273 1
7274 2
7279 10
7280 3
7281 7
7282 2
7283 9
7284 10
7286 4
7287 5
7288 1
7289 4
7290 7
7291 5
7292 7
7293 2
7294 6
7295 4
7296 10
7297 1
7299 8
7300 7
7301 3
7302 2
7303 10
7304 3
7305 2
7306 10
7307 8
7308 3
7309 1
7310 2
7311 3
7312 3
7313 10
7314 3
7315 10
7325 8
7326 5
7327 3
7328 10
7329 10
7330 10
7331 1
7332 8
7333 1
7334 2
7335 2
7336 8
7337 2
7338 7
7339 6
7340 6
7341 1
7342 4
7343 4
7344 5
7345 10
7346 8
7347 5
7348 5
7349 7
7350 6
7352 5
7353 9
7354 4
7355 5
7356 1
7319 7
7320 3
7357 8
7358 8
7359 7
7360 3
7361 6
7362 3
7363 8
7364 9
7366 10
7367 1
7368 6
7369 8
7370 4
7371 1
7372 10
7373 4
7374 2
7375 2
7376 7
7377 1
7378 4
7379 10
7380 7
7381 10
7382 10
7383 10
7384 9
7385 10
7386 2
7387 2
7388 3
7389 3
7390 3
7391 1
7392 4
7393 4
7394 1
7395 3
7396 9
7397 9
7398 8
7399 6
7400 1
3609 9
7401 8
7402 10
7403 10
7404 5
7405 6
7406 9
7407 4
7408 7
7409 8
7410 8
7411 2
7412 2
7413 5
7414 8
7415 5
3613 9
7416 9
7417 4
7418 1
7419 7
7420 10
7421 2
7422 4
7423 2
7424 7
7425 3
7426 10
7427 3
7428 1
7429 3
7430 7
7431 6
7432 4
7433 8
7434 7
3571 1
7435 5
7436 6
7437 10
7438 5
7439 9
7440 10
7441 8
7442 7
7443 5
7444 7
7445 2
7447 8
7448 4
7449 3
7450 2
7451 9
7452 1
7453 5
7454 10
7455 4
7456 8
7457 4
7458 2
7459 3
7460 7
2715 3
7461 2
7462 7
7463 7
7464 7
7465 9
7466 9
7467 6
7468 8
7469 4
7471 2
7472 9
7473 9
7474 1
7475 8
7476 6
7477 4
7478 2
7479 1
7480 1
7481 9
4730 2
7482 8
7483 8
7484 9
7485 6
7486 10
7487 10
7488 3
7489 4
7322 1
7491 3
7490 7
7492 5
7493 5
7498 2
7499 2
7500 3
7501 10
7031 7
7502 1
7503 5
7504 2
7505 2
7506 9
7507 3
7515 1
7516 2
7035 8
3600 2
7517 5
7518 10
7519 9
7520 3
7521 9
7522 8
7523 3
2716 1
7525 2
7526 1
7527 3
7528 7
7529 5
7530 10
7539 2
7540 9
7541 5
7542 1
7511 10
7543 8
7544 1
7545 2
7546 7
7547 5
7548 2
7549 6
7550 2
7551 5
7552 4
7553 10
7554 8
7555 10
7556 2
7557 9
7558 6
7559 6
7560 1
7561 6
7562 2
7564 3
4490 3
7565 2
7566 5
7567 4
7576 6
7577 3
7578 9
7579 6
7580 9
7581 2
7582 10
7583 9
7584 2
7585 6
7586 5
7587 5
7588 7
7589 7
7590 1
7591 10
7592 2
7593 5
7594 3
7595 8
7596 1
7597 2
7598 2
7599 5
7600 3
7601 3
7602 1
7603 2
7604 6
7605 8
7606 3
7607 9
7446 7
7608 7
7609 6
7610 8
7611 5
7612 2
7613 9
7614 10
7615 7
7616 3
7617 7
7618 10
7619 7
7620 8
7621 9
7622 2
7623 10
7624 5
7625 2
7626 2
7627 1
7628 6
7629 8
7630 8
7631 7
7633 9
7278 5
7634 5
7635 8
7636 4
7637 10
7638 3
7639 4
7640 8
7641 5
7642 1
7643 9
7644 6
7645 1
7646 3
7647 6
7648 3
7649 6
7650 9
7667 3
7668 2
7669 9
7670 3
7671 6
7672 8
7673 5
7674 1
7675 9
7676 10
7677 7
7678 8
7679 10
7680 8
7681 6
7682 8
7166 6
7683 5
7684 10
7685 4
7686 10
7687 2
7691 10
7692 4
7693 6
7694 3
7695 2
7696 4
7709 9
7697 2
7698 8
7706 4
7710 9
7715 3
7716 6
7717 3
7718 8
7719 7
7720 6
7721 2
7722 8
7723 2
7724 5
7725 8
7726 3
7727 8
7728 10
7729 5
7730 4
7731 9
7732 7
7733 8
7734 7
7735 5
7736 9
7742 4
7743 1
7744 4
7745 9
7746 5
7747 3
7748 9
7749 7
7750 2
7751 1
7534 5
7533 6
7752 6
7753 3
7754 6
7755 10
7756 5
7757 4
7758 7
7759 4
7760 7
7761 5
7762 8
7763 4
7764 4
7765 9
7766 9
7767 10
7768 7
7769 7
7770 2
7771 2
7772 5
7773 4
4018 1
7774 6
7775 8
7776 7
7777 7
7778 4
7779 2
7298 4
7780 9
7781 8
7782 7
7783 5
7784 7
7785 9
7786 3
7787 7
7788 10
7789 8
7790 8
7791 8
7792 8
7793 2
7794 5
7277 7
7795 2
7740 2
7796 8
7797 6
7798 7
7799 1
7800 4
7801 7
7802 5
7803 5
7064 7
7317 5
7804 10
7805 10
7806 10
7807 7
7808 8
7809 4
7810 3
7811 6
7812 3
7813 9
7814 6
7815 10
7816 8
7817 9
7818 9
7819 3
7820 7
7821 7
7822 10
7823 9
7824 10
7825 3
7826 5
7827 9
7828 3
7829 10
7830 10
7831 4
3818 7
7832 3
7833 5
4635 1
7834 5
7835 9
7836 7
7837 10
7838 8
7839 10
7840 5
7841 1
7842 6
7843 1
7844 8
7845 8
7846 6
7847 1
3688 10
7848 3
7849 6
7850 4
7851 7
7852 10
7853 9
7854 10
7855 3
3684 3
7856 1
7857 9
7858 3
7859 4
7860 3
7861 5
7862 7
7863 4
7864 5
7865 1
7866 9
7867 7
7868 4
7869 6
7870 5
7871 10
7872 6
7873 6
7874 6
7875 5
7876 3
7877 5
7878 2
7879 2
7880 5
7881 9
7882 6
6633 5
7883 6
7884 10
7885 5
7886 7
7887 4
7888 4
7889 2
7890 1
7891 10
7892 4
7893 9
7894 1
7895 2
7896 2
7897 4
7898 7
7908 10
7909 2
7910 1
4731 6
7911 1
7912 3
7913 1
7914 6
7915 2
7916 7
7917 9
7918 9
7919 7
7920 1
7922 4
7653 5
7923 6
7924 6
6463 5
7925 6
7926 6
7927 3
7928 10
7929 4
7930 10
7931 3
7932 2
7933 10
7939 8
7940 2
7941 6
7937 8
7942 5
7033 10
7943 1
7944 6
7945 2
7946 5
7936 3
7947 9
7948 5
7949 2
7950 6
7951 10
7952 5
7953 1
7957 5
7954 6
7958 4
7959 2
7960 5
7961 7
7962 10
7963 1
7964 2
7965 2
7968 2
7969 4
7970 9
7971 3
7972 1
7163 8
7973 10
7974 2
7513 6
7975 4
7976 8
7977 4
7978 1
7979 9
7980 10
7981 7
7982 9
7983 8
7987 9
7988 3
7989 7
7990 7
7991 10
7992 1
7993 6
7470 10
7994 6
7995 8
7996 6
7997 5
7998 3
7999 1
8000 10
8001 8
8002 2
8003 4
8004 3
8005 9
8006 7
8007 7
8008 4
8009 10
8010 3
8011 9
8012 6
8013 7
8014 8
8015 8
8016 1
8017 6
8018 8
8019 5
8020 2
8021 4
8022 4
8023 8
8024 6
8025 5
8026 1
8027 9
8028 5
8029 3
8030 6
8031 8
8032 6
8033 2
8034 1
8035 2
8036 1
8037 2
8038 4
8039 10
8040 10
8041 7
8042 10
8043 10
8044 2
8045 6
8046 4
8047 1
8048 2
8049 7
8050 9
8051 2
8052 1
8053 1
8054 8
8055 7
8056 2
8057 3
8058 9
8059 8
8060 2
8063 7
8064 7
8065 10
8066 9
8068 8
7737 5
8071 7
8072 8
8073 10
8074 3
8075 1
8076 2
8077 2
8078 7
8079 2
8080 4
8081 3
8082 7
8083 5
8084 8
8085 8
8086 6
8087 7
8088 10
8089 7
8090 4
8091 10
8092 7
8093 1
8100 10
8101 1
8102 2
2060 6
8103 7
8104 9
8105 10
8097 5
8106 6
8107 1
8108 5
8109 2
8110 4
8111 1
8112 8
8113 10
8114 6
8115 6
5083 1
8116 1
8117 9
8118 10
8119 7
8121 1
8122 4
8123 5
8124 5
8125 9
7203 10
8126 6
8127 6
8128 7
8129 3
8130 6
8131 3
8132 5
8133 4
8134 5
8135 2
8136 10
8137 3
8138 1
8139 7
8140 5
8141 5
8142 7
8143 10
7028 5
8144 7
8096 4
8145 6
8146 8
8147 10
8148 3
8149 2
8150 10
8151 7
8152 5
8153 8
8154 5
8155 8
8156 8
8157 7
8158 3
8159 8
8160 5
8161 9
8162 2
8163 3
8164 10
6498 10
6499 5
8165 6
6501 2
8166 10
8167 6
8168 4
3606 8
8169 7
8170 10
8171 2
8172 6
8173 6
8174 4
8175 8
8176 5
8177 8
8178 5
8179 10
8180 9
4683 3
8181 8
8182 3
8183 3
8184 6
8185 9
8186 9
8187 3
8188 10
8189 9
8190 7
8191 4
8192 6
8195 7
8196 7
8197 8
8198 5
8199 1
8200 5
8201 5
8202 9
8203 7
7276 6
8204 9
8205 6
8206 3
8207 3
8208 10
8209 10
8210 2
8211 5
8212 2
8213 4
8214 7
8216 6
8217 4
8218 7
8219 9
8220 5
8221 9
8222 4
8223 2
8224 5
8225 3
8226 2
8227 10
8228 3
8229 3
8230 2
8231 10
8232 10
8233 6
8234 9
8235 2
8236 2
8237 2
8238 6
8239 1
8240 10
8241 8
8242 5
7032 1
8243 6
8244 5
8245 4
8246 5
2863 10
8247 10
8248 1
8249 2
8250 7
8251 5
8252 7
8253 5
8254 3
8259 9
8260 7
8261 2
8262 7
8263 10
8264 8
8265 6
8266 1
8255 9
8070 8
8267 5
8268 6
8269 7
8270 7
8271 1
8272 8
8273 8
8274 1
8275 10
8276 7
8277 6
8278 8
8279 4
8280 1
8281 6
8282 5
8283 2
8284 5
8285 10
8286 3
8287 2
8288 3
8289 2
8290 3
8291 3
8292 10
8293 4
8294 4
8295 6
8296 8
8297 9
8298 1
8299 5
8300 1
8301 10
8302 6
8303 6
8304 8
8305 9
8306 9
8307 3
8308 8
8310 7
8311 9
8312 8
8313 8
8314 9
8315 8
8316 2
8317 2
8318 7
8319 8
8320 5
8321 2
8322 4
8323 2
8324 9
8326 7
8193 9
8327 5
8328 3
8329 7
8330 6
8332 4
8334 3
8335 5
8336 6
8337 7
8338 3
8339 6
8340 8
8341 2
8342 8
8343 6
8344 2
8345 1
8346 9
8347 1
8348 8
8349 7
8350 1
7184 10
8351 1
8352 4
8353 4
8354 7
8355 1
8356 4
8357 1
8358 2
8359 6
7701 9
7935 6
8360 6
8361 2
8362 5
7906 8
8363 8
8364 8
8365 1
8366 7
8367 1
8368 2
8369 7
8370 1
8371 7
8372 8
8373 3
8374 8
8375 3
8376 6
8377 1
8309 3
8333 5
8378 3
8379 9
8331 8
8380 6
8381 10
8382 9
8383 5
8384 9
8385 8
8386 3
8387 10
8388 6
8389 5
8390 3
8391 2
8392 9
8393 8
8394 3
8395 1
8396 6
8397 1
3742 3
8398 8
8399 9
8400 1
8401 1
8402 7
8403 2
8404 8
8405 7
8406 4
8407 3
8408 7
8409 6
8410 3
8411 3
8412 6
8413 1
8414 10
8415 5
8416 9
8417 10
8418 9
8419 4
8420 8
8421 10
8422 4
8423 6
8424 1
8425 4
8426 4
8427 4
8428 9
8429 2
8430 3
8431 8
8432 4
8433 5
8434 4
8435 8
8436 2
8437 7
8438 6
8439 7
8440 3
8441 5
8442 4
8444 3
8215 10
8445 9
8446 4
8447 5
8448 5
8449 2
8450 6
8451 3
8452 3
8453 1
8454 7
8455 10
8456 7
8457 7
8458 10
8459 1
8460 10
8461 6
8462 7
7700 2
8463 2
8464 10
7907 8
8465 10
8466 6
8467 2
8468 5
8469 6
8470 6
8475 6
8476 6
8477 2
8478 1
8479 2
8480 10
8481 9
8482 7
8483 8
8484 2
8486 1
8487 2
8488 1
8485 2
8489 5
8490 7
8491 2
8492 7
8493 3
8494 9
8495 4
8496 4
8497 1
8498 3
8499 2
8500 7
8501 3
8502 2
8503 1
8504 2
8505 1
8506 1
8507 2
8508 1
8509 9
8510 6
8511 5
8512 3
8513 9
8514 4
8515 5
8516 2
8517 8
5399 1
8518 8
8519 8
8520 1
8521 7
8522 8
8523 8
8524 4
8525 5
8526 5
8527 5
8528 1
8529 9
8530 9
8531 4
8532 3
8533 10
7212 2
8534 9
8535 5
8536 2
8537 5
8538 2
8539 6
8540 1
8541 2
8542 7
8543 1
8544 9
8545 7
8546 7
8547 9
8548 7
8549 4
8551 6
8552 9
8553 10
8554 3
8555 7
6635 4
8556 9
8557 4
8558 9
8559 2
8560 1
8561 4
8562 5
8563 2
8564 1
8565 5
8566 6
8567 8
8568 1
8570 5
8571 10
8572 8
5403 8
8573 7
8574 10
8575 10
8576 1
8577 3
8578 5
8579 2
8580 5
8581 6
8582 9
8583 10
8584 4
8585 7
8586 5
8587 4
8588 5
8589 9
8590 4
8591 7
8592 7
8593 3
8594 4
8595 5
8596 7
8597 8
8598 8
8607 2
8608 2
8609 3
8610 5
8611 2
8194 4
8612 6
8613 2
8614 2
8615 5
8616 6
7056 1
8617 8
8618 9
8619 7
8630 5
8631 4
8632 4
8633 7
8634 10
8635 4
8637 8
8638 10
8639 6
8621 2
8640 2
8641 1
8642 9
8643 3
8645 5
8646 6
8647 3
8648 2
8649 9
8650 7
8651 10
8652 6
8653 1
8654 3
6415 1
8655 7
8656 7
8657 6
8659 2
8660 8
8661 2
8662 5
8663 4
8664 9
8665 7
8666 9
8667 6
8668 10
8669 7
8672 4
8673 1
8674 10
8675 8
8676 3
8677 3
8678 6
8679 1
8680 5
8681 7
8682 2
8683 4
8684 6
8685 8
8693 10
8694 1
8695 10
8696 8
8697 6
8698 3
8699 7
8700 3
8701 2
8702 8
8703 9
6284 3
8704 6
8705 5
8706 6
8707 9
3598 5
8708 5
8709 6
8710 8
8711 5
8712 3
8713 3
8714 4
8716 5
8717 5
8718 8
8719 8
8720 10
8721 9
8722 9
8723 2
8724 8
8725 8
8726 6
8727 10
8728 1
8729 5
8730 2
8733 7
8734 8
8735 9
8736 10
8737 8
8738 8
8739 4
8740 6
6411 1
8741 7
8744 2
8745 10
8746 8
8747 5
8748 7
8749 2
8750 2
8751 8
8752 5
8753 2
7131 2
8754 1
8755 7
8756 10
8757 9
8758 5
8759 10
8731 2
8760 6
8761 8
8762 8
7538 8
8763 8
8764 4
8765 5
8766 10
8767 7
8768 6
8769 8
8770 6
8771 5
8772 5
8773 3
8774 9
8775 6
8776 8
8777 9
8778 10
8779 3
8780 9
8781 2
8782 2
8783 4
8784 4
8785 5
8786 3
8787 3
8789 9
8790 7
8791 10
8792 4
8793 2
8794 4
8795 10
8796 7
8797 7
8798 5
8799 5
8800 8
8801 9
8802 7
8803 1
8804 8
8805 6
8806 2
8807 7
8808 6
8809 7
8810 10
2648 7
8811 10
8812 5
8813 7
8814 9
8815 3
8816 9
8817 9
8818 10
2971 5
8819 7
8820 7
8821 10
8822 7
8823 1
8824 5
8825 2
3218 4
8826 9
8827 8
8829 3
8830 10
8831 10
8832 9
8833 6
8834 2
8835 5
8836 8
8837 5
8838 10
8839 5
8840 6
8841 5
8842 4
8843 7
8844 2
8845 5
8846 9
8847 6
8848 5
8849 9
8850 4
8851 9
8852 9
7699 4
8853 9
8854 4
3602 5
8855 8
8856 1
8858 6
8859 6
8860 6
8861 8
8857 8
8862 2
8863 2
8864 4
8865 2
8866 4
8867 1
8868 7
8869 3
8870 3
8871 5
8872 5
8873 6
8874 5
8875 3
8876 1
8877 9
8878 1
8879 3
8880 1
8881 3
8882 7
8883 3
8884 7
8885 9
8886 7
8887 6
8888 4
8889 3
8890 8
8891 7
8892 6
8893 2
8894 5
8895 2
8896 2
8897 4
8898 3
8899 4
8900 6
8901 6
8902 10
8903 10
7711 1
8904 8
8914 3
8915 4
8916 6
8917 10
8918 8
8921 5
8922 9
6112 3
8923 6
8924 3
7137 9
8925 8
8926 4
8927 9
8928 7
8929 7
8930 6
8443 1
8931 2
8932 5
3691 7
8933 8
8934 6
8935 2
8936 4
8937 4
8938 10
8939 5
8940 8
8941 1
8942 10
8943 6
7956 3
8944 6
8945 8
7030 1
8946 3
8947 7
8948 3
8950 9
8951 5
8952 3
8953 3
8954 3
8955 2
8956 1
8957 5
8958 10
8959 4
8960 3
8961 10
8962 3
8963 5
8964 2
8965 4
8966 5
8967 1
8968 10
8973 4
8974 7
8975 5
8976 6
8970 6
8981 2
3595 6
8982 7
8983 3
8984 2
8985 9
8986 3
8987 9
8988 10
8989 10
8990 9
8991 1
8992 1
8993 7
8994 8
8995 3
8996 9
8997 7
9002 7
9003 6
9004 1
9005 6
9006 7
9007 10
9008 9
9009 3
9010 8
9011 3
9012 9
9016 2
9017 9
9018 2
9019 7
9020 3
9021 5
9022 7
9023 5
9024 6
9025 8
9026 3
9027 2
9028 7
9029 10
9030 7
9031 5
9032 6
9033 6
9034 3
9035 10
9036 10
9039 9
9040 6
9041 10
9042 5
9043 10
9044 2
9045 3
9046 2
9047 9
9048 4
9049 10
9050 5
9051 9
9052 10
9053 3
9054 9
9055 5
9056 8
5768 5
9057 1
9058 6
9059 3
9060 3
9061 1
9062 5
9063 9
9064 10
9065 9
9066 8
9067 9
9068 7
9069 1
7703 6
9070 9
9071 7
9072 6
9073 10
9074 6
9075 7
9076 4
9077 1
9078 6
9079 3
9080 10
9081 4
9082 9
9083 9
9084 7
9085 4
9086 3
9087 7
9088 4
9089 3
9090 2
9095 8
9096 6
9097 8
9098 1
9099 4
9100 9
9101 1
9102 5
9103 7
9104 7
9105 7
9106 10
9107 2
9108 8
9109 8
8622 5
9110 6
9111 5
9112 7
9113 9
9114 7
9115 9
9116 9
9117 3
3594 5
9118 6
9119 2
6634 2
9120 1
9121 1
9122 2
9123 1
9124 1
9125 7
9126 7
9127 7
9128 1
9129 10
8473 10
9130 4
9131 10
9132 2
9133 3
9134 4
9135 6
9136 9
9137 10
9138 6
9139 2
9140 3
9141 10
9142 8
9143 9
9144 1
9145 10
9146 7
9147 9
7135 2
9148 4
9149 1
9150 8
9151 8
9152 8
9153 7
9154 5
9155 1
9156 5
9157 6
9158 8
9159 2
9160 1
9161 8
9162 4
9163 6
9164 2
9165 6
9166 7
9167 1
9168 3
9169 5
9170 1
9171 8
9172 1
9173 3
9174 4
9175 7
9176 2
9177 6
9178 9
9179 4
9180 3
9181 6
9182 10
9183 3
9184 8
9185 10
9186 1
9187 9
9188 4
9189 5
9190 5
9191 8
9192 7
9193 5
9194 6
9195 5
9196 1
9197 2
9198 7
9199 1
9200 1
9201 3
9202 3
9203 4
9204 7
9205 7
9206 10
9207 8
9208 8
9209 7
9210 5
9211 5
9212 10
9213 9
9214 8
9215 9
9216 9
9217 5
9218 8
9219 9
9220 4
9221 10
9222 3
9223 1
9224 7
9225 3
9228 7
9229 8
9230 4
9231 4
9232 2
9233 7
9234 5
9235 10
9236 7
9237 10
9238 6
9239 10
9240 7
9241 8
9242 8
9243 3
9244 10
9245 9
9247 1
9248 4
6514 1
9249 10
9250 9
9251 3
9252 3
9253 7
9254 5
9255 6
9257 6
9258 2
9259 9
9260 10
6542 5
9261 1
9262 2
9263 4
6541 8
9264 8
7134 5
9265 6
9266 10
9267 2
9268 5
9269 2
9270 3
9271 5
9272 10
9273 3
9274 4
9275 10
9276 3
9277 7
9278 3
9279 7
9280 7
9281 1
9282 1
9283 6
9284 7
9297 6
9298 9
9299 5
9300 7
9301 10
9302 2
9303 3
9304 6
9305 7
5298 5
9306 6
9307 4
9308 5
9309 6
9310 6
7508 2
9311 5
9312 7
9313 8
9314 9
9315 5
9316 9
9317 2
9318 9
9295 9
9296 10
9319 4
9320 6
9321 2
9334 9
9335 9
9336 6
9337 9
9338 8
9339 8
9340 1
9341 3
9342 5
9343 8
9344 3
9345 5
9346 2
9347 7
9348 2
9349 5
9350 3
9351 3
9352 3
9353 7
9354 10
9355 1
9356 5
9357 6
9358 10
9362 9
9363 5
9364 5
9365 1
9366 1
9368 9
9369 3
9370 6
9371 3
9372 4
9373 6
9374 10
9375 9
9376 8
9377 7
9378 9
9379 5
9380 4
9381 1
9382 10
9383 2
9384 1
9385 6
9386 4
9387 7
9388 1
9389 4
9390 10
9391 6
9392 5
9393 5
9394 1
9395 8
9396 8
9397 3
9398 6
9399 8
9400 6
9401 10
9402 7
9403 1
9404 1
9405 6
9406 1
9359 4
9407 7
9408 7
9409 2
9410 5
9411 3
9412 1
9413 5
9414 10
9415 6
9416 10
9417 9
9418 2
9419 4
9420 4
9421 5
9422 4
9423 6
9424 1
9425 7
9426 3
9427 1
9428 2
9429 6
9430 2
9431 8
9432 5
9433 3
9434 2
9435 5
9436 7
9437 7
9438 4
9439 5
9440 10
9441 8
9442 9
9443 9
9444 9
9445 10
9446 5
9447 10
9448 6
9449 4
9450 7
9451 7
9452 5
9453 7
9454 9
9455 8
9456 2
9457 9
9458 8
9459 10
9460 6
9461 4
9462 9
9463 5
9464 5
9465 1
9466 6
9467 8
9468 6
9469 7
9470 2
9471 10
9472 8
5316 10
9473 2
9474 5
9475 8
9476 5
9477 8
9478 3
9479 7
9480 6
9481 9
9482 9
9483 7
9484 5
9485 4
9486 6
9487 2
9488 7
9489 8
9490 2
9491 3
9492 7
9493 2