1 1 
2 
3 2 2 4 2 2 2 3 3 
5 
1 
6 
1 1 
6 
6 7 7 7 6 6 8 8 8 8 
6 9 4 4 4 10 3 10 5 10 4 4 4 
1 1 1 11 1 1 1 
12 12 
1 1 
8 8 8 8 8 8 
6 
2 
9 12 
3 
9 
3 
12 
5 
13 13 13 
6 9 9 9 9 9 9 
2 6 
12 
1 
3 
6 7 7 7 6 7 
6 6 6 
14 
2 4 4 4 3 
6 
6 
6 
8 8 1 7 8 8 8 8 8 8 8 8 8 8 8 
6 
1 1 
13 7 13 7 7 13 7 13 7 13 7 13 14 14 14 13 7 4 4 7 13 13 13 13 
8 8 8 
1 
8 8 
13 
13 13 
13 8 13 13 13 14 14 14 14 14 
6 6 6 6 
5 
6 
13 13 
12 
8 8 
13 13 13 
1 1 8 
13 14 
13 13 13 13 13 13 13 9 
12 
1 3 3 1 
8 8 8 7 4 8 8 8 
1 1 11 1 12 1 1 1 1 1 
6 9 9 9 9 7 9 
2 
13 14 13 
1 1 1 
2 12 3 4 12 12 
1 
4 
1 3 3 
1 1 12 1 
14 14 14 14 14 14 
1 1 
2 
11 11 14 
6 8 
9 12 9 9 9 9 7 4 4 4 4 4 4 4 
1 2 1 14 14 14 14 14 14 14 14 14 14 14 14 1 2 2 
1 6 6 
6 
1 4 7 1 10 10 1 2 2 1 1 6 1 
8 8 8 8 
1 
1 1 12 2 2 4 
1 1 1 1 1 1 1 1 
1 
8 8 8 8 8 8 8 
1 1 4 10 10 10 10 10 15 10 
6 15 6 
6 
6 
8 8 8 8 
6 
6 
3 3 
8 8 
3 3 3 4 
4 
12 
13 13 14 
13 13 13 13 
8 8 8 8 8 8 8 8 8 
4 4 6 
3 
13 
9 7 9 7 7 9 12 6 10 13 14 12 3 
1 5 5 5 
14 14 14 14 
14 14 14 
4 4 10 10 10 10 2 2 2 2 10 12 12 10 7 7 1 10 
1 1 
1 1 
4 4 9 9 3 
12 12 12 
9 9 4 4 
6 
9 9 9 9 9 6 9 6 
8 8 8 8 8 13 13 13 13 8 8 8 8 8 8 8 8 8 8 8 8 
6 
1 1 1 12 1 10 10 14 2 14 14 14 14 14 
6 6 
6 
3 
13 13 13 13 13 13 13 
1 
12 
3 
8 4 4 
3 3 
11 
14 
13 9 
9 12 12 
8 
6 15 6 
14 
9 9 9 9 9 
8 
13 13 13 14 14 14 14 14 14 14 14 14 14 14 14 14 14 14 14 
6 9 9 2 
9 9 3 11 
5 5 5 5 5 5 5 5 5 5 5 5 5 5 5 5 5 5 5 5 5 5 5 5 5 5 5 5 5 5 
4 
1 1 2 
1 1 1 
13 
12 12 
1 3 3 3 3 
13 
12 12 1 
11 1 1 1 2 1 1 5 5 5 5 5 5 1 1 6 6 1 1 6 1 1 1 1 5 
8 8 8 8 8 8 8 8 8 
5 
9 9 9 9 9 5 5 5 5 5 5 5 5 5 5 5 5 5 5 5 5 5 5 5 5 5 5 5 5 9 
10 
12 9 3 12 4 9 12 
1 2 2 2 2 2 6 6 7 7 7 7 
9 
14 3 4 
6 
9 3 3 
11 
1 1 1 1 1 1 2 1 
6 8 8 8 8 12 
1 14 1 14 1 1 1 1 1 
6 
9 7 7 9 4 4 4 4 4 7 4 6 
1 14 14 14 14 14 14 14 1 14 14 14 14 14 14 14 14 1 14 14 
1 1 14 1 14 14 14 
4 4 4 4 4 
6 4 
6 
3 3 
12 
9 9 5 5 5 
8 8 8 8 8 8 8 8 8 
9 9 6 6 
14 14 1 
9 4 
1 1 11 11 11 1 2 1 12 1 
9 9 13 13 13 13 8 8 6 6 12 9 12 9 9 13 13 13 13 8 8 6 6 12 9 12 9 9 13 13 13 13 8 8 6 6 12 9 12 11 9 9 13 13 13 13 8 8 6 6 9 9 3 9 9 13 13 13 13 8 8 6 6 9 9 9 9 9 13 13 13 13 8 8 6 6 9 9 3 9 13 13 8 3 9 13 9 9 13 8 9 9 13 13 13 13 8 8 3 14 9 9 9 9 13 13 13 13 8 8 3 14 9 9 9 13 13 8 3 9 9 13 13 13 13 8 8 3 14 9 9 
4 9 
6 6 6 15 5 6 6 6 6 6 2 2 2 2 1 2 2 8 6 10 11 14 3 7 2 12 2 15 6 6 6 6 6 6 6 6 6 1 
1 
6 
12 
1 10 1 
6 2 2 
3 
3 
1 1 
1 3 3 1 1 1 1 1 2 15 6 1 1 7 7 1 15 1 3 3 3 2 
3 
6 7 7 7 6 10 10 
9 9 
4 
1 1 10 1 1 1 12 1 1 12 12 1 1 1 1 
6 6 6 6 3 14 
1 6 1 
6 
9 9 9 4 4 4 4 4 4 4 6 7 7 7 7 7 7 4 9 6 6 15 11 11 11 11 11 15 4 4 
4 4 4 4 4 4 4 4 4 4 4 4 
12 9 9 9 
4 
8 8 8 8 8 
6 15 6 
13 13 
1 11 1 6 
6 6 6 6 6 6 6 6 6 6 
9 8 
8 8 2 8 
16 16 
4 
10 10 10 
13 14 
1 7 7 7 
4 
8 8 14 14 14 4 4 14 8 14 
4 
13 13 
9 7 9 5 5 5 5 5 5 5 5 5 5 5 5 5 5 5 8 8 8 
3 
13 1 7 7 1 
1 
1 14 14 1 1 2 
14 14 
14 
2 
8 8 8 
6 14 
11 11 11 11 
1 6 6 7 7 7 6 
1 2 1 2 1 6 1 4 1 2 1 2 
1 1 1 1 1 
9 3 4 6 7 7 7 7 7 7 7 7 7 7 7 7 7 7 7 
14 14 
10 2 14 14 
8 
1 
9 5 5 5 5 5 5 5 5 5 5 5 5 5 5 5 5 5 5 5 5 5 5 5 6 9 
1 11 17 1 1 6 7 7 7 7 7 7 7 
4 4 12 4 
2 15 
6 
2 
1 
14 14 14 14 14 
1 1 12 
12 12 12 14 14 14 12 
2 2 
1 1 1 1 1 14 
1 1 
6 9 
4 4 
1 
2 
1 4 
14 14 
13 13 13 13 13 13 14 14 14 13 13 13 14 13 8 8 8 9 
14 14 14 
13 13 14 
1 14 14 14 14 1 2 2 2 2 2 
1 6 6 10 10 10 10 10 10 10 10 10 10 10 10 7 6 7 7 10 10 10 10 10 10 2 10 2 12 10 2 10 12 11 10 10 10 10 10 10 10 10 10 6 6 6 7 7 7 10 10 10 10 10 10 10 10 10 10 10 10 2 2 2 6 6 7 6 
1 3 1 17 7 7 7 7 
10 
2 
2 2 15 5 5 16 
10 
1 
12 
12 12 12 12 12 12 12 12 12 
14 
1 4 7 1 1 
1 1 1 1 14 14 1 11 1 
1 1 1 1 1 5 1 5 1 1 
9 
12 12 
6 
1 1 3 1 
3 
10 10 
11 11 11 
12 6 
8 8 8 8 8 8 8 
1 1 1 
1 4 
1 2 2 2 2 
1 11 1 2 2 14 
5 5 5 5 5 1 
1 1 1 1 1 1 10 1 1 1 1 1 1 1 1 1 1 1 1 1 1 1 1 1 1 
6 
6 
1 3 10 10 1 5 5 11 11 
6 6 
1 1 1 1 1 
1 3 3 3 
1 10 10 14 14 1 14 1 14 1 14 1 14 
8 8 8 9 
1 1 14 
6 
6 
1 14 14 14 14 
3 
1 
14 14 14 
12 
1 1 6 
6 
4 
4 4 
1 4 10 10 10 11 1 2 1 1 5 6 1 1 1 
1 14 
3 
9 9 9 9 
14 14 
2 3 3 11 11 
6 6 6 8 8 8 8 8 8 8 
13 14 
6 
13 4 
2 2 2 
6 15 12 2 1 2 12 12 12 12 
6 7 7 7 6 7 7 7 6 2 4 
8 8 8 8 8 8 
2 
9 9 8 8 11 11 17 11 17 11 11 7 4 7 4 4 4 7 4 4 4 4 4 7 4 4 4 2 2 4 7 2 2 11 11 7 4 7 4 7 4 6 2 2 
2 2 2 2 2 2 2 3 2 2 2 2 2 2 2 2 2 2 2 2 3 12 
1 16 16 2 16 16 16 
2 
3 
6 4 
4 
6 12 6 
13 13 
6 
1 1 14 14 14 14 14 14 
1 1 10 1 12 12 12 1 
1 4 12 12 12 12 3 3 3 
6 
6 14 14 
6 
1 14 14 14 14 1 11 14 14 14 1 2 14 14 14 14 5 5 5 5 5 1 12 10 11 6 7 7 7 7 5 5 5 5 
12 2 2 10 10 10 
9 9 4 4 4 4 
1 1 
14 
9 9 9 9 9 2 2 2 9 9 9 
11 
3 
1 4 1 4 4 4 4 4 4 4 4 4 4 4 4 4 4 
6 
8 8 8 8 
6 8 8 11 11 11 11 11 
3 1 1 
2 
4 4 4 4 
1 6 2 10 2 2 2 6 1 6 6 6 6 
3 3 3 
15 
1 
3 3 3 3 5 5 5 5 
12 5 5 5 5 13 7 13 13 
6 
1 
1 
12 12 1 11 12 14 14 12 
6 
10 
1 1 12 12 12 14 14 14 14 14 14 14 14 14 14 14 14 14 14 14 14 14 14 14 14 14 14 14 14 
1 1 4 4 4 4 4 4 4 1 1 
9 
1 1 8 1 8 1 8 8 1 8 1 8 1 
6 
9 9 9 9 9 9 9 9 
1 
13 6 
6 
1 
10 10 15 5 15 10 12 
8 3 
13 13 7 13 13 13 13 13 
3 
6 
8 
8 8 
9 
6 1 2 2 2 2 2 2 
1 10 12 12 12 12 12 12 12 12 12 12 12 12 12 12 12 12 12 12 12 
1 10 10 10 10 10 10 10 10 10 10 10 10 
4 4 
1 
9 9 
3 
6 
6 6 6 6 6 
1 1 1 1 1 1 1 1 1 1 1 1 1 1 1 1 1 1 1 1 
6 
1 1 2 2 4 14 14 14 1 
13 13 13 13 13 13 
9 13 
6 
9 7 9 9 
8 8 8 8 8 8 8 8 8 8 8 
10 2 12 12 12 
1 1 1 1 1 1 
8 8 8 
3 3 
13 
8 14 14 
6 
14 14 14 14 14 14 14 14 14 14 14 14 
1 7 4 
8 8 
4 4 
1 11 11 1 1 
8 8 8 8 8 
5 5 5 5 5 5 5 5 5 5 
2 
6 
13 13 1 13 13 1 13 13 
6 
9 3 9 9 
9 9 
3 9 
8 8 8 8 8 
6 15 6 
6 
3 
8 8 8 8 4 
13 13 13 13 13 13 13 
6 11 11 11 11 
1 1 
6 6 7 7 7 6 7 6 6 3 
6 
4 
13 
6 6 
12 
4 4 9 9 4 2 4 4 11 17 11 11 11 11 
1 2 2 1 1 14 14 14 
6 
8 8 8 8 8 
13 13 13 13 13 13 14 14 14 13 
6 
11 14 14 14 14 14 
14 
4 4 11 
13 12 4 4 9 3 9 
1 1 10 1 1 1 
13 13 
15 
3 
1 1 1 1 1 1 
9 1 9 1 9 1 9 1 8 8 8 8 8 9 1 14 14 7 7 7 7 7 7 7 7 
13 13 13 14 14 14 14 14 14 2 14 13 11 11 
8 8 8 8 8 8 8 8 8 8 8 
13 13 13 13 
3 3 
8 8 8 8 8 8 8 8 8 8 
2 
13 14 14 
3 
6 
13 13 
13 13 
8 13 13 13 
11 11 
8 8 8 8 8 8 
1 1 3 3 3 3 3 6 7 7 7 7 
2 
2 
9 
8 8 8 8 
8 8 
13 
11 
4 
1 1 1 1 1 1 1 
6 6 6 
9 1 2 
8 
6 7 7 7 6 15 6 
6 
14 14 14 1 
12 
1 1 5 5 
8 8 8 8 8 8 8 
9 9 8 
8 8 8 8 8 6 6 6 6 6 6 6 6 
3 
8 8 8 8 8 8 
6 
6 
14 
11 11 2 2 2 2 2 2 2 2 2 2 6 
6 6 1 
12 
1 1 1 1 
4 4 4 4 4 4 4 4 4 4 4 4 4 4 4 4 4 14 14 4 4 4 4 4 4 4 4 4 4 4 4 4 4 
1 10 4 
4 
13 13 13 
1 1 1 3 3 1 1 1 2 1 1 
1 
4 8 8 
1 6 
9 
9 9 1 7 7 9 7 1 4 4 4 4 4 7 2 4 2 
1 2 1 1 2 2 1 11 1 1 1 1 1 1 1 1 1 1 1 1 1 
13 
9 
2 14 2 17 17 2 
12 9 9 9 9 9 9 9 12 12 12 12 5 
4 
8 8 8 8 8 8 
1 2 
13 13 
1 1 6 1 
1 5 11 11 11 11 11 11 17 
4 
8 8 8 8 
1 12 12 12 2 2 1 2 12 
13 7 13 14 14 
6 6 7 7 7 7 2 2 2 2 6 6 12 12 12 12 
2 2 8 2 8 8 5 5 5 5 5 5 5 5 5 5 5 5 5 5 
2 
9 9 9 
9 9 9 9 9 
6 7 7 6 7 6 7 6 7 6 6 
8 8 8 8 8 8 
8 8 8 8 8 8 8 
14 14 14 14 14 14 
3 14 14 14 14 
8 8 8 8 8 8 
8 12 12 15 12 12 
1 1 11 1 1 3 1 1 3 2 1 
6 6 6 
14 14 14 
8 8 8 6 7 7 7 6 7 7 7 6 6 
9 9 
8 
9 
8 10 10 10 10 10 10 11 11 11 11 
1 
9 4 4 4 4 
6 1 1 
12 
2 2 2 
1 
1 1 1 1 1 1 
14 14 
1 1 2 2 2 4 4 
1 14 1 1 1 
3 
6 7 7 7 6 2 2 2 
1 1 1 1 1 1 1 1 1 1 
1 
13 13 13 
6 10 6 6 7 7 6 7 7 6 6 7 7 7 7 7 7 6 6 6 
1 1 10 10 10 
8 8 8 8 8 8 8 8 
4 4 4 
5 2 2 
1 2 2 2 2 
1 12 1 12 12 1 
1 1 2 1 1 2 1 
1 
6 7 7 7 7 6 7 6 15 11 
9 1 1 10 4 6 4 7 4 6 
1 
6 
2 7 7 7 10 10 10 10 10 10 9 9 1 1 4 7 4 4 4 4 4 4 4 4 7 8 8 14 14 10 10 10 10 4 7 4 
9 3 
1 14 14 14 14 14 14 14 14 14 
8 
6 6 
4 
4 4 4 
11 
2 2 1 1 12 2 2 14 1 2 2 2 
2 
6 
13 13 14 13 3 14 14 14 14 
1 11 1 1 1 17 1 2 2 1 1 
2 2 2 2 2 
1 2 1 8 8 8 1 8 8 8 8 8 8 8 8 1 8 14 
6 9 9 2 9 2 
8 8 8 8 8 8 
1 2 4 2 6 6 2 12 2 11 11 5 5 5 
13 13 13 13 13 13 13 
4 4 
9 9 7 9 6 
2 2 
8 8 8 8 8 8 8 8 8 4 4 4 4 4 4 
8 8 4 4 
13 13 13 7 4 7 4 4 4 7 4 7 4 
8 
12 
6 9 
6 
6 
6 6 
8 8 11 11 8 8 8 8 
1 
9 5 5 5 5 5 5 9 5 5 5 9 5 5 5 5 
8 
9 3 9 
6 
2 2 
9 4 
9 9 3 1 9 4 4 9 
12 12 12 12 12 12 12 
11 
9 7 7 7 
8 8 8 8 8 8 
4 
6 
1 1 
12 
13 14 13 13 13 13 
8 
8 
9 7 7 9 
17 17 
8 
1 1 
8 
10 
12 
8 
14 14 14 14 14 
1 14 1 11 
1 1 14 
1 11 1 
4 1 
1 1 
13 13 13 13 13 
3 
2 2 
2 
2 2 
2 2 
3 
1 15 6 6 
10 
6 7 7 6 7 7 7 3 3 3 
6 
6 
14 3 6 3 
3 3 
3 15 
8 8 
1 1 1 1 1 1 1 1 1 1 
6 4 4 4 
2 
6 
3 12 12 12 14 14 14 14 14 14 14 14 14 14 
3 3 3 
13 13 13 
2 
6 
3 1 1 7 7 1 5 5 5 5 5 5 5 5 5 
9 9 1 13 
4 4 
6 
14 
8 8 8 8 8 
13 13 13 13 
6 
6 
13 13 13 13 7 7 13 13 14 14 14 13 
6 
6 
3 3 3 3 3 3 
8 8 8 8 8 8 8 
6 
1 17 
1 1 14 14 14 14 14 14 14 14 
9 9 9 9 9 9 9 9 9 9 
1 
6 15 
4 13 
6 
6 
8 8 
9 
12 
13 13 13 14 
6 9 6 7 7 7 7 7 7 7 7 7 7 7 14 7 14 14 14 14 14 14 14 14 14 14 14 14 13 
13 13 
1 1 12 1 
9 4 
4 6 6 6 
1 12 
3 
8 
6 
4 
1 2 2 2 2 2 7 4 7 4 4 4 
14 
3 
13 13 13 13 13 13 13 14 13 14 13 13 13 13 14 14 14 
9 7 9 1 1 1 11 11 11 17 11 11 11 11 17 11 11 11 
1 1 12 14 
9 11 
6 
6 
15 
6 
12 12 12 12 12 12 
6 15 7 7 7 6 15 6 15 5 
3 
1 
1 1 1 11 1 1 4 1 11 1 1 4 1 1 
12 8 
12 
12 1 
6 8 8 6 
8 8 1 8 1 8 1 8 8 1 8 8 8 1 8 1 8 8 1 8 
9 
12 11 
1 1 1 
1 7 7 1 15 
6 
13 14 14 14 14 
8 8 8 8 8 8 8 8 
6 
1 11 11 1 11 1 11 11 1 1 4 
6 6 
1 6 1 
1 1 1 1 
6 
2 3 3 
9 
6 
1 1 1 1 
6 
13 
1 14 
4 
9 
6 
8 
6 
6 6 7 7 7 6 7 6 6 
1 1 
3 
1 11 2 2 2 2 14 14 14 14 
6 
2 1 6 1 14 14 14 14 14 14 14 14 14 14 14 14 14 14 14 14 14 14 14 14 14 14 14 14 14 
8 8 14 
6 
3 3 3 3 3 3 
1 1 
1 12 12 2 2 2 12 12 7 7 7 7 12 12 12 7 7 1 6 1 11 
14 14 14 
6 6 2 2 10 7 7 4 7 7 4 
1 
3 
13 13 
3 
13 7 13 1 13 1 
1 1 1 4 3 3 3 1 1 1 1 1 1 1 1 1 1 1 
9 9 9 
4 4 13 
14 14 
11 
1 10 2 2 2 2 2 
13 
12 
1 1 7 7 1 7 1 7 
2 
1 1 14 14 14 14 1 
13 13 13 
3 15 11 2 3 
8 
3 9 9 
6 
3 3 1 1 
10 
1 
1 
8 8 8 8 8 8 8 8 8 8 
1 6 6 6 6 6 6 6 6 
3 
6 
9 9 9 9 9 9 9 
6 
6 7 7 7 6 2 2 
15 
1 
2 2 2 
1 11 12 12 3 3 3 3 3 3 12 12 
15 
2 
6 
13 13 2 
3 11 11 
2 3 
1 2 2 2 1 1 2 1 6 1 
2 
1 6 6 6 
11 
1 1 1 1 2 2 2 1 2 1 
1 11 
1 5 11 
13 13 7 
12 2 
12 12 12 
14 14 14 
2 
13 13 13 7 7 13 14 14 14 14 14 14 13 13 13 
14 
3 
11 15 7 15 11 11 2 2 8 8 8 8 2 
12 
1 6 6 6 10 10 10 
1 10 7 7 1 4 
14 14 
12 
14 14 14 14 14 14 14 
1 7 7 1 
10 1 1 10 
10 10 10 
2 
14 14 14 14 14 14 
1 1 1 1 
2 2 2 3 3 15 17 
2 2 2 
11 
2 2 2 2 1 11 3 3 1 11 2 2 2 2 2 10 10 
1 14 14 14 14 14 1 14 14 14 14 14 
2 
1 12 
5 
1 1 1 1 1 1 1 1 3 1 1 1 1 3 1 1 1 
3 3 2 3 
2 
2 2 2 2 
3 
1 1 
3 
6 6 6 
1 
1 14 14 14 
3 3 
1 3 1 6 6 1 3 3 
1 10 1 10 2 2 2 2 2 2 5 2 
1 7 7 1 4 1 2 2 2 1 2 2 2 2 2 1 
1 14 14 14 14 14 1 
2 15 2 
14 
3 3 
1 10 2 2 2 4 6 6 7 7 7 7 7 7 7 10 10 10 10 7 7 7 7 7 7 7 7 6 10 10 10 10 10 10 10 10 1 
14 14 
8 1 8 1 1 8 1 8 8 8 8 1 8 1 8 8 1 
1 14 14 
1 10 10 10 10 4 10 2 2 2 2 2 2 2 11 11 11 11 11 11 11 11 11 11 11 11 11 11 
6 
1 
6 
1 
15 
3 3 3 3 
2 
10 10 10 
1 1 7 7 7 7 7 7 1 7 1 7 7 1 1 1 
1 
8 8 8 8 8 
1 1 1 1 1 1 1 1 1 1 
6 
1 12 
1 15 
10 
6 6 
1 2 2 10 
3 
14 14 14 14 14 14 14 14 
2 2 2 3 3 17 10 10 5 6 3 3 10 6 6 6 6 3 
1 2 
2 
5 
15 
6 
10 10 10 10 6 
6 
6 6 
2 2 2 2 2 2 2 2 2 2 2 2 
14 14 14 
1 14 1 1 1 1 1 14 14 14 14 14 14 
1 7 7 1 
3 
1 
6 6 3 
1 1 1 1 1 
1 2 
6 7 7 6 7 6 6 6 6 6 6 6 6 
6 6 6 15 
2 2 
2 2 2 2 
11 
2 15 10 15 
2 
6 6 6 6 6 6 1 
12 
14 14 14 
1 
1 14 14 
1 
6 
1 6 6 6 
10 10 10 10 10 2 2 2 2 2 3 2 1 6 12 10 10 10 10 10 6 6 6 6 6 10 10 10 7 10 7 10 10 10 10 10 10 10 10 10 10 
1 5 
12 
1 
8 8 8 12 1 8 8 2 8 8 8 8 8 8 2 1 2 2 
1 3 1 3 3 3 
3 
2 
1 2 
14 14 
2 2 2 2 2 2 
3 
1 12 12 12 
2 2 2 2 2 2 
2 
1 1 1 1 12 1 11 1 1 1 
1 6 
14 2 12 3 
9 2 2 
1 2 3 2 2 
1 
2 
1 
3 3 2 2 2 2 2 3 
3 3 3 3 
8 8 8 8 8 8 8 
1 2 2 7 4 7 4 4 4 4 7 7 4 4 4 4 11 6 6 6 10 5 2 
1 12 
1 6 6 7 7 7 7 7 7 7 7 7 10 10 6 1 1 1 
1 7 4 7 4 7 4 
14 
12 
1 6 6 10 10 
14 14 14 14 14 14 14 14 
2 2 2 2 2 2 2 3 3 
2 1 1 2 1 2 1 2 2 2 2 1 2 1 1 2 1 
1 7 7 1 4 12 2 
12 12 12 
15 
10 
1 
1 7 4 7 4 4 
1 1 1 
12 1 1 
13 13 13 13 13 
3 
2 2 
1 1 1 1 1 1 1 1 1 1 1 1 1 1 1 1 
6 6 6 
6 
8 8 4 7 4 7 
9 12 12 2 6 7 7 7 7 2 12 9 9 9 
12 
8 9 2 8 5 5 
3 
2 
2 6 2 6 6 6 
14 14 
1 12 
1 1 16 16 6 6 6 16 6 6 1 
2 2 
1 6 10 10 10 
10 10 
1 
2 
1 
1 
2 2 
1 3 1 10 1 
7 3 7 7 3 3 
2 3 2 3 2 2 
1 2 14 14 1 6 17 2 7 1 7 4 4 7 
1 1 1 1 
3 
1 
10 10 10 10 10 10 
6 6 7 7 7 7 7 7 6 6 6 6 6 6 7 7 7 7 7 7 7 7 7 7 
1 7 7 1 7 7 1 
3 
11 10 
14 14 
1 14 14 8 1 14 14 14 